/*--------------------------------*- C++ -*----------------------------------*\
| =========                 |                                                 |
| \\      /  F ield         | OpenFOAM: The Open Source CFD Toolbox           |
|  \\    /   O peration     | Version:  dev                                   |
|   \\  /    A nd           | Web:      www.OpenFOAM.org                      |
|    \\/     M anipulation  |                                                 |
\*---------------------------------------------------------------------------*/
FoamFile
{
    version     2.0;
    format      ascii;
    class       volScalarField;
    location    "0.045";
    object      C2H3O;
}
// * * * * * * * * * * * * * * * * * * * * * * * * * * * * * * * * * * * * * //

dimensions      [0 0 0 0 0 0 0];

internalField   nonuniform List<scalar> 
2014
(
5.56615e-10
5.58292e-10
5.59967e-10
5.60827e-10
5.61176e-10
5.61369e-10
5.61333e-10
5.61353e-10
5.61287e-10
5.61287e-10
5.61242e-10
5.61244e-10
5.61215e-10
5.61217e-10
5.61199e-10
5.61203e-10
5.61191e-10
5.61195e-10
5.61188e-10
5.61191e-10
5.61186e-10
5.61188e-10
5.61185e-10
5.61186e-10
5.61186e-10
5.61186e-10
5.61186e-10
5.61185e-10
5.61188e-10
5.61186e-10
5.61191e-10
5.61188e-10
5.61195e-10
5.61191e-10
5.61203e-10
5.61199e-10
5.61217e-10
5.61215e-10
5.61244e-10
5.61242e-10
5.61287e-10
5.61287e-10
5.61353e-10
5.61333e-10
5.61369e-10
5.61176e-10
5.60827e-10
5.59966e-10
5.58292e-10
5.56614e-10
5.49464e-10
5.51114e-10
5.52746e-10
5.53582e-10
5.53921e-10
5.54108e-10
5.5407e-10
5.54088e-10
5.54021e-10
5.5402e-10
5.53975e-10
5.53975e-10
5.53946e-10
5.53947e-10
5.53929e-10
5.53932e-10
5.5392e-10
5.53925e-10
5.53918e-10
5.53921e-10
5.53916e-10
5.53917e-10
5.53915e-10
5.53916e-10
5.53915e-10
5.53915e-10
5.53916e-10
5.53914e-10
5.53917e-10
5.53916e-10
5.5392e-10
5.53917e-10
5.53925e-10
5.5392e-10
5.53932e-10
5.53929e-10
5.53947e-10
5.53946e-10
5.53975e-10
5.53975e-10
5.54019e-10
5.54021e-10
5.54088e-10
5.5407e-10
5.54107e-10
5.53921e-10
5.53581e-10
5.52746e-10
5.51114e-10
5.49464e-10
5.42564e-10
5.44192e-10
5.45779e-10
5.46589e-10
5.46919e-10
5.47099e-10
5.47061e-10
5.47075e-10
5.47009e-10
5.47005e-10
5.4696e-10
5.46959e-10
5.46929e-10
5.4693e-10
5.46912e-10
5.46914e-10
5.46903e-10
5.46907e-10
5.469e-10
5.46902e-10
5.46898e-10
5.46899e-10
5.46896e-10
5.46897e-10
5.46896e-10
5.46896e-10
5.46897e-10
5.46896e-10
5.46899e-10
5.46897e-10
5.46902e-10
5.46899e-10
5.46907e-10
5.46902e-10
5.46914e-10
5.46911e-10
5.4693e-10
5.46929e-10
5.46959e-10
5.4696e-10
5.47005e-10
5.47008e-10
5.47075e-10
5.4706e-10
5.47099e-10
5.46919e-10
5.46589e-10
5.45779e-10
5.44191e-10
5.42564e-10
5.35881e-10
5.3749e-10
5.3903e-10
5.39816e-10
5.40136e-10
5.40309e-10
5.40269e-10
5.4028e-10
5.40214e-10
5.40208e-10
5.40163e-10
5.40161e-10
5.40131e-10
5.40131e-10
5.40112e-10
5.40115e-10
5.40103e-10
5.40107e-10
5.40099e-10
5.40102e-10
5.40097e-10
5.40099e-10
5.40096e-10
5.40097e-10
5.40096e-10
5.40096e-10
5.40097e-10
5.40096e-10
5.40099e-10
5.40097e-10
5.40102e-10
5.40099e-10
5.40106e-10
5.40103e-10
5.40114e-10
5.40112e-10
5.40131e-10
5.40131e-10
5.4016e-10
5.40163e-10
5.40208e-10
5.40213e-10
5.4028e-10
5.40269e-10
5.40309e-10
5.40135e-10
5.39816e-10
5.3903e-10
5.3749e-10
5.35881e-10
5.29387e-10
5.30977e-10
5.32474e-10
5.33234e-10
5.33542e-10
5.33709e-10
5.33667e-10
5.33676e-10
5.33608e-10
5.33601e-10
5.33556e-10
5.33552e-10
5.33522e-10
5.33521e-10
5.33502e-10
5.33504e-10
5.33492e-10
5.33496e-10
5.33488e-10
5.33491e-10
5.33486e-10
5.33488e-10
5.33485e-10
5.33486e-10
5.33485e-10
5.33485e-10
5.33486e-10
5.33485e-10
5.33488e-10
5.33486e-10
5.33491e-10
5.33488e-10
5.33496e-10
5.33492e-10
5.33504e-10
5.33502e-10
5.33521e-10
5.33522e-10
5.33552e-10
5.33555e-10
5.33601e-10
5.33608e-10
5.33675e-10
5.33667e-10
5.33709e-10
5.33542e-10
5.33233e-10
5.32474e-10
5.30977e-10
5.29386e-10
5.23059e-10
5.24632e-10
5.26085e-10
5.26819e-10
5.27115e-10
5.27275e-10
5.27231e-10
5.27237e-10
5.27169e-10
5.2716e-10
5.27114e-10
5.27109e-10
5.27079e-10
5.27077e-10
5.27058e-10
5.27059e-10
5.27048e-10
5.27051e-10
5.27044e-10
5.27046e-10
5.27041e-10
5.27043e-10
5.2704e-10
5.27041e-10
5.2704e-10
5.2704e-10
5.27041e-10
5.2704e-10
5.27042e-10
5.27041e-10
5.27046e-10
5.27043e-10
5.27051e-10
5.27047e-10
5.27059e-10
5.27058e-10
5.27077e-10
5.27078e-10
5.27109e-10
5.27114e-10
5.27159e-10
5.27169e-10
5.27236e-10
5.27231e-10
5.27275e-10
5.27115e-10
5.26818e-10
5.26085e-10
5.24632e-10
5.23059e-10
5.16879e-10
5.18435e-10
5.19843e-10
5.20551e-10
5.20835e-10
5.20989e-10
5.20942e-10
5.20945e-10
5.20876e-10
5.20865e-10
5.20819e-10
5.20813e-10
5.20782e-10
5.20779e-10
5.2076e-10
5.20761e-10
5.20749e-10
5.20752e-10
5.20745e-10
5.20747e-10
5.20743e-10
5.20744e-10
5.20741e-10
5.20742e-10
5.20741e-10
5.20741e-10
5.20742e-10
5.20741e-10
5.20744e-10
5.20742e-10
5.20747e-10
5.20745e-10
5.20752e-10
5.20749e-10
5.20761e-10
5.2076e-10
5.20779e-10
5.20782e-10
5.20813e-10
5.20819e-10
5.20865e-10
5.20876e-10
5.20944e-10
5.20942e-10
5.20988e-10
5.20835e-10
5.20551e-10
5.19843e-10
5.18435e-10
5.16879e-10
5.10831e-10
5.1237e-10
5.13732e-10
5.14415e-10
5.14686e-10
5.14833e-10
5.14784e-10
5.14783e-10
5.14714e-10
5.14701e-10
5.14655e-10
5.14647e-10
5.14616e-10
5.14612e-10
5.14593e-10
5.14593e-10
5.14581e-10
5.14584e-10
5.14577e-10
5.14579e-10
5.14574e-10
5.14575e-10
5.14573e-10
5.14573e-10
5.14573e-10
5.14573e-10
5.14573e-10
5.14573e-10
5.14575e-10
5.14574e-10
5.14579e-10
5.14577e-10
5.14584e-10
5.14581e-10
5.14593e-10
5.14592e-10
5.14612e-10
5.14615e-10
5.14647e-10
5.14655e-10
5.14701e-10
5.14714e-10
5.14783e-10
5.14783e-10
5.14832e-10
5.14686e-10
5.14414e-10
5.13732e-10
5.1237e-10
5.1083e-10
5.04902e-10
5.06423e-10
5.07738e-10
5.08396e-10
5.08655e-10
5.08794e-10
5.08742e-10
5.08739e-10
5.08669e-10
5.08654e-10
5.08607e-10
5.08598e-10
5.08566e-10
5.08562e-10
5.08542e-10
5.08542e-10
5.0853e-10
5.08532e-10
5.08525e-10
5.08527e-10
5.08522e-10
5.08523e-10
5.08521e-10
5.08521e-10
5.08521e-10
5.08521e-10
5.08521e-10
5.08521e-10
5.08523e-10
5.08522e-10
5.08527e-10
5.08525e-10
5.08532e-10
5.0853e-10
5.08542e-10
5.08542e-10
5.08561e-10
5.08565e-10
5.08598e-10
5.08607e-10
5.08654e-10
5.08669e-10
5.08738e-10
5.08742e-10
5.08793e-10
5.08654e-10
5.08396e-10
5.07738e-10
5.06423e-10
5.04901e-10
4.9908e-10
5.00582e-10
5.0185e-10
5.02484e-10
5.02729e-10
5.02861e-10
5.02806e-10
5.028e-10
5.02729e-10
5.02712e-10
5.02665e-10
5.02654e-10
5.02621e-10
5.02616e-10
5.02596e-10
5.02596e-10
5.02584e-10
5.02586e-10
5.02579e-10
5.0258e-10
5.02576e-10
5.02577e-10
5.02574e-10
5.02575e-10
5.02574e-10
5.02574e-10
5.02575e-10
5.02574e-10
5.02577e-10
5.02576e-10
5.0258e-10
5.02578e-10
5.02586e-10
5.02583e-10
5.02596e-10
5.02596e-10
5.02616e-10
5.02621e-10
5.02654e-10
5.02665e-10
5.02712e-10
5.02729e-10
5.02799e-10
5.02806e-10
5.0286e-10
5.02729e-10
5.02483e-10
5.0185e-10
5.00581e-10
4.9908e-10
4.93357e-10
4.94836e-10
4.96059e-10
4.96668e-10
4.969e-10
4.97023e-10
4.96966e-10
4.96956e-10
4.96885e-10
4.96866e-10
4.96818e-10
4.96806e-10
4.96772e-10
4.96766e-10
4.96746e-10
4.96745e-10
4.96733e-10
4.96735e-10
4.96727e-10
4.96729e-10
4.96724e-10
4.96725e-10
4.96723e-10
4.96723e-10
4.96722e-10
4.96722e-10
4.96723e-10
4.96723e-10
4.96725e-10
4.96724e-10
4.96729e-10
4.96727e-10
4.96734e-10
4.96733e-10
4.96745e-10
4.96745e-10
4.96766e-10
4.96771e-10
4.96805e-10
4.96818e-10
4.96866e-10
4.96884e-10
4.96956e-10
4.96966e-10
4.97023e-10
4.96899e-10
4.96667e-10
4.96058e-10
4.94835e-10
4.93356e-10
4.87724e-10
4.89177e-10
4.90354e-10
4.90939e-10
4.91158e-10
4.91273e-10
4.91213e-10
4.912e-10
4.91128e-10
4.91108e-10
4.91059e-10
4.91044e-10
4.91009e-10
4.91003e-10
4.90982e-10
4.90981e-10
4.90969e-10
4.9097e-10
4.90963e-10
4.90965e-10
4.9096e-10
4.90961e-10
4.90958e-10
4.90959e-10
4.90958e-10
4.90958e-10
4.90959e-10
4.90958e-10
4.90961e-10
4.9096e-10
4.90964e-10
4.90963e-10
4.9097e-10
4.90968e-10
4.90981e-10
4.90982e-10
4.91002e-10
4.91009e-10
4.91044e-10
4.91059e-10
4.91107e-10
4.91127e-10
4.912e-10
4.91213e-10
4.91273e-10
4.91157e-10
4.90939e-10
4.90354e-10
4.89176e-10
4.87723e-10
4.82174e-10
4.83597e-10
4.8473e-10
4.85291e-10
4.85496e-10
4.85603e-10
4.8554e-10
4.85524e-10
4.85451e-10
4.85429e-10
4.85379e-10
4.85362e-10
4.85326e-10
4.85319e-10
4.85298e-10
4.85296e-10
4.85284e-10
4.85286e-10
4.85278e-10
4.8528e-10
4.85275e-10
4.85276e-10
4.85273e-10
4.85274e-10
4.85273e-10
4.85273e-10
4.85274e-10
4.85273e-10
4.85276e-10
4.85275e-10
4.85279e-10
4.85278e-10
4.85285e-10
4.85284e-10
4.85296e-10
4.85298e-10
4.85318e-10
4.85326e-10
4.85362e-10
4.85379e-10
4.85428e-10
4.8545e-10
4.85523e-10
4.8554e-10
4.85603e-10
4.85496e-10
4.85291e-10
4.84729e-10
4.83597e-10
4.82173e-10
4.767e-10
4.7809e-10
4.79179e-10
4.79718e-10
4.79908e-10
4.80007e-10
4.79941e-10
4.79921e-10
4.79847e-10
4.79823e-10
4.79773e-10
4.79753e-10
4.79716e-10
4.79708e-10
4.79687e-10
4.79685e-10
4.79672e-10
4.79674e-10
4.79666e-10
4.79668e-10
4.79663e-10
4.79664e-10
4.79661e-10
4.79661e-10
4.79661e-10
4.79661e-10
4.79661e-10
4.79661e-10
4.79664e-10
4.79663e-10
4.79667e-10
4.79666e-10
4.79673e-10
4.79672e-10
4.79685e-10
4.79686e-10
4.79707e-10
4.79716e-10
4.79753e-10
4.79772e-10
4.79823e-10
4.79846e-10
4.79921e-10
4.7994e-10
4.80007e-10
4.79908e-10
4.79717e-10
4.79179e-10
4.78089e-10
4.76699e-10
4.71296e-10
4.7265e-10
4.73696e-10
4.74212e-10
4.74388e-10
4.74479e-10
4.74409e-10
4.74386e-10
4.74311e-10
4.74285e-10
4.74234e-10
4.74211e-10
4.74173e-10
4.74164e-10
4.74143e-10
4.7414e-10
4.74128e-10
4.74129e-10
4.74121e-10
4.74123e-10
4.74118e-10
4.74119e-10
4.74116e-10
4.74117e-10
4.74116e-10
4.74116e-10
4.74116e-10
4.74116e-10
4.74119e-10
4.74118e-10
4.74122e-10
4.74121e-10
4.74129e-10
4.74127e-10
4.7414e-10
4.74142e-10
4.74163e-10
4.74172e-10
4.7421e-10
4.74233e-10
4.74285e-10
4.7431e-10
4.74386e-10
4.74408e-10
4.74478e-10
4.74387e-10
4.74212e-10
4.73695e-10
4.72649e-10
4.71296e-10
4.65958e-10
4.67272e-10
4.68275e-10
4.6877e-10
4.6893e-10
4.69013e-10
4.68939e-10
4.68913e-10
4.68837e-10
4.6881e-10
4.68756e-10
4.6873e-10
4.68692e-10
4.68682e-10
4.6866e-10
4.68658e-10
4.68645e-10
4.68646e-10
4.68638e-10
4.6864e-10
4.68635e-10
4.68636e-10
4.68633e-10
4.68633e-10
4.68633e-10
4.68632e-10
4.68633e-10
4.68633e-10
4.68635e-10
4.68635e-10
4.68639e-10
4.68638e-10
4.68646e-10
4.68645e-10
4.68657e-10
4.6866e-10
4.68681e-10
4.68691e-10
4.6873e-10
4.68756e-10
4.68809e-10
4.68836e-10
4.68913e-10
4.68939e-10
4.69012e-10
4.68929e-10
4.68769e-10
4.68275e-10
4.67272e-10
4.65957e-10
4.60678e-10
4.61952e-10
4.62912e-10
4.63385e-10
4.6353e-10
4.63605e-10
4.63528e-10
4.63498e-10
4.63421e-10
4.63392e-10
4.63336e-10
4.63307e-10
4.63267e-10
4.63256e-10
4.63235e-10
4.63232e-10
4.63219e-10
4.6322e-10
4.63212e-10
4.63213e-10
4.63209e-10
4.63209e-10
4.63207e-10
4.63207e-10
4.63206e-10
4.63206e-10
4.63207e-10
4.63207e-10
4.63209e-10
4.63208e-10
4.63213e-10
4.63212e-10
4.6322e-10
4.63219e-10
4.63232e-10
4.63234e-10
4.63256e-10
4.63266e-10
4.63306e-10
4.63335e-10
4.63391e-10
4.6342e-10
4.63498e-10
4.63527e-10
4.63604e-10
4.63529e-10
4.63385e-10
4.62911e-10
4.61951e-10
4.60677e-10
4.55453e-10
4.56685e-10
4.57601e-10
4.58054e-10
4.58183e-10
4.5825e-10
4.58169e-10
4.58136e-10
4.58057e-10
4.58027e-10
4.57968e-10
4.57935e-10
4.57895e-10
4.57884e-10
4.57862e-10
4.57859e-10
4.57846e-10
4.57846e-10
4.57839e-10
4.5784e-10
4.57835e-10
4.57836e-10
4.57833e-10
4.57833e-10
4.57833e-10
4.57833e-10
4.57833e-10
4.57833e-10
4.57836e-10
4.57835e-10
4.57839e-10
4.57838e-10
4.57846e-10
4.57846e-10
4.57858e-10
4.57861e-10
4.57883e-10
4.57894e-10
4.57935e-10
4.57967e-10
4.58026e-10
4.58057e-10
4.58136e-10
4.58168e-10
4.58249e-10
4.58183e-10
4.58054e-10
4.57601e-10
4.56685e-10
4.55452e-10
4.50278e-10
4.51468e-10
4.5234e-10
4.52772e-10
4.52886e-10
4.52944e-10
4.52859e-10
4.52823e-10
4.52743e-10
4.52711e-10
4.52648e-10
4.52611e-10
4.5257e-10
4.52559e-10
4.52537e-10
4.52533e-10
4.52521e-10
4.52521e-10
4.52513e-10
4.52514e-10
4.52509e-10
4.5251e-10
4.52507e-10
4.52508e-10
4.52507e-10
4.52507e-10
4.52508e-10
4.52507e-10
4.5251e-10
4.52509e-10
4.52514e-10
4.52513e-10
4.52521e-10
4.5252e-10
4.52533e-10
4.52536e-10
4.52558e-10
4.52569e-10
4.52611e-10
4.52646e-10
4.5271e-10
4.52743e-10
4.52823e-10
4.52859e-10
4.52943e-10
4.52885e-10
4.52772e-10
4.52339e-10
4.51467e-10
4.50277e-10
4.45148e-10
4.46295e-10
4.47123e-10
4.47536e-10
4.47633e-10
4.47683e-10
4.47595e-10
4.47555e-10
4.47474e-10
4.4744e-10
4.47371e-10
4.47331e-10
4.47289e-10
4.47277e-10
4.47255e-10
4.47252e-10
4.47239e-10
4.47239e-10
4.47232e-10
4.47233e-10
4.47228e-10
4.47228e-10
4.47226e-10
4.47226e-10
4.47225e-10
4.47225e-10
4.47226e-10
4.47226e-10
4.47228e-10
4.47228e-10
4.47232e-10
4.47231e-10
4.47239e-10
4.47239e-10
4.47251e-10
4.47255e-10
4.47277e-10
4.47289e-10
4.4733e-10
4.47368e-10
4.47439e-10
4.47473e-10
4.47555e-10
4.47594e-10
4.47682e-10
4.47633e-10
4.47535e-10
4.47123e-10
4.46294e-10
4.45147e-10
4.40058e-10
4.41162e-10
4.41951e-10
4.4234e-10
4.42422e-10
4.42462e-10
4.42371e-10
4.42328e-10
4.42246e-10
4.42209e-10
4.42132e-10
4.42089e-10
4.42048e-10
4.42036e-10
4.42014e-10
4.4201e-10
4.41998e-10
4.41998e-10
4.4199e-10
4.41991e-10
4.41986e-10
4.41987e-10
4.41984e-10
4.41984e-10
4.41984e-10
4.41984e-10
4.41984e-10
4.41984e-10
4.41987e-10
4.41986e-10
4.4199e-10
4.4199e-10
4.41997e-10
4.41997e-10
4.4201e-10
4.42014e-10
4.42035e-10
4.42047e-10
4.42089e-10
4.42129e-10
4.42209e-10
4.42245e-10
4.42327e-10
4.4237e-10
4.42462e-10
4.42421e-10
4.42339e-10
4.4195e-10
4.41161e-10
4.40057e-10
4.35005e-10
4.36067e-10
4.36815e-10
4.37181e-10
4.37248e-10
4.37279e-10
4.37184e-10
4.37138e-10
4.37054e-10
4.37016e-10
4.36927e-10
4.36884e-10
4.36843e-10
4.3683e-10
4.36809e-10
4.36805e-10
4.36792e-10
4.36792e-10
4.36784e-10
4.36785e-10
4.3678e-10
4.36781e-10
4.36778e-10
4.36779e-10
4.36778e-10
4.36778e-10
4.36779e-10
4.36778e-10
4.36781e-10
4.3678e-10
4.36785e-10
4.36784e-10
4.36792e-10
4.36792e-10
4.36804e-10
4.36808e-10
4.3683e-10
4.36842e-10
4.36883e-10
4.36924e-10
4.37015e-10
4.37054e-10
4.37137e-10
4.37183e-10
4.37279e-10
4.37247e-10
4.3718e-10
4.36814e-10
4.36066e-10
4.35004e-10
4.29985e-10
4.31007e-10
4.31711e-10
4.32056e-10
4.32107e-10
4.3213e-10
4.3203e-10
4.31981e-10
4.31896e-10
4.31856e-10
4.31751e-10
4.31709e-10
4.31669e-10
4.31657e-10
4.31635e-10
4.31631e-10
4.31619e-10
4.31619e-10
4.31611e-10
4.31612e-10
4.31607e-10
4.31608e-10
4.31605e-10
4.31605e-10
4.31604e-10
4.31604e-10
4.31605e-10
4.31605e-10
4.31607e-10
4.31607e-10
4.31611e-10
4.31611e-10
4.31618e-10
4.31618e-10
4.31631e-10
4.31635e-10
4.31656e-10
4.31669e-10
4.31709e-10
4.31748e-10
4.31856e-10
4.31895e-10
4.3198e-10
4.3203e-10
4.32129e-10
4.32106e-10
4.32055e-10
4.3171e-10
4.31006e-10
4.29984e-10
4.24994e-10
4.25977e-10
4.26636e-10
4.2696e-10
4.26996e-10
4.2701e-10
4.26907e-10
4.26854e-10
4.26768e-10
4.26727e-10
4.26603e-10
4.26564e-10
4.26525e-10
4.26513e-10
4.26491e-10
4.26487e-10
4.26475e-10
4.26475e-10
4.26467e-10
4.26468e-10
4.26463e-10
4.26464e-10
4.26461e-10
4.26461e-10
4.26461e-10
4.26461e-10
4.26461e-10
4.26461e-10
4.26463e-10
4.26463e-10
4.26467e-10
4.26467e-10
4.26474e-10
4.26475e-10
4.26487e-10
4.26491e-10
4.26512e-10
4.26525e-10
4.26563e-10
4.266e-10
4.26726e-10
4.26767e-10
4.26853e-10
4.26906e-10
4.27009e-10
4.26995e-10
4.26959e-10
4.26636e-10
4.25976e-10
4.24993e-10
4.2003e-10
4.20975e-10
4.21587e-10
4.21891e-10
4.21911e-10
4.21916e-10
4.2181e-10
4.21753e-10
4.21666e-10
4.21624e-10
4.21479e-10
4.21446e-10
4.21409e-10
4.21397e-10
4.21376e-10
4.21371e-10
4.21359e-10
4.21359e-10
4.21351e-10
4.21352e-10
4.21347e-10
4.21348e-10
4.21345e-10
4.21345e-10
4.21345e-10
4.21345e-10
4.21345e-10
4.21345e-10
4.21348e-10
4.21347e-10
4.21351e-10
4.21351e-10
4.21358e-10
4.21359e-10
4.21371e-10
4.21375e-10
4.21396e-10
4.21408e-10
4.21445e-10
4.21478e-10
4.21623e-10
4.21665e-10
4.21752e-10
4.21809e-10
4.21915e-10
4.2191e-10
4.2189e-10
4.21587e-10
4.20974e-10
4.20029e-10
4.1509e-10
4.15998e-10
4.16562e-10
4.16846e-10
4.16851e-10
4.16847e-10
4.16737e-10
4.16677e-10
4.16589e-10
4.16547e-10
4.16564e-10
4.16537e-10
4.16502e-10
4.1649e-10
4.16469e-10
4.16465e-10
4.16452e-10
4.16452e-10
4.16445e-10
4.16445e-10
4.16441e-10
4.16441e-10
4.16439e-10
4.16439e-10
4.16438e-10
4.16438e-10
4.16439e-10
4.16438e-10
4.16441e-10
4.1644e-10
4.16445e-10
4.16444e-10
4.16452e-10
4.16452e-10
4.16464e-10
4.16468e-10
4.16489e-10
4.16501e-10
4.16537e-10
4.16563e-10
4.16547e-10
4.16589e-10
4.16676e-10
4.16736e-10
4.16846e-10
4.1685e-10
4.16845e-10
4.16562e-10
4.15996e-10
4.15089e-10
4.10344e-10
4.11221e-10
4.11738e-10
4.12004e-10
4.11994e-10
4.11982e-10
4.11867e-10
4.11804e-10
4.11715e-10
4.11673e-10
4.11677e-10
4.11655e-10
4.11618e-10
4.11606e-10
4.11584e-10
4.11579e-10
4.11566e-10
4.11565e-10
4.11557e-10
4.11558e-10
4.11553e-10
4.11553e-10
4.11551e-10
4.11551e-10
4.1155e-10
4.1155e-10
4.11551e-10
4.1155e-10
4.11553e-10
4.11553e-10
4.11557e-10
4.11557e-10
4.11565e-10
4.11565e-10
4.11579e-10
4.11583e-10
4.11605e-10
4.11618e-10
4.11654e-10
4.11678e-10
4.11672e-10
4.11714e-10
4.11804e-10
4.11866e-10
4.11981e-10
4.11993e-10
4.12004e-10
4.11737e-10
4.1122e-10
4.10343e-10
4.05489e-10
4.06336e-10
4.06796e-10
4.07038e-10
4.07004e-10
4.06979e-10
4.06857e-10
4.06788e-10
4.06695e-10
4.06651e-10
4.06642e-10
4.06625e-10
4.06589e-10
4.06576e-10
4.06554e-10
4.06549e-10
4.06536e-10
4.06535e-10
4.06527e-10
4.06528e-10
4.06523e-10
4.06523e-10
4.0652e-10
4.06521e-10
4.0652e-10
4.0652e-10
4.06521e-10
4.0652e-10
4.06523e-10
4.06522e-10
4.06527e-10
4.06527e-10
4.06535e-10
4.06536e-10
4.06549e-10
4.06554e-10
4.06576e-10
4.06589e-10
4.06624e-10
4.06643e-10
4.0665e-10
4.06694e-10
4.06787e-10
4.06856e-10
4.06978e-10
4.07003e-10
4.07038e-10
4.06795e-10
4.06335e-10
4.05488e-10
4.00607e-10
4.01419e-10
4.01829e-10
4.02052e-10
4.02003e-10
4.01968e-10
4.01842e-10
4.0177e-10
4.01676e-10
4.0163e-10
4.01609e-10
4.01596e-10
4.01563e-10
4.0155e-10
4.01528e-10
4.01523e-10
4.0151e-10
4.01509e-10
4.01501e-10
4.01502e-10
4.01497e-10
4.01497e-10
4.01495e-10
4.01495e-10
4.01494e-10
4.01494e-10
4.01495e-10
4.01494e-10
4.01497e-10
4.01497e-10
4.01502e-10
4.01501e-10
4.01509e-10
4.0151e-10
4.01523e-10
4.01528e-10
4.0155e-10
4.01562e-10
4.01596e-10
4.01611e-10
4.01629e-10
4.01675e-10
4.01769e-10
4.01841e-10
4.01967e-10
4.02002e-10
4.02052e-10
4.01829e-10
4.01418e-10
4.00606e-10
3.95732e-10
3.96506e-10
3.96871e-10
3.97073e-10
3.97008e-10
3.96965e-10
3.96835e-10
3.96759e-10
3.96664e-10
3.96616e-10
3.96586e-10
3.96576e-10
3.96544e-10
3.96531e-10
3.9651e-10
3.96505e-10
3.96492e-10
3.96491e-10
3.96483e-10
3.96484e-10
3.96479e-10
3.96479e-10
3.96477e-10
3.96477e-10
3.96476e-10
3.96476e-10
3.96477e-10
3.96476e-10
3.96479e-10
3.96479e-10
3.96484e-10
3.96483e-10
3.96491e-10
3.96492e-10
3.96505e-10
3.9651e-10
3.96531e-10
3.96543e-10
3.96575e-10
3.96588e-10
3.96616e-10
3.96663e-10
3.96758e-10
3.96834e-10
3.96964e-10
3.97007e-10
3.97073e-10
3.96871e-10
3.96505e-10
3.95731e-10
3.90863e-10
3.91601e-10
3.9192e-10
3.92101e-10
3.92021e-10
3.91969e-10
3.91835e-10
3.91755e-10
3.91659e-10
3.9161e-10
3.91572e-10
3.91563e-10
3.91532e-10
3.9152e-10
3.91499e-10
3.91494e-10
3.91482e-10
3.91481e-10
3.91473e-10
3.91473e-10
3.91468e-10
3.91469e-10
3.91466e-10
3.91466e-10
3.91466e-10
3.91466e-10
3.91466e-10
3.91466e-10
3.91469e-10
3.91468e-10
3.91473e-10
3.91473e-10
3.9148e-10
3.91481e-10
3.91494e-10
3.91499e-10
3.9152e-10
3.91532e-10
3.91563e-10
3.91574e-10
3.9161e-10
3.91659e-10
3.91754e-10
3.91834e-10
3.91968e-10
3.9202e-10
3.92101e-10
3.9192e-10
3.916e-10
3.90862e-10
3.86169e-10
3.86874e-10
3.8715e-10
3.87311e-10
3.87215e-10
3.87155e-10
3.87017e-10
3.86934e-10
3.86837e-10
3.86786e-10
3.86742e-10
3.86732e-10
3.86702e-10
3.86691e-10
3.8667e-10
3.86665e-10
3.86652e-10
3.86651e-10
3.86644e-10
3.86644e-10
3.86639e-10
3.8664e-10
3.86637e-10
3.86637e-10
3.86636e-10
3.86636e-10
3.86637e-10
3.86637e-10
3.8664e-10
3.86639e-10
3.86644e-10
3.86644e-10
3.86651e-10
3.86652e-10
3.86665e-10
3.8667e-10
3.86691e-10
3.86702e-10
3.86732e-10
3.86743e-10
3.86786e-10
3.86836e-10
3.86933e-10
3.87016e-10
3.87154e-10
3.87214e-10
3.87311e-10
3.8715e-10
3.86873e-10
3.86168e-10
3.81482e-10
3.82156e-10
3.82389e-10
3.8253e-10
3.82418e-10
3.8235e-10
3.82207e-10
3.82121e-10
3.8202e-10
3.81964e-10
3.81913e-10
3.819e-10
3.81868e-10
3.81856e-10
3.81834e-10
3.81828e-10
3.81815e-10
3.81814e-10
3.81806e-10
3.81806e-10
3.81801e-10
3.81801e-10
3.81798e-10
3.81799e-10
3.81798e-10
3.81798e-10
3.81798e-10
3.81798e-10
3.81801e-10
3.81801e-10
3.81806e-10
3.81805e-10
3.81814e-10
3.81815e-10
3.81828e-10
3.81834e-10
3.81856e-10
3.81869e-10
3.819e-10
3.81914e-10
3.81964e-10
3.8202e-10
3.82121e-10
3.82207e-10
3.82349e-10
3.82417e-10
3.8253e-10
3.82389e-10
3.82155e-10
3.81481e-10
3.76654e-10
3.77296e-10
3.77484e-10
3.776e-10
3.77465e-10
3.77385e-10
3.77236e-10
3.77144e-10
3.7704e-10
3.76981e-10
3.76925e-10
3.7691e-10
3.76878e-10
3.76865e-10
3.76842e-10
3.76837e-10
3.76823e-10
3.76822e-10
3.76814e-10
3.76814e-10
3.76809e-10
3.76809e-10
3.76806e-10
3.76807e-10
3.76806e-10
3.76806e-10
3.76807e-10
3.76806e-10
3.76809e-10
3.76809e-10
3.76814e-10
3.76814e-10
3.76822e-10
3.76823e-10
3.76837e-10
3.76843e-10
3.76865e-10
3.76878e-10
3.7691e-10
3.76926e-10
3.76981e-10
3.7704e-10
3.77143e-10
3.77235e-10
3.77384e-10
3.77465e-10
3.776e-10
3.77484e-10
3.77296e-10
3.76653e-10
3.71792e-10
3.72397e-10
3.72542e-10
3.72637e-10
3.72486e-10
3.72397e-10
3.72244e-10
3.72149e-10
3.72044e-10
3.71983e-10
3.71924e-10
3.71906e-10
3.71874e-10
3.71861e-10
3.71839e-10
3.71834e-10
3.7182e-10
3.71819e-10
3.71811e-10
3.71811e-10
3.71806e-10
3.71806e-10
3.71803e-10
3.71804e-10
3.71803e-10
3.71803e-10
3.71803e-10
3.71803e-10
3.71806e-10
3.71806e-10
3.71811e-10
3.71811e-10
3.71819e-10
3.7182e-10
3.71834e-10
3.7184e-10
3.71862e-10
3.71875e-10
3.71906e-10
3.71925e-10
3.71983e-10
3.72043e-10
3.72148e-10
3.72244e-10
3.72396e-10
3.72485e-10
3.72637e-10
3.72543e-10
3.72397e-10
3.71792e-10
3.67088e-10
3.67661e-10
3.67765e-10
3.67839e-10
3.6767e-10
3.67573e-10
3.67417e-10
3.67318e-10
3.67211e-10
3.67149e-10
3.67088e-10
3.67067e-10
3.67035e-10
3.67022e-10
3.67e-10
3.66994e-10
3.66981e-10
3.66979e-10
3.66972e-10
3.66972e-10
3.66967e-10
3.66967e-10
3.66964e-10
3.66964e-10
3.66963e-10
3.66963e-10
3.66964e-10
3.66964e-10
3.66967e-10
3.66967e-10
3.66972e-10
3.66972e-10
3.6698e-10
3.66982e-10
3.66995e-10
3.67001e-10
3.67023e-10
3.67036e-10
3.67068e-10
3.67089e-10
3.67149e-10
3.67211e-10
3.67318e-10
3.67416e-10
3.67573e-10
3.6767e-10
3.67839e-10
3.67766e-10
3.67661e-10
3.67088e-10
3.62371e-10
3.62923e-10
3.62985e-10
3.63027e-10
3.6282e-10
3.62706e-10
3.62536e-10
3.62428e-10
3.62315e-10
3.62249e-10
3.62184e-10
3.6216e-10
3.62126e-10
3.62112e-10
3.62089e-10
3.62083e-10
3.62069e-10
3.62067e-10
3.6206e-10
3.6206e-10
3.62054e-10
3.62055e-10
3.62052e-10
3.62052e-10
3.62051e-10
3.62051e-10
3.62052e-10
3.62051e-10
3.62055e-10
3.62055e-10
3.6206e-10
3.6206e-10
3.62068e-10
3.6207e-10
3.62084e-10
3.62091e-10
3.62113e-10
3.62128e-10
3.62161e-10
3.62185e-10
3.62249e-10
3.62316e-10
3.62428e-10
3.62536e-10
3.62707e-10
3.6282e-10
3.63028e-10
3.62986e-10
3.62924e-10
3.62371e-10
3.57657e-10
3.58179e-10
3.582e-10
3.58222e-10
3.57994e-10
3.57873e-10
3.57698e-10
3.57586e-10
3.57472e-10
3.57404e-10
3.57338e-10
3.57311e-10
3.57276e-10
3.57262e-10
3.57239e-10
3.57233e-10
3.57219e-10
3.57217e-10
3.57209e-10
3.57209e-10
3.57204e-10
3.57204e-10
3.57201e-10
3.57202e-10
3.57201e-10
3.57201e-10
3.57201e-10
3.57201e-10
3.57205e-10
3.57204e-10
3.5721e-10
3.5721e-10
3.57218e-10
3.5722e-10
3.57234e-10
3.57241e-10
3.57264e-10
3.57278e-10
3.57312e-10
3.57338e-10
3.57405e-10
3.57473e-10
3.57587e-10
3.57699e-10
3.57874e-10
3.57995e-10
3.58223e-10
3.58202e-10
3.5818e-10
3.57658e-10
3.52934e-10
3.53424e-10
3.53406e-10
3.53407e-10
3.5316e-10
3.53031e-10
3.52852e-10
3.52736e-10
3.52621e-10
3.52551e-10
3.52483e-10
3.52454e-10
3.52419e-10
3.52404e-10
3.52381e-10
3.52375e-10
3.52361e-10
3.52359e-10
3.52351e-10
3.52351e-10
3.52346e-10
3.52346e-10
3.52343e-10
3.52343e-10
3.52342e-10
3.52342e-10
3.52343e-10
3.52343e-10
3.52347e-10
3.52346e-10
3.52351e-10
3.52351e-10
3.5236e-10
3.52362e-10
3.52376e-10
3.52383e-10
3.52406e-10
3.5242e-10
3.52455e-10
3.52484e-10
3.52552e-10
3.52621e-10
3.52737e-10
3.52852e-10
3.53032e-10
3.5316e-10
3.53408e-10
3.53409e-10
3.53426e-10
3.52935e-10
3.47481e-10
3.47481e-10
3.47476e-10
3.47476e-10
3.47473e-10
3.47473e-10
3.47473e-10
3.47472e-10
3.47473e-10
3.47473e-10
3.47477e-10
3.47476e-10
3.47481e-10
3.47482e-10
3.4749e-10
3.47492e-10
3.47506e-10
3.47513e-10
3.47536e-10
3.47551e-10
3.47587e-10
3.47618e-10
3.47687e-10
3.47758e-10
3.47875e-10
3.47994e-10
3.48177e-10
3.48314e-10
3.4858e-10
3.48603e-10
3.48658e-10
3.48198e-10
3.42592e-10
3.42592e-10
3.42597e-10
3.42597e-10
3.42606e-10
3.42608e-10
3.42622e-10
3.42629e-10
3.42652e-10
3.42668e-10
3.42704e-10
3.42738e-10
3.42807e-10
3.4288e-10
3.42998e-10
3.4312e-10
3.43308e-10
3.43452e-10
3.43737e-10
3.43782e-10
3.43874e-10
3.43446e-10
3.37911e-10
3.37985e-10
3.38104e-10
3.3823e-10
3.38422e-10
3.38574e-10
3.38876e-10
3.38945e-10
3.39073e-10
3.38675e-10
)
;

boundaryField
{
    fuel
    {
        type            fixedValue;
        value           nonuniform 0();
    }
    wall
    {
        type            zeroGradient;
    }
    outlet
    {
        type            zeroGradient;
    }
    frontAndBack
    {
        type            empty;
    }
    procBoundary0to1
    {
        type            processor;
        value           nonuniform List<scalar> 
50
(
5.64058e-10
5.65768e-10
5.67483e-10
5.68369e-10
5.68727e-10
5.68927e-10
5.68891e-10
5.68915e-10
5.68848e-10
5.6885e-10
5.68805e-10
5.68808e-10
5.68779e-10
5.68782e-10
5.68764e-10
5.68768e-10
5.68756e-10
5.68761e-10
5.68754e-10
5.68757e-10
5.68752e-10
5.68754e-10
5.68751e-10
5.68752e-10
5.68752e-10
5.68752e-10
5.68752e-10
5.68751e-10
5.68754e-10
5.68752e-10
5.68757e-10
5.68754e-10
5.68761e-10
5.68756e-10
5.68768e-10
5.68764e-10
5.68782e-10
5.68779e-10
5.68808e-10
5.68805e-10
5.6885e-10
5.68848e-10
5.68914e-10
5.68891e-10
5.68926e-10
5.68727e-10
5.68369e-10
5.67483e-10
5.65768e-10
5.64058e-10
)
;
    }
    procBoundary0to2
    {
        type            processor;
        value           nonuniform List<scalar> 
53
(
3.48198e-10
3.48657e-10
3.48601e-10
3.4858e-10
3.48314e-10
3.48178e-10
3.47994e-10
3.47875e-10
3.47758e-10
3.47687e-10
3.47618e-10
3.47587e-10
3.47551e-10
3.47536e-10
3.47513e-10
3.47506e-10
3.47492e-10
3.4749e-10
3.4749e-10
3.42598e-10
3.42598e-10
3.42593e-10
3.42593e-10
3.4259e-10
3.4259e-10
3.4259e-10
3.42589e-10
3.4259e-10
3.4259e-10
3.4259e-10
3.37693e-10
3.37693e-10
3.37698e-10
3.37698e-10
3.37707e-10
3.37709e-10
3.37723e-10
3.3773e-10
3.37753e-10
3.37769e-10
3.37807e-10
3.37842e-10
3.37842e-10
3.32997e-10
3.33073e-10
3.33193e-10
3.33322e-10
3.33518e-10
3.33678e-10
3.33996e-10
3.34089e-10
3.34253e-10
3.33886e-10
)
;
    }
}


// ************************************************************************* //
