/*--------------------------------*- C++ -*----------------------------------*\
| =========                 |                                                 |
| \\      /  F ield         | OpenFOAM: The Open Source CFD Toolbox           |
|  \\    /   O peration     | Version:  dev                                   |
|   \\  /    A nd           | Web:      www.OpenFOAM.org                      |
|    \\/     M anipulation  |                                                 |
\*---------------------------------------------------------------------------*/
FoamFile
{
    version     2.0;
    format      ascii;
    class       volScalarField;
    location    "0.065";
    object      A2C2H22;
}
// * * * * * * * * * * * * * * * * * * * * * * * * * * * * * * * * * * * * * //

dimensions      [0 0 0 0 0 0 0];

internalField   nonuniform List<scalar> 
2000
(
3.37377e-14
3.37968e-14
3.38839e-14
3.39114e-14
3.39139e-14
3.39188e-14
3.39154e-14
3.39181e-14
3.39153e-14
3.39173e-14
3.39155e-14
3.39169e-14
3.39157e-14
3.39166e-14
3.39159e-14
3.39165e-14
3.39159e-14
3.39165e-14
3.39161e-14
3.39164e-14
3.39162e-14
3.39164e-14
3.39162e-14
3.39163e-14
3.39163e-14
3.39163e-14
3.39163e-14
3.39162e-14
3.39164e-14
3.39162e-14
3.39164e-14
3.39161e-14
3.39165e-14
3.3916e-14
3.39165e-14
3.39159e-14
3.39166e-14
3.39158e-14
3.39169e-14
3.39155e-14
3.39173e-14
3.39153e-14
3.39181e-14
3.39154e-14
3.39188e-14
3.39139e-14
3.39114e-14
3.38839e-14
3.37968e-14
3.37379e-14
1.68024e-13
1.68263e-13
1.68646e-13
1.6876e-13
1.68767e-13
1.68788e-13
1.68771e-13
1.68784e-13
1.68771e-13
1.6878e-13
1.68772e-13
1.68778e-13
1.68773e-13
1.68777e-13
1.68774e-13
1.68777e-13
1.68774e-13
1.68776e-13
1.68775e-13
1.68776e-13
1.68775e-13
1.68776e-13
1.68775e-13
1.68776e-13
1.68776e-13
1.68776e-13
1.68776e-13
1.68775e-13
1.68776e-13
1.68775e-13
1.68776e-13
1.68775e-13
1.68776e-13
1.68774e-13
1.68777e-13
1.68774e-13
1.68777e-13
1.68773e-13
1.68778e-13
1.68772e-13
1.6878e-13
1.68771e-13
1.68784e-13
1.68771e-13
1.68788e-13
1.68767e-13
1.6876e-13
1.68646e-13
1.68264e-13
1.68024e-13
4.83648e-13
4.84243e-13
4.85189e-13
4.85453e-13
4.85437e-13
4.85495e-13
4.8544e-13
4.85479e-13
4.85439e-13
4.85469e-13
4.85443e-13
4.85464e-13
4.85447e-13
4.8546e-13
4.85449e-13
4.85459e-13
4.8545e-13
4.85458e-13
4.85453e-13
4.85457e-13
4.85454e-13
4.85456e-13
4.85454e-13
4.85456e-13
4.85455e-13
4.85455e-13
4.85456e-13
4.85454e-13
4.85456e-13
4.85454e-13
4.85457e-13
4.85453e-13
4.85458e-13
4.85451e-13
4.85459e-13
4.85449e-13
4.8546e-13
4.85447e-13
4.85463e-13
4.85443e-13
4.85469e-13
4.85439e-13
4.85479e-13
4.8544e-13
4.85495e-13
4.85437e-13
4.85453e-13
4.85189e-13
4.84243e-13
4.83648e-13
8.89872e-13
8.90651e-13
8.9201e-13
8.923e-13
8.92194e-13
8.92282e-13
8.92168e-13
8.92242e-13
8.92164e-13
8.92222e-13
8.92173e-13
8.92213e-13
8.92181e-13
8.92207e-13
8.92187e-13
8.92205e-13
8.92189e-13
8.92203e-13
8.92194e-13
8.92201e-13
8.92196e-13
8.922e-13
8.92197e-13
8.92199e-13
8.92198e-13
8.92198e-13
8.92199e-13
8.92197e-13
8.922e-13
8.92196e-13
8.92201e-13
8.92194e-13
8.92203e-13
8.92189e-13
8.92205e-13
8.92187e-13
8.92207e-13
8.92181e-13
8.92213e-13
8.92173e-13
8.92222e-13
8.92164e-13
8.92242e-13
8.92168e-13
8.92281e-13
8.92194e-13
8.923e-13
8.9201e-13
8.90651e-13
8.89871e-13
1.16501e-12
1.16551e-12
1.16681e-12
1.1669e-12
1.16668e-12
1.16675e-12
1.16659e-12
1.16668e-12
1.16658e-12
1.16666e-12
1.1666e-12
1.16665e-12
1.16661e-12
1.16664e-12
1.16661e-12
1.16664e-12
1.16662e-12
1.16664e-12
1.16662e-12
1.16663e-12
1.16663e-12
1.16663e-12
1.16663e-12
1.16663e-12
1.16663e-12
1.16663e-12
1.16663e-12
1.16663e-12
1.16663e-12
1.16663e-12
1.16663e-12
1.16662e-12
1.16664e-12
1.16662e-12
1.16664e-12
1.16661e-12
1.16664e-12
1.16661e-12
1.16665e-12
1.1666e-12
1.16666e-12
1.16658e-12
1.16668e-12
1.16659e-12
1.16675e-12
1.16668e-12
1.1669e-12
1.16681e-12
1.16551e-12
1.16501e-12
1.26484e-12
1.26499e-12
1.26615e-12
1.26605e-12
1.26574e-12
1.26578e-12
1.2656e-12
1.26569e-12
1.26559e-12
1.26566e-12
1.2656e-12
1.26565e-12
1.26561e-12
1.26565e-12
1.26562e-12
1.26565e-12
1.26563e-12
1.26564e-12
1.26563e-12
1.26564e-12
1.26563e-12
1.26564e-12
1.26564e-12
1.26564e-12
1.26564e-12
1.26564e-12
1.26564e-12
1.26564e-12
1.26564e-12
1.26563e-12
1.26564e-12
1.26563e-12
1.26564e-12
1.26563e-12
1.26565e-12
1.26562e-12
1.26565e-12
1.26561e-12
1.26565e-12
1.2656e-12
1.26566e-12
1.26559e-12
1.26569e-12
1.2656e-12
1.26578e-12
1.26574e-12
1.26604e-12
1.26615e-12
1.26499e-12
1.26484e-12
1.25139e-12
1.25136e-12
1.25251e-12
1.25232e-12
1.25198e-12
1.252e-12
1.25182e-12
1.25191e-12
1.2518e-12
1.25187e-12
1.25181e-12
1.25186e-12
1.25182e-12
1.25186e-12
1.25183e-12
1.25186e-12
1.25184e-12
1.25185e-12
1.25184e-12
1.25185e-12
1.25184e-12
1.25185e-12
1.25185e-12
1.25185e-12
1.25185e-12
1.25185e-12
1.25185e-12
1.25185e-12
1.25185e-12
1.25184e-12
1.25185e-12
1.25184e-12
1.25185e-12
1.25184e-12
1.25186e-12
1.25183e-12
1.25186e-12
1.25182e-12
1.25186e-12
1.25181e-12
1.25187e-12
1.2518e-12
1.25191e-12
1.25182e-12
1.252e-12
1.25198e-12
1.25232e-12
1.25251e-12
1.25136e-12
1.25139e-12
1.18441e-12
1.18438e-12
1.18567e-12
1.1855e-12
1.18516e-12
1.18518e-12
1.18499e-12
1.18508e-12
1.18497e-12
1.18505e-12
1.18498e-12
1.18504e-12
1.18499e-12
1.18503e-12
1.185e-12
1.18503e-12
1.18501e-12
1.18502e-12
1.18501e-12
1.18502e-12
1.18501e-12
1.18502e-12
1.18502e-12
1.18502e-12
1.18502e-12
1.18502e-12
1.18502e-12
1.18502e-12
1.18502e-12
1.18501e-12
1.18502e-12
1.18501e-12
1.18502e-12
1.18501e-12
1.18503e-12
1.185e-12
1.18503e-12
1.18499e-12
1.18504e-12
1.18498e-12
1.18505e-12
1.18497e-12
1.18508e-12
1.18499e-12
1.18518e-12
1.18516e-12
1.1855e-12
1.18567e-12
1.18438e-12
1.18441e-12
1.09806e-12
1.09817e-12
1.09967e-12
1.09958e-12
1.09927e-12
1.09931e-12
1.09911e-12
1.0992e-12
1.09908e-12
1.09917e-12
1.09909e-12
1.09915e-12
1.09911e-12
1.09915e-12
1.09912e-12
1.09914e-12
1.09912e-12
1.09914e-12
1.09913e-12
1.09914e-12
1.09913e-12
1.09914e-12
1.09913e-12
1.09914e-12
1.09913e-12
1.09913e-12
1.09914e-12
1.09913e-12
1.09914e-12
1.09913e-12
1.09914e-12
1.09913e-12
1.09914e-12
1.09912e-12
1.09914e-12
1.09912e-12
1.09915e-12
1.09911e-12
1.09915e-12
1.09909e-12
1.09917e-12
1.09908e-12
1.0992e-12
1.09911e-12
1.09931e-12
1.09927e-12
1.09958e-12
1.09967e-12
1.09817e-12
1.09806e-12
1.00905e-12
1.00937e-12
1.01112e-12
1.01116e-12
1.01088e-12
1.01094e-12
1.01074e-12
1.01084e-12
1.01071e-12
1.0108e-12
1.01072e-12
1.01078e-12
1.01073e-12
1.01077e-12
1.01074e-12
1.01077e-12
1.01075e-12
1.01077e-12
1.01075e-12
1.01077e-12
1.01076e-12
1.01076e-12
1.01076e-12
1.01076e-12
1.01076e-12
1.01076e-12
1.01076e-12
1.01076e-12
1.01076e-12
1.01076e-12
1.01077e-12
1.01075e-12
1.01077e-12
1.01075e-12
1.01077e-12
1.01074e-12
1.01077e-12
1.01073e-12
1.01078e-12
1.01072e-12
1.0108e-12
1.01071e-12
1.01084e-12
1.01074e-12
1.01094e-12
1.01089e-12
1.01116e-12
1.01112e-12
1.00937e-12
1.00905e-12
9.24242e-13
9.24803e-13
9.268e-13
9.26993e-13
9.26758e-13
9.26841e-13
9.26627e-13
9.26736e-13
9.26599e-13
9.26693e-13
9.26609e-13
9.26676e-13
9.26623e-13
9.26666e-13
9.26632e-13
9.26662e-13
9.26637e-13
9.26658e-13
9.26642e-13
9.26655e-13
9.26646e-13
9.26654e-13
9.26648e-13
9.26652e-13
9.2665e-13
9.2665e-13
9.26652e-13
9.26648e-13
9.26654e-13
9.26646e-13
9.26655e-13
9.26642e-13
9.26659e-13
9.26637e-13
9.26662e-13
9.26632e-13
9.26666e-13
9.26623e-13
9.26675e-13
9.2661e-13
9.26693e-13
9.26599e-13
9.26736e-13
9.26627e-13
9.2684e-13
9.26758e-13
9.26992e-13
9.26801e-13
9.24803e-13
9.24243e-13
8.42776e-13
8.43558e-13
8.45716e-13
8.46037e-13
8.45849e-13
8.45949e-13
8.45736e-13
8.45847e-13
8.45707e-13
8.45801e-13
8.45716e-13
8.45783e-13
8.45729e-13
8.45773e-13
8.45738e-13
8.45768e-13
8.45742e-13
8.45764e-13
8.45748e-13
8.45761e-13
8.45751e-13
8.45759e-13
8.45753e-13
8.45757e-13
8.45755e-13
8.45755e-13
8.45757e-13
8.45753e-13
8.45759e-13
8.45751e-13
8.45761e-13
8.45748e-13
8.45764e-13
8.45742e-13
8.45768e-13
8.45737e-13
8.45773e-13
8.45729e-13
8.45783e-13
8.45717e-13
8.45801e-13
8.45707e-13
8.45847e-13
8.45736e-13
8.45948e-13
8.45849e-13
8.46037e-13
8.45716e-13
8.43558e-13
8.42776e-13
7.71398e-13
7.72428e-13
7.74782e-13
7.75241e-13
7.75094e-13
7.75217e-13
7.75002e-13
7.75118e-13
7.74972e-13
7.7507e-13
7.74981e-13
7.7505e-13
7.74993e-13
7.75038e-13
7.75001e-13
7.75033e-13
7.75006e-13
7.75029e-13
7.75012e-13
7.75026e-13
7.75015e-13
7.75023e-13
7.75017e-13
7.75021e-13
7.75019e-13
7.75019e-13
7.75021e-13
7.75017e-13
7.75023e-13
7.75015e-13
7.75026e-13
7.75012e-13
7.75029e-13
7.75006e-13
7.75033e-13
7.75001e-13
7.75038e-13
7.74993e-13
7.75049e-13
7.74981e-13
7.7507e-13
7.74972e-13
7.75118e-13
7.75002e-13
7.75217e-13
7.75095e-13
7.7524e-13
7.74782e-13
7.72428e-13
7.71398e-13
7.06316e-13
7.07283e-13
7.09546e-13
7.10055e-13
7.0999e-13
7.10108e-13
7.09922e-13
7.10021e-13
7.09891e-13
7.09975e-13
7.09896e-13
7.09955e-13
7.09905e-13
7.09944e-13
7.09911e-13
7.09938e-13
7.09915e-13
7.09935e-13
7.0992e-13
7.09932e-13
7.09923e-13
7.0993e-13
7.09924e-13
7.09928e-13
7.09926e-13
7.09926e-13
7.09928e-13
7.09924e-13
7.0993e-13
7.09923e-13
7.09932e-13
7.0992e-13
7.09935e-13
7.09915e-13
7.09939e-13
7.09911e-13
7.09944e-13
7.09905e-13
7.09955e-13
7.09896e-13
7.09975e-13
7.09891e-13
7.10021e-13
7.09922e-13
7.10107e-13
7.0999e-13
7.10055e-13
7.09547e-13
7.07282e-13
7.06316e-13
6.45364e-13
6.46496e-13
6.4881e-13
6.49405e-13
6.49381e-13
6.49509e-13
6.4933e-13
6.49427e-13
6.49298e-13
6.4938e-13
6.49302e-13
6.4936e-13
6.4931e-13
6.49348e-13
6.49316e-13
6.49342e-13
6.49319e-13
6.49339e-13
6.49324e-13
6.49336e-13
6.49327e-13
6.49333e-13
6.49328e-13
6.49332e-13
6.4933e-13
6.4933e-13
6.49332e-13
6.49328e-13
6.49334e-13
6.49327e-13
6.49336e-13
6.49324e-13
6.49339e-13
6.49319e-13
6.49342e-13
6.49316e-13
6.49348e-13
6.4931e-13
6.49359e-13
6.49302e-13
6.4938e-13
6.49298e-13
6.49427e-13
6.4933e-13
6.49509e-13
6.49381e-13
6.49405e-13
6.4881e-13
6.46496e-13
6.45364e-13
5.92109e-13
5.93411e-13
5.95794e-13
5.96473e-13
5.96485e-13
5.96627e-13
5.96451e-13
5.96549e-13
5.96419e-13
5.965e-13
5.96421e-13
5.96479e-13
5.96429e-13
5.96466e-13
5.96434e-13
5.9646e-13
5.96437e-13
5.96457e-13
5.96442e-13
5.96454e-13
5.96444e-13
5.96451e-13
5.96446e-13
5.96449e-13
5.96448e-13
5.96448e-13
5.96449e-13
5.96446e-13
5.96451e-13
5.96445e-13
5.96454e-13
5.96442e-13
5.96457e-13
5.96437e-13
5.96461e-13
5.96434e-13
5.96466e-13
5.96429e-13
5.96478e-13
5.96422e-13
5.965e-13
5.96419e-13
5.96549e-13
5.96451e-13
5.96626e-13
5.96485e-13
5.96473e-13
5.95794e-13
5.93411e-13
5.92109e-13
5.4201e-13
5.43542e-13
5.46054e-13
5.46865e-13
5.46931e-13
5.47095e-13
5.46922e-13
5.47021e-13
5.46889e-13
5.4697e-13
5.46889e-13
5.46947e-13
5.46895e-13
5.46933e-13
5.469e-13
5.46926e-13
5.46902e-13
5.46922e-13
5.46907e-13
5.46919e-13
5.4691e-13
5.46917e-13
5.46911e-13
5.46914e-13
5.46913e-13
5.46913e-13
5.46914e-13
5.46911e-13
5.46917e-13
5.4691e-13
5.46919e-13
5.46907e-13
5.46922e-13
5.46902e-13
5.46926e-13
5.469e-13
5.46933e-13
5.46895e-13
5.46946e-13
5.4689e-13
5.4697e-13
5.46889e-13
5.47021e-13
5.46922e-13
5.47094e-13
5.46931e-13
5.46865e-13
5.46054e-13
5.43542e-13
5.4201e-13
4.97929e-13
4.99595e-13
5.02116e-13
5.02982e-13
5.03078e-13
5.0325e-13
5.03082e-13
5.0318e-13
5.0305e-13
5.03128e-13
5.03049e-13
5.03104e-13
5.03053e-13
5.0309e-13
5.03057e-13
5.03083e-13
5.03059e-13
5.0308e-13
5.03064e-13
5.03076e-13
5.03067e-13
5.03074e-13
5.03068e-13
5.03071e-13
5.0307e-13
5.0307e-13
5.03071e-13
5.03068e-13
5.03074e-13
5.03067e-13
5.03076e-13
5.03064e-13
5.0308e-13
5.03059e-13
5.03084e-13
5.03057e-13
5.0309e-13
5.03054e-13
5.03104e-13
5.03049e-13
5.03128e-13
5.03049e-13
5.0318e-13
5.03083e-13
5.03249e-13
5.03078e-13
5.02981e-13
5.02116e-13
4.99595e-13
4.97929e-13
4.56233e-13
4.58111e-13
4.60736e-13
4.617e-13
4.61816e-13
4.62007e-13
4.61833e-13
4.61937e-13
4.618e-13
4.61883e-13
4.61799e-13
4.61858e-13
4.61804e-13
4.61843e-13
4.61808e-13
4.61835e-13
4.6181e-13
4.61831e-13
4.61815e-13
4.61828e-13
4.61818e-13
4.61825e-13
4.61819e-13
4.61823e-13
4.61821e-13
4.61821e-13
4.61823e-13
4.61819e-13
4.61825e-13
4.61818e-13
4.61828e-13
4.61815e-13
4.61831e-13
4.6181e-13
4.61836e-13
4.61808e-13
4.61843e-13
4.61804e-13
4.61857e-13
4.618e-13
4.61883e-13
4.618e-13
4.61937e-13
4.61833e-13
4.62006e-13
4.61816e-13
4.617e-13
4.60736e-13
4.58111e-13
4.56234e-13
4.1811e-13
4.20077e-13
4.22628e-13
4.23607e-13
4.23744e-13
4.23934e-13
4.23769e-13
4.23869e-13
4.23737e-13
4.23815e-13
4.23735e-13
4.2379e-13
4.23738e-13
4.23775e-13
4.23742e-13
4.23768e-13
4.23743e-13
4.23764e-13
4.23749e-13
4.23761e-13
4.23751e-13
4.23758e-13
4.23752e-13
4.23756e-13
4.23754e-13
4.23754e-13
4.23756e-13
4.23752e-13
4.23758e-13
4.23751e-13
4.23761e-13
4.23748e-13
4.23764e-13
4.23744e-13
4.23768e-13
4.23742e-13
4.23775e-13
4.23739e-13
4.2379e-13
4.23735e-13
4.23815e-13
4.23737e-13
4.23868e-13
4.2377e-13
4.23934e-13
4.23744e-13
4.23607e-13
4.22628e-13
4.20077e-13
4.1811e-13
3.8458e-13
3.8665e-13
3.89147e-13
3.90143e-13
3.90297e-13
3.9049e-13
3.90331e-13
3.90427e-13
3.90298e-13
3.90373e-13
3.90295e-13
3.90349e-13
3.90298e-13
3.90334e-13
3.90301e-13
3.90326e-13
3.90303e-13
3.90323e-13
3.90308e-13
3.90319e-13
3.9031e-13
3.90316e-13
3.90311e-13
3.90314e-13
3.90313e-13
3.90313e-13
3.90314e-13
3.90311e-13
3.90317e-13
3.9031e-13
3.90319e-13
3.90307e-13
3.90323e-13
3.90303e-13
3.90327e-13
3.90301e-13
3.90334e-13
3.90298e-13
3.90348e-13
3.90296e-13
3.90373e-13
3.90298e-13
3.90427e-13
3.90331e-13
3.90489e-13
3.90297e-13
3.90143e-13
3.89147e-13
3.86649e-13
3.8458e-13
3.53996e-13
3.56163e-13
3.58596e-13
3.596e-13
3.59767e-13
3.5996e-13
3.59807e-13
3.599e-13
3.59775e-13
3.59847e-13
3.59771e-13
3.59822e-13
3.59773e-13
3.59807e-13
3.59776e-13
3.598e-13
3.59777e-13
3.59796e-13
3.59782e-13
3.59793e-13
3.59784e-13
3.5979e-13
3.59785e-13
3.59788e-13
3.59787e-13
3.59787e-13
3.59788e-13
3.59785e-13
3.5979e-13
3.59784e-13
3.59793e-13
3.59782e-13
3.59796e-13
3.59777e-13
3.598e-13
3.59776e-13
3.59807e-13
3.59774e-13
3.59822e-13
3.59771e-13
3.59847e-13
3.59775e-13
3.599e-13
3.59807e-13
3.5996e-13
3.59767e-13
3.596e-13
3.58596e-13
3.56163e-13
3.53996e-13
3.26109e-13
3.27551e-13
3.29807e-13
3.30782e-13
3.30979e-13
3.31168e-13
3.31032e-13
3.31115e-13
3.30998e-13
3.31061e-13
3.3099e-13
3.31035e-13
3.30989e-13
3.31019e-13
3.3099e-13
3.31012e-13
3.30991e-13
3.31008e-13
3.30994e-13
3.31005e-13
3.30996e-13
3.31002e-13
3.30997e-13
3.31e-13
3.30998e-13
3.30998e-13
3.31e-13
3.30997e-13
3.31002e-13
3.30996e-13
3.31004e-13
3.30994e-13
3.31008e-13
3.30991e-13
3.31012e-13
3.3099e-13
3.31019e-13
3.3099e-13
3.31034e-13
3.30991e-13
3.31061e-13
3.30998e-13
3.31114e-13
3.31032e-13
3.31167e-13
3.30979e-13
3.30782e-13
3.29807e-13
3.27551e-13
3.26109e-13
3.00698e-13
3.02175e-13
3.04345e-13
3.05308e-13
3.05512e-13
3.05699e-13
3.0557e-13
3.05649e-13
3.05537e-13
3.05596e-13
3.05528e-13
3.0557e-13
3.05526e-13
3.05555e-13
3.05526e-13
3.05547e-13
3.05527e-13
3.05543e-13
3.0553e-13
3.0554e-13
3.05532e-13
3.05537e-13
3.05532e-13
3.05535e-13
3.05534e-13
3.05534e-13
3.05535e-13
3.05532e-13
3.05537e-13
3.05532e-13
3.0554e-13
3.0553e-13
3.05543e-13
3.05527e-13
3.05547e-13
3.05526e-13
3.05555e-13
3.05526e-13
3.0557e-13
3.05528e-13
3.05596e-13
3.05537e-13
3.05649e-13
3.0557e-13
3.05699e-13
3.05512e-13
3.05308e-13
3.04345e-13
3.02175e-13
3.00698e-13
2.76662e-13
2.78175e-13
2.80295e-13
2.81271e-13
2.81489e-13
2.81678e-13
2.81553e-13
2.81629e-13
2.81519e-13
2.81576e-13
2.81509e-13
2.81549e-13
2.81506e-13
2.81534e-13
2.81506e-13
2.81526e-13
2.81506e-13
2.81522e-13
2.81509e-13
2.81519e-13
2.81511e-13
2.81516e-13
2.81511e-13
2.81514e-13
2.81513e-13
2.81513e-13
2.81514e-13
2.81511e-13
2.81516e-13
2.81511e-13
2.81519e-13
2.81509e-13
2.81522e-13
2.81506e-13
2.81526e-13
2.81506e-13
2.81534e-13
2.81507e-13
2.81549e-13
2.81509e-13
2.81576e-13
2.81519e-13
2.81629e-13
2.81554e-13
2.81678e-13
2.81489e-13
2.8127e-13
2.80295e-13
2.78175e-13
2.76662e-13
2.54742e-13
2.56247e-13
2.58252e-13
2.59197e-13
2.59417e-13
2.596e-13
2.59483e-13
2.59553e-13
2.59449e-13
2.59501e-13
2.59438e-13
2.59475e-13
2.59435e-13
2.5946e-13
2.59434e-13
2.59452e-13
2.59434e-13
2.59449e-13
2.59437e-13
2.59446e-13
2.59438e-13
2.59443e-13
2.59438e-13
2.59441e-13
2.5944e-13
2.5944e-13
2.59441e-13
2.59438e-13
2.59443e-13
2.59438e-13
2.59446e-13
2.59437e-13
2.59448e-13
2.59434e-13
2.59452e-13
2.59434e-13
2.5946e-13
2.59435e-13
2.59475e-13
2.59438e-13
2.59501e-13
2.59449e-13
2.59553e-13
2.59483e-13
2.59599e-13
2.59416e-13
2.59197e-13
2.58252e-13
2.56247e-13
2.54742e-13
2.34755e-13
2.36244e-13
2.38135e-13
2.39045e-13
2.39264e-13
2.3944e-13
2.39331e-13
2.39396e-13
2.39298e-13
2.39345e-13
2.39285e-13
2.3932e-13
2.39281e-13
2.39305e-13
2.3928e-13
2.39297e-13
2.3928e-13
2.39294e-13
2.39283e-13
2.39291e-13
2.39284e-13
2.39288e-13
2.39284e-13
2.39287e-13
2.39286e-13
2.39286e-13
2.39287e-13
2.39284e-13
2.39289e-13
2.39284e-13
2.39291e-13
2.39282e-13
2.39294e-13
2.3928e-13
2.39297e-13
2.3928e-13
2.39305e-13
2.39282e-13
2.39319e-13
2.39286e-13
2.39345e-13
2.39297e-13
2.39396e-13
2.39331e-13
2.3944e-13
2.39264e-13
2.39044e-13
2.38135e-13
2.36244e-13
2.34755e-13
2.16537e-13
2.18e-13
2.19781e-13
2.20652e-13
2.20868e-13
2.21038e-13
2.20935e-13
2.20995e-13
2.20902e-13
2.20946e-13
2.2089e-13
2.20921e-13
2.20885e-13
2.20906e-13
2.20883e-13
2.20899e-13
2.20883e-13
2.20896e-13
2.20885e-13
2.20893e-13
2.20886e-13
2.20891e-13
2.20887e-13
2.20889e-13
2.20888e-13
2.20888e-13
2.20889e-13
2.20887e-13
2.20891e-13
2.20886e-13
2.20893e-13
2.20885e-13
2.20896e-13
2.20883e-13
2.20899e-13
2.20883e-13
2.20906e-13
2.20885e-13
2.20921e-13
2.2089e-13
2.20946e-13
2.20902e-13
2.20995e-13
2.20935e-13
2.21037e-13
2.20868e-13
2.20652e-13
2.19781e-13
2.18e-13
2.16537e-13
1.99934e-13
2.01363e-13
2.03039e-13
2.03868e-13
2.0408e-13
2.04242e-13
2.04146e-13
2.04201e-13
2.04114e-13
2.04153e-13
2.04101e-13
2.04129e-13
2.04095e-13
2.04115e-13
2.04093e-13
2.04108e-13
2.04093e-13
2.04105e-13
2.04095e-13
2.04102e-13
2.04096e-13
2.041e-13
2.04096e-13
2.04098e-13
2.04097e-13
2.04097e-13
2.04098e-13
2.04096e-13
2.041e-13
2.04096e-13
2.04102e-13
2.04095e-13
2.04105e-13
2.04093e-13
2.04108e-13
2.04093e-13
2.04115e-13
2.04095e-13
2.04129e-13
2.04101e-13
2.04153e-13
2.04114e-13
2.04201e-13
2.04146e-13
2.04242e-13
2.0408e-13
2.03868e-13
2.03039e-13
2.01363e-13
1.99934e-13
1.84804e-13
1.86192e-13
1.87767e-13
1.88554e-13
1.88761e-13
1.88915e-13
1.88825e-13
1.88876e-13
1.88793e-13
1.88829e-13
1.8878e-13
1.88806e-13
1.88774e-13
1.88792e-13
1.88772e-13
1.88785e-13
1.88771e-13
1.88782e-13
1.88773e-13
1.88779e-13
1.88774e-13
1.88777e-13
1.88774e-13
1.88776e-13
1.88775e-13
1.88775e-13
1.88776e-13
1.88774e-13
1.88777e-13
1.88774e-13
1.88779e-13
1.88773e-13
1.88782e-13
1.88771e-13
1.88785e-13
1.88772e-13
1.88792e-13
1.88774e-13
1.88805e-13
1.8878e-13
1.88829e-13
1.88793e-13
1.88875e-13
1.88825e-13
1.88914e-13
1.8876e-13
1.88553e-13
1.87767e-13
1.86192e-13
1.84804e-13
1.71017e-13
1.72358e-13
1.73837e-13
1.74581e-13
1.74781e-13
1.74927e-13
1.74844e-13
1.7489e-13
1.74813e-13
1.74845e-13
1.74798e-13
1.74822e-13
1.74792e-13
1.74809e-13
1.7479e-13
1.74802e-13
1.74789e-13
1.74799e-13
1.7479e-13
1.74797e-13
1.74791e-13
1.74795e-13
1.74791e-13
1.74793e-13
1.74792e-13
1.74792e-13
1.74793e-13
1.74791e-13
1.74795e-13
1.74791e-13
1.74797e-13
1.7479e-13
1.74799e-13
1.74789e-13
1.74802e-13
1.7479e-13
1.74809e-13
1.74792e-13
1.74822e-13
1.74798e-13
1.74845e-13
1.74813e-13
1.7489e-13
1.74844e-13
1.74927e-13
1.74781e-13
1.7458e-13
1.73837e-13
1.72358e-13
1.71017e-13
1.58451e-13
1.59743e-13
1.61129e-13
1.6183e-13
1.62023e-13
1.62162e-13
1.62083e-13
1.62125e-13
1.62053e-13
1.62082e-13
1.62038e-13
1.6206e-13
1.62032e-13
1.62047e-13
1.62029e-13
1.62041e-13
1.62028e-13
1.62037e-13
1.62029e-13
1.62035e-13
1.6203e-13
1.62033e-13
1.6203e-13
1.62032e-13
1.62031e-13
1.62031e-13
1.62032e-13
1.6203e-13
1.62033e-13
1.6203e-13
1.62035e-13
1.62029e-13
1.62037e-13
1.62028e-13
1.62041e-13
1.62029e-13
1.62047e-13
1.62032e-13
1.6206e-13
1.62038e-13
1.62082e-13
1.62053e-13
1.62125e-13
1.62083e-13
1.62161e-13
1.62023e-13
1.6183e-13
1.61129e-13
1.59743e-13
1.58451e-13
1.46995e-13
1.48235e-13
1.49533e-13
1.50192e-13
1.50378e-13
1.50509e-13
1.50435e-13
1.50473e-13
1.50406e-13
1.50431e-13
1.50391e-13
1.5041e-13
1.50384e-13
1.50397e-13
1.50381e-13
1.50391e-13
1.50379e-13
1.50388e-13
1.50381e-13
1.50386e-13
1.50381e-13
1.50384e-13
1.50381e-13
1.50383e-13
1.50382e-13
1.50382e-13
1.50383e-13
1.50381e-13
1.50384e-13
1.50381e-13
1.50386e-13
1.50381e-13
1.50388e-13
1.50379e-13
1.50391e-13
1.50381e-13
1.50397e-13
1.50384e-13
1.5041e-13
1.50391e-13
1.50431e-13
1.50406e-13
1.50473e-13
1.50435e-13
1.50508e-13
1.50378e-13
1.50192e-13
1.49533e-13
1.48235e-13
1.46995e-13
1.36548e-13
1.37734e-13
1.38948e-13
1.39567e-13
1.39744e-13
1.39868e-13
1.39799e-13
1.39834e-13
1.3977e-13
1.39793e-13
1.39755e-13
1.39772e-13
1.39748e-13
1.3976e-13
1.39744e-13
1.39754e-13
1.39743e-13
1.39751e-13
1.39744e-13
1.39749e-13
1.39745e-13
1.39748e-13
1.39745e-13
1.39746e-13
1.39746e-13
1.39746e-13
1.39746e-13
1.39745e-13
1.39748e-13
1.39745e-13
1.39749e-13
1.39744e-13
1.39751e-13
1.39743e-13
1.39754e-13
1.39744e-13
1.3976e-13
1.39748e-13
1.39772e-13
1.39755e-13
1.39793e-13
1.3977e-13
1.39834e-13
1.39799e-13
1.39867e-13
1.39744e-13
1.39567e-13
1.38948e-13
1.37733e-13
1.36548e-13
1.27016e-13
1.28146e-13
1.29281e-13
1.29863e-13
1.30031e-13
1.30147e-13
1.30083e-13
1.30114e-13
1.30054e-13
1.30075e-13
1.30039e-13
1.30054e-13
1.30031e-13
1.30043e-13
1.30028e-13
1.30037e-13
1.30027e-13
1.30034e-13
1.30028e-13
1.30032e-13
1.30028e-13
1.30031e-13
1.30028e-13
1.30029e-13
1.30029e-13
1.30029e-13
1.30029e-13
1.30028e-13
1.30031e-13
1.30028e-13
1.30032e-13
1.30028e-13
1.30034e-13
1.30027e-13
1.30037e-13
1.30028e-13
1.30043e-13
1.30031e-13
1.30054e-13
1.30039e-13
1.30075e-13
1.30054e-13
1.30114e-13
1.30083e-13
1.30147e-13
1.30031e-13
1.29862e-13
1.29281e-13
1.28146e-13
1.27016e-13
1.18314e-13
1.19389e-13
1.20449e-13
1.20994e-13
1.21153e-13
1.21262e-13
1.21202e-13
1.2123e-13
1.21174e-13
1.21192e-13
1.21158e-13
1.21172e-13
1.21151e-13
1.21161e-13
1.21147e-13
1.21155e-13
1.21146e-13
1.21153e-13
1.21147e-13
1.21151e-13
1.21147e-13
1.21149e-13
1.21147e-13
1.21148e-13
1.21148e-13
1.21148e-13
1.21148e-13
1.21147e-13
1.21149e-13
1.21147e-13
1.21151e-13
1.21147e-13
1.21153e-13
1.21146e-13
1.21155e-13
1.21147e-13
1.21161e-13
1.21151e-13
1.21172e-13
1.21158e-13
1.21192e-13
1.21174e-13
1.2123e-13
1.21202e-13
1.21262e-13
1.21153e-13
1.20994e-13
1.20449e-13
1.19389e-13
1.18314e-13
1.10366e-13
1.11383e-13
1.12374e-13
1.12884e-13
1.13034e-13
1.13136e-13
1.1308e-13
1.13105e-13
1.13052e-13
1.13068e-13
1.13037e-13
1.13049e-13
1.13029e-13
1.13038e-13
1.13025e-13
1.13033e-13
1.13024e-13
1.1303e-13
1.13024e-13
1.13028e-13
1.13025e-13
1.13027e-13
1.13025e-13
1.13026e-13
1.13025e-13
1.13025e-13
1.13026e-13
1.13025e-13
1.13027e-13
1.13025e-13
1.13028e-13
1.13024e-13
1.1303e-13
1.13024e-13
1.13033e-13
1.13025e-13
1.13038e-13
1.13029e-13
1.13049e-13
1.13037e-13
1.13068e-13
1.13052e-13
1.13105e-13
1.1308e-13
1.13136e-13
1.13034e-13
1.12883e-13
1.12373e-13
1.11383e-13
1.10366e-13
1.03099e-13
1.04059e-13
1.04985e-13
1.05462e-13
1.05604e-13
1.05699e-13
1.05646e-13
1.05668e-13
1.05619e-13
1.05633e-13
1.05603e-13
1.05614e-13
1.05596e-13
1.05604e-13
1.05592e-13
1.05599e-13
1.0559e-13
1.05596e-13
1.05591e-13
1.05595e-13
1.05591e-13
1.05593e-13
1.05591e-13
1.05592e-13
1.05592e-13
1.05592e-13
1.05592e-13
1.05591e-13
1.05593e-13
1.05591e-13
1.05594e-13
1.05591e-13
1.05596e-13
1.0559e-13
1.05599e-13
1.05592e-13
1.05604e-13
1.05596e-13
1.05614e-13
1.05603e-13
1.05633e-13
1.05619e-13
1.05668e-13
1.05646e-13
1.05699e-13
1.05604e-13
1.05462e-13
1.04985e-13
1.04059e-13
1.03099e-13
9.64512e-14
9.73534e-14
9.8219e-14
9.86646e-14
9.87979e-14
9.8887e-14
9.88375e-14
9.88569e-14
9.88108e-14
9.88227e-14
9.87948e-14
9.88046e-14
9.87869e-14
9.87944e-14
9.87831e-14
9.87893e-14
9.87815e-14
9.87869e-14
9.8782e-14
9.87854e-14
9.87821e-14
9.87841e-14
9.87821e-14
9.87832e-14
9.87827e-14
9.87827e-14
9.87832e-14
9.87821e-14
9.87841e-14
9.87822e-14
9.87854e-14
9.8782e-14
9.87869e-14
9.87816e-14
9.87893e-14
9.87832e-14
9.87944e-14
9.8787e-14
9.88045e-14
9.8795e-14
9.88227e-14
9.88107e-14
9.88568e-14
9.88374e-14
9.88868e-14
9.87978e-14
9.86645e-14
9.82189e-14
9.73533e-14
9.64512e-14
9.0361e-14
9.12095e-14
9.20178e-14
9.24337e-14
9.25586e-14
9.26417e-14
9.25951e-14
9.26122e-14
9.25689e-14
9.25791e-14
9.2553e-14
9.25615e-14
9.2545e-14
9.25516e-14
9.25411e-14
9.25467e-14
9.25395e-14
9.25444e-14
9.25398e-14
9.25429e-14
9.25399e-14
9.25417e-14
9.25399e-14
9.25409e-14
9.25404e-14
9.25404e-14
9.25409e-14
9.25399e-14
9.25417e-14
9.25399e-14
9.25429e-14
9.25398e-14
9.25444e-14
9.25395e-14
9.25468e-14
9.25412e-14
9.25517e-14
9.2545e-14
9.25614e-14
9.25531e-14
9.25791e-14
9.25689e-14
9.26121e-14
9.25951e-14
9.26415e-14
9.25586e-14
9.24335e-14
9.20176e-14
9.12094e-14
9.0361e-14
)
;

boundaryField
{
    fuel
    {
        type            fixedValue;
        value           uniform 0;
    }
    wall
    {
        type            zeroGradient;
    }
    outlet
    {
        type            zeroGradient;
    }
    frontAndBack
    {
        type            empty;
    }
    procBoundary1to0
    {
        type            processor;
        value           nonuniform List<scalar> 
50
(
8.47761e-14
8.55749e-14
8.63284e-14
8.67162e-14
8.68333e-14
8.69105e-14
8.68666e-14
8.68815e-14
8.68409e-14
8.68495e-14
8.68249e-14
8.68324e-14
8.68169e-14
8.68229e-14
8.6813e-14
8.68181e-14
8.68113e-14
8.68159e-14
8.68116e-14
8.68145e-14
8.68116e-14
8.68133e-14
8.68116e-14
8.68125e-14
8.68121e-14
8.68121e-14
8.68125e-14
8.68116e-14
8.68133e-14
8.68117e-14
8.68145e-14
8.68116e-14
8.68159e-14
8.68114e-14
8.68181e-14
8.68131e-14
8.68229e-14
8.68169e-14
8.68323e-14
8.6825e-14
8.68495e-14
8.68408e-14
8.68814e-14
8.68666e-14
8.69103e-14
8.68332e-14
8.67161e-14
8.63283e-14
8.55749e-14
8.47761e-14
)
;
    }
}


// ************************************************************************* //
