/*--------------------------------*- C++ -*----------------------------------*\
| =========                 |                                                 |
| \\      /  F ield         | OpenFOAM: The Open Source CFD Toolbox           |
|  \\    /   O peration     | Version:  dev                                   |
|   \\  /    A nd           | Web:      www.OpenFOAM.org                      |
|    \\/     M anipulation  |                                                 |
\*---------------------------------------------------------------------------*/
FoamFile
{
    version     2.0;
    format      ascii;
    class       volScalarField;
    location    "0.04";
    object      C5H5;
}
// * * * * * * * * * * * * * * * * * * * * * * * * * * * * * * * * * * * * * //

dimensions      [0 0 0 0 0 0 0];

internalField   nonuniform List<scalar> 
1989
(
1.84052e-06
1.8402e-06
1.84002e-06
1.83979e-06
1.83969e-06
1.83953e-06
1.83946e-06
1.83935e-06
1.83931e-06
1.83924e-06
1.83922e-06
1.83918e-06
1.83917e-06
1.83915e-06
1.83915e-06
1.83916e-06
1.83917e-06
1.83921e-06
1.83923e-06
1.83931e-06
1.83935e-06
1.83946e-06
1.83952e-06
1.83968e-06
1.83978e-06
1.84001e-06
1.84018e-06
1.84048e-06
1.84086e-06
1.84125e-06
1.84191e-06
1.84263e-06
1.84398e-06
1.8453e-06
1.84771e-06
1.85054e-06
1.85404e-06
1.85967e-06
1.86291e-06
1.82087e-06
1.81724e-06
1.81107e-06
1.80724e-06
1.80419e-06
1.80157e-06
1.80018e-06
1.79872e-06
1.79797e-06
1.79726e-06
1.79682e-06
1.79651e-06
1.79618e-06
1.796e-06
1.79576e-06
1.79565e-06
1.79548e-06
1.79542e-06
1.79531e-06
1.79527e-06
1.79519e-06
1.79517e-06
1.79513e-06
1.79512e-06
1.7951e-06
1.7951e-06
1.79512e-06
1.79513e-06
1.79517e-06
1.79519e-06
1.79526e-06
1.7953e-06
1.79541e-06
1.79548e-06
1.79564e-06
1.79575e-06
1.79598e-06
1.79616e-06
1.79648e-06
1.79687e-06
1.79729e-06
1.798e-06
1.79876e-06
1.80021e-06
1.8016e-06
1.80422e-06
1.80728e-06
1.81109e-06
1.81728e-06
1.8209e-06
1.7753e-06
1.7713e-06
1.76457e-06
1.76043e-06
1.75714e-06
1.75431e-06
1.75285e-06
1.75129e-06
1.7505e-06
1.74974e-06
1.74928e-06
1.74895e-06
1.7486e-06
1.74841e-06
1.74816e-06
1.74806e-06
1.74788e-06
1.74782e-06
1.7477e-06
1.74766e-06
1.74759e-06
1.74757e-06
1.74752e-06
1.74751e-06
1.7475e-06
1.7475e-06
1.74751e-06
1.74752e-06
1.74756e-06
1.74758e-06
1.74766e-06
1.74769e-06
1.74781e-06
1.74788e-06
1.74804e-06
1.74815e-06
1.7484e-06
1.74858e-06
1.74892e-06
1.74932e-06
1.74977e-06
1.75052e-06
1.75131e-06
1.75287e-06
1.75433e-06
1.75716e-06
1.76046e-06
1.76458e-06
1.77133e-06
1.77533e-06
1.72611e-06
1.72176e-06
1.71443e-06
1.70998e-06
1.70649e-06
1.70344e-06
1.70191e-06
1.70025e-06
1.69943e-06
1.69864e-06
1.69815e-06
1.6978e-06
1.69744e-06
1.69725e-06
1.69699e-06
1.69688e-06
1.69669e-06
1.69663e-06
1.6965e-06
1.69646e-06
1.69638e-06
1.69636e-06
1.69631e-06
1.6963e-06
1.69628e-06
1.69628e-06
1.6963e-06
1.69631e-06
1.69635e-06
1.69637e-06
1.69645e-06
1.69649e-06
1.69662e-06
1.69668e-06
1.69686e-06
1.69697e-06
1.69723e-06
1.69742e-06
1.69777e-06
1.69819e-06
1.69866e-06
1.69945e-06
1.70027e-06
1.70193e-06
1.70346e-06
1.7065e-06
1.71e-06
1.71444e-06
1.72178e-06
1.72613e-06
1.67269e-06
1.66791e-06
1.65977e-06
1.65495e-06
1.6512e-06
1.64792e-06
1.64631e-06
1.64454e-06
1.64368e-06
1.64283e-06
1.64232e-06
1.64195e-06
1.64158e-06
1.64138e-06
1.64111e-06
1.641e-06
1.64081e-06
1.64075e-06
1.64062e-06
1.64058e-06
1.6405e-06
1.64048e-06
1.64043e-06
1.64042e-06
1.6404e-06
1.6404e-06
1.64042e-06
1.64042e-06
1.64047e-06
1.64049e-06
1.64057e-06
1.64061e-06
1.64074e-06
1.6408e-06
1.64099e-06
1.6411e-06
1.64136e-06
1.64156e-06
1.64192e-06
1.64235e-06
1.64285e-06
1.64369e-06
1.64455e-06
1.64632e-06
1.64793e-06
1.65121e-06
1.65496e-06
1.65977e-06
1.66793e-06
1.6727e-06
1.615e-06
1.60997e-06
1.60243e-06
1.59737e-06
1.59343e-06
1.58997e-06
1.58832e-06
1.58646e-06
1.58558e-06
1.58471e-06
1.58418e-06
1.58379e-06
1.58341e-06
1.58321e-06
1.58293e-06
1.58282e-06
1.58263e-06
1.58257e-06
1.58244e-06
1.5824e-06
1.58232e-06
1.5823e-06
1.58225e-06
1.58224e-06
1.58222e-06
1.58222e-06
1.58224e-06
1.58224e-06
1.58229e-06
1.58231e-06
1.58239e-06
1.58243e-06
1.58256e-06
1.58262e-06
1.58281e-06
1.58292e-06
1.58319e-06
1.58339e-06
1.58376e-06
1.5842e-06
1.58472e-06
1.58559e-06
1.58647e-06
1.58833e-06
1.58997e-06
1.59344e-06
1.59738e-06
1.60244e-06
1.60998e-06
1.61501e-06
1.55516e-06
1.54992e-06
1.54181e-06
1.53655e-06
1.53244e-06
1.52881e-06
1.52716e-06
1.52521e-06
1.52432e-06
1.52342e-06
1.52287e-06
1.52247e-06
1.52209e-06
1.52189e-06
1.52161e-06
1.52151e-06
1.52131e-06
1.52125e-06
1.52112e-06
1.52109e-06
1.521e-06
1.52098e-06
1.52093e-06
1.52092e-06
1.5209e-06
1.5209e-06
1.52092e-06
1.52092e-06
1.52097e-06
1.52099e-06
1.52107e-06
1.52111e-06
1.52124e-06
1.5213e-06
1.52149e-06
1.5216e-06
1.52188e-06
1.52207e-06
1.52245e-06
1.52289e-06
1.52342e-06
1.52432e-06
1.52521e-06
1.52716e-06
1.52882e-06
1.53245e-06
1.53655e-06
1.54181e-06
1.54992e-06
1.55517e-06
1.49227e-06
1.4868e-06
1.47833e-06
1.4729e-06
1.46862e-06
1.46487e-06
1.46321e-06
1.4612e-06
1.46031e-06
1.45936e-06
1.45877e-06
1.45832e-06
1.45791e-06
1.45769e-06
1.45739e-06
1.45728e-06
1.45706e-06
1.457e-06
1.45686e-06
1.45682e-06
1.45673e-06
1.45671e-06
1.45665e-06
1.45664e-06
1.45662e-06
1.45662e-06
1.45664e-06
1.45665e-06
1.4567e-06
1.45672e-06
1.45681e-06
1.45684e-06
1.45699e-06
1.45705e-06
1.45726e-06
1.45737e-06
1.45768e-06
1.45789e-06
1.4583e-06
1.45877e-06
1.45935e-06
1.46031e-06
1.4612e-06
1.46322e-06
1.46487e-06
1.46862e-06
1.47289e-06
1.47833e-06
1.4868e-06
1.49228e-06
1.42632e-06
1.42038e-06
1.41149e-06
1.40577e-06
1.40134e-06
1.39754e-06
1.39589e-06
1.39385e-06
1.39296e-06
1.392e-06
1.39141e-06
1.39096e-06
1.39055e-06
1.39034e-06
1.39003e-06
1.38992e-06
1.38971e-06
1.38965e-06
1.38951e-06
1.38947e-06
1.38938e-06
1.38936e-06
1.38931e-06
1.3893e-06
1.38928e-06
1.38928e-06
1.38929e-06
1.3893e-06
1.38935e-06
1.38937e-06
1.38946e-06
1.38949e-06
1.38964e-06
1.3897e-06
1.38991e-06
1.39002e-06
1.39032e-06
1.39053e-06
1.39094e-06
1.39141e-06
1.39199e-06
1.39295e-06
1.39384e-06
1.39589e-06
1.39753e-06
1.40134e-06
1.40576e-06
1.41148e-06
1.42038e-06
1.42633e-06
1.35769e-06
1.35155e-06
1.34264e-06
1.33688e-06
1.33227e-06
1.32847e-06
1.32686e-06
1.3248e-06
1.32394e-06
1.32298e-06
1.3224e-06
1.32194e-06
1.32154e-06
1.32134e-06
1.32104e-06
1.32093e-06
1.32072e-06
1.32066e-06
1.32052e-06
1.32049e-06
1.3204e-06
1.32038e-06
1.32033e-06
1.32032e-06
1.3203e-06
1.32029e-06
1.32031e-06
1.32032e-06
1.32037e-06
1.32038e-06
1.32048e-06
1.32051e-06
1.32065e-06
1.3207e-06
1.32091e-06
1.32102e-06
1.32132e-06
1.32152e-06
1.32193e-06
1.32239e-06
1.32297e-06
1.32393e-06
1.3248e-06
1.32686e-06
1.32847e-06
1.33227e-06
1.33686e-06
1.34263e-06
1.35155e-06
1.35769e-06
1.28768e-06
1.28141e-06
1.27259e-06
1.26687e-06
1.26323e-06
1.25945e-06
1.25791e-06
1.25585e-06
1.25501e-06
1.25407e-06
1.2535e-06
1.25304e-06
1.25265e-06
1.25245e-06
1.25216e-06
1.25206e-06
1.25185e-06
1.2518e-06
1.25166e-06
1.25163e-06
1.25154e-06
1.25152e-06
1.25147e-06
1.25146e-06
1.25144e-06
1.25144e-06
1.25146e-06
1.25146e-06
1.25151e-06
1.25153e-06
1.25162e-06
1.25164e-06
1.25178e-06
1.25184e-06
1.25204e-06
1.25214e-06
1.25244e-06
1.25263e-06
1.25303e-06
1.25348e-06
1.25405e-06
1.255e-06
1.25584e-06
1.2579e-06
1.25945e-06
1.26323e-06
1.26686e-06
1.27258e-06
1.28141e-06
1.28768e-06
1.21823e-06
1.21189e-06
1.20323e-06
1.19761e-06
1.19384e-06
1.19e-06
1.18847e-06
1.18637e-06
1.18555e-06
1.1846e-06
1.18403e-06
1.18358e-06
1.18319e-06
1.183e-06
1.18271e-06
1.18261e-06
1.1824e-06
1.18235e-06
1.18222e-06
1.18219e-06
1.1821e-06
1.18208e-06
1.18203e-06
1.18202e-06
1.182e-06
1.182e-06
1.18202e-06
1.18202e-06
1.18207e-06
1.18209e-06
1.18218e-06
1.1822e-06
1.18234e-06
1.18239e-06
1.18259e-06
1.18269e-06
1.18298e-06
1.18317e-06
1.18357e-06
1.18401e-06
1.18458e-06
1.18553e-06
1.18636e-06
1.18847e-06
1.18999e-06
1.19383e-06
1.19759e-06
1.20322e-06
1.21189e-06
1.21823e-06
1.14771e-06
1.14145e-06
1.13306e-06
1.12761e-06
1.12374e-06
1.12005e-06
1.11861e-06
1.11657e-06
1.11579e-06
1.11487e-06
1.11433e-06
1.11389e-06
1.11352e-06
1.11334e-06
1.11306e-06
1.11297e-06
1.11277e-06
1.11272e-06
1.11259e-06
1.11256e-06
1.11248e-06
1.11246e-06
1.11241e-06
1.1124e-06
1.11238e-06
1.11238e-06
1.1124e-06
1.1124e-06
1.11245e-06
1.11246e-06
1.11255e-06
1.11257e-06
1.11271e-06
1.11275e-06
1.11295e-06
1.11304e-06
1.11332e-06
1.1135e-06
1.11389e-06
1.11431e-06
1.11486e-06
1.11577e-06
1.11656e-06
1.1186e-06
1.12004e-06
1.12373e-06
1.1276e-06
1.13304e-06
1.14145e-06
1.14771e-06
1.07799e-06
1.07189e-06
1.06381e-06
1.05866e-06
1.05588e-06
1.05234e-06
1.051e-06
1.04902e-06
1.0483e-06
1.04742e-06
1.0469e-06
1.04649e-06
1.04613e-06
1.04596e-06
1.04569e-06
1.04561e-06
1.04542e-06
1.04537e-06
1.04525e-06
1.04522e-06
1.04514e-06
1.04513e-06
1.04508e-06
1.04507e-06
1.04505e-06
1.04505e-06
1.04507e-06
1.04507e-06
1.04512e-06
1.04513e-06
1.04521e-06
1.04523e-06
1.04536e-06
1.0454e-06
1.04559e-06
1.04568e-06
1.04594e-06
1.04612e-06
1.04648e-06
1.04688e-06
1.0474e-06
1.04828e-06
1.04901e-06
1.05099e-06
1.05233e-06
1.05587e-06
1.05865e-06
1.06379e-06
1.07189e-06
1.07798e-06
1.01098e-06
1.00513e-06
9.97348e-07
9.92518e-07
9.89796e-07
9.86411e-07
9.85186e-07
9.83287e-07
9.82618e-07
9.81785e-07
9.81297e-07
9.80906e-07
9.80572e-07
9.80411e-07
9.80155e-07
9.80076e-07
9.79896e-07
9.79856e-07
9.79733e-07
9.79712e-07
9.79633e-07
9.79621e-07
9.79575e-07
9.79568e-07
9.79551e-07
9.79549e-07
9.79564e-07
9.79566e-07
9.79612e-07
9.79622e-07
9.79701e-07
9.79721e-07
9.79843e-07
9.79882e-07
9.80061e-07
9.8014e-07
9.80395e-07
9.80555e-07
9.809e-07
9.81275e-07
9.81766e-07
9.82603e-07
9.83275e-07
9.85176e-07
9.86402e-07
9.89789e-07
9.92517e-07
9.97334e-07
1.00513e-06
1.01098e-06
9.46106e-07
9.40494e-07
9.33153e-07
9.28613e-07
9.26022e-07
9.22801e-07
9.21692e-07
9.19888e-07
9.19279e-07
9.18493e-07
9.18039e-07
9.17675e-07
9.17361e-07
9.17212e-07
9.1697e-07
9.16898e-07
9.16728e-07
9.16691e-07
9.16575e-07
9.16556e-07
9.1648e-07
9.16469e-07
9.16426e-07
9.1642e-07
9.16403e-07
9.16402e-07
9.16416e-07
9.16418e-07
9.16461e-07
9.1647e-07
9.16545e-07
9.16563e-07
9.16679e-07
9.16714e-07
9.16884e-07
9.16956e-07
9.17197e-07
9.17345e-07
9.17669e-07
9.18018e-07
9.18475e-07
9.19264e-07
9.19876e-07
9.21682e-07
9.22792e-07
9.26016e-07
9.28614e-07
9.33141e-07
9.40487e-07
9.46102e-07
8.83835e-07
8.78494e-07
8.71625e-07
8.67274e-07
8.64812e-07
8.61725e-07
8.60716e-07
8.58994e-07
8.58439e-07
8.57695e-07
8.57274e-07
8.56935e-07
8.5664e-07
8.56503e-07
8.56276e-07
8.56211e-07
8.5605e-07
8.56018e-07
8.55909e-07
8.55893e-07
8.55822e-07
8.55812e-07
8.55772e-07
8.55767e-07
8.55751e-07
8.5575e-07
8.55763e-07
8.55764e-07
8.55804e-07
8.55812e-07
8.55882e-07
8.55897e-07
8.56006e-07
8.56037e-07
8.56196e-07
8.56262e-07
8.56488e-07
8.56624e-07
8.56927e-07
8.57253e-07
8.57677e-07
8.58424e-07
8.58981e-07
8.60705e-07
8.61714e-07
8.64805e-07
8.67276e-07
8.71614e-07
8.78486e-07
8.83832e-07
8.24546e-07
8.19514e-07
8.13137e-07
8.09085e-07
8.06815e-07
8.03926e-07
8.03032e-07
8.0142e-07
8.00926e-07
8.00232e-07
7.99847e-07
7.99537e-07
7.99263e-07
7.99138e-07
7.98927e-07
7.98867e-07
7.98718e-07
7.98689e-07
7.98587e-07
7.98572e-07
7.98505e-07
7.98497e-07
7.98458e-07
7.98454e-07
7.98439e-07
7.98438e-07
7.9845e-07
7.98451e-07
7.98489e-07
7.98496e-07
7.98561e-07
7.98575e-07
7.98677e-07
7.98705e-07
7.98854e-07
7.98914e-07
7.99124e-07
7.99249e-07
7.99528e-07
7.99829e-07
8.00215e-07
8.00911e-07
8.01408e-07
8.03022e-07
8.03916e-07
8.06807e-07
8.09086e-07
8.13127e-07
8.19505e-07
8.24543e-07
7.6809e-07
7.63313e-07
7.57924e-07
7.54176e-07
7.52112e-07
7.49433e-07
7.4865e-07
7.47152e-07
7.46716e-07
7.46073e-07
7.45724e-07
7.45441e-07
7.45189e-07
7.45076e-07
7.44881e-07
7.44826e-07
7.44688e-07
7.44661e-07
7.44566e-07
7.44552e-07
7.4449e-07
7.44482e-07
7.44447e-07
7.44442e-07
7.44429e-07
7.44428e-07
7.44439e-07
7.4444e-07
7.44475e-07
7.44482e-07
7.44542e-07
7.44556e-07
7.4465e-07
7.44676e-07
7.44814e-07
7.44868e-07
7.45062e-07
7.45176e-07
7.45433e-07
7.45707e-07
7.46057e-07
7.46702e-07
7.4714e-07
7.4864e-07
7.49423e-07
7.52104e-07
7.54176e-07
7.57915e-07
7.63303e-07
7.68088e-07
7.15486e-07
7.11048e-07
7.06168e-07
7.02725e-07
7.00871e-07
6.98409e-07
6.97732e-07
6.96351e-07
6.95969e-07
6.95377e-07
6.95063e-07
6.94807e-07
6.94576e-07
6.94474e-07
6.94294e-07
6.94245e-07
6.94117e-07
6.94093e-07
6.94005e-07
6.93992e-07
6.93935e-07
6.93927e-07
6.93894e-07
6.9389e-07
6.93877e-07
6.93876e-07
6.93886e-07
6.93888e-07
6.9392e-07
6.93927e-07
6.93983e-07
6.93995e-07
6.94083e-07
6.94106e-07
6.94233e-07
6.94283e-07
6.94461e-07
6.94563e-07
6.94798e-07
6.95047e-07
6.95362e-07
6.95956e-07
6.9634e-07
6.97723e-07
6.984e-07
7.00864e-07
7.02723e-07
7.0616e-07
7.11036e-07
7.15486e-07
6.6647e-07
6.62341e-07
6.57995e-07
6.54856e-07
6.53213e-07
6.50972e-07
6.50395e-07
6.49132e-07
6.488e-07
6.48256e-07
6.47976e-07
6.47745e-07
6.47536e-07
6.47443e-07
6.4728e-07
6.47235e-07
6.47118e-07
6.47095e-07
6.47014e-07
6.47002e-07
6.46949e-07
6.46942e-07
6.46911e-07
6.46907e-07
6.46896e-07
6.46895e-07
6.46904e-07
6.46906e-07
6.46936e-07
6.46942e-07
6.46994e-07
6.47005e-07
6.47086e-07
6.47108e-07
6.47224e-07
6.47269e-07
6.47432e-07
6.47524e-07
6.47737e-07
6.47962e-07
6.48242e-07
6.48788e-07
6.4912e-07
6.50386e-07
6.50963e-07
6.53206e-07
6.54853e-07
6.57988e-07
6.62326e-07
6.66472e-07
6.2115e-07
6.17322e-07
6.1341e-07
6.10495e-07
6.0902e-07
6.06962e-07
6.06463e-07
6.053e-07
6.05007e-07
6.04503e-07
6.04252e-07
6.04041e-07
6.03851e-07
6.03766e-07
6.03617e-07
6.03575e-07
6.03468e-07
6.03446e-07
6.03372e-07
6.0336e-07
6.03311e-07
6.03304e-07
6.03275e-07
6.03272e-07
6.03261e-07
6.0326e-07
6.03269e-07
6.03271e-07
6.03298e-07
6.03304e-07
6.03352e-07
6.03363e-07
6.03438e-07
6.03458e-07
6.03565e-07
6.03606e-07
6.03755e-07
6.0384e-07
6.04033e-07
6.04238e-07
6.0449e-07
6.04995e-07
6.05286e-07
6.06455e-07
6.06954e-07
6.09013e-07
6.10491e-07
6.13402e-07
6.17307e-07
6.21154e-07
5.79558e-07
5.76098e-07
5.72658e-07
5.70034e-07
5.68755e-07
5.66916e-07
5.66502e-07
5.6545e-07
5.65197e-07
5.6474e-07
5.6452e-07
5.6433e-07
5.64161e-07
5.64085e-07
5.63949e-07
5.63912e-07
5.63814e-07
5.63794e-07
5.63725e-07
5.63714e-07
5.63669e-07
5.63662e-07
5.63636e-07
5.63632e-07
5.63623e-07
5.63622e-07
5.6363e-07
5.63632e-07
5.63657e-07
5.63663e-07
5.63707e-07
5.63718e-07
5.63785e-07
5.63805e-07
5.63902e-07
5.6394e-07
5.64074e-07
5.6415e-07
5.64323e-07
5.64507e-07
5.64728e-07
5.65187e-07
5.65432e-07
5.66494e-07
5.66908e-07
5.68749e-07
5.70029e-07
5.72651e-07
5.76085e-07
5.79561e-07
5.4176e-07
5.38713e-07
5.35704e-07
5.3336e-07
5.32266e-07
5.30641e-07
5.30303e-07
5.29345e-07
5.29131e-07
5.28729e-07
5.28537e-07
5.28367e-07
5.28217e-07
5.28148e-07
5.28026e-07
5.27991e-07
5.27903e-07
5.27884e-07
5.27822e-07
5.27811e-07
5.2777e-07
5.27763e-07
5.27739e-07
5.27735e-07
5.27726e-07
5.27725e-07
5.27733e-07
5.27735e-07
5.27758e-07
5.27764e-07
5.27804e-07
5.27815e-07
5.27876e-07
5.27895e-07
5.27983e-07
5.28017e-07
5.28138e-07
5.28207e-07
5.28359e-07
5.28525e-07
5.28717e-07
5.29121e-07
5.29322e-07
5.30295e-07
5.30634e-07
5.3226e-07
5.33355e-07
5.35698e-07
5.38702e-07
5.4176e-07
5.07817e-07
5.05112e-07
5.02485e-07
5.00383e-07
4.99449e-07
4.98019e-07
4.97745e-07
4.96954e-07
4.96808e-07
4.96481e-07
4.96314e-07
4.96163e-07
4.96031e-07
4.95968e-07
4.9586e-07
4.95827e-07
4.95747e-07
4.95729e-07
4.95673e-07
4.95661e-07
4.95624e-07
4.95617e-07
4.95595e-07
4.95592e-07
4.95584e-07
4.95583e-07
4.95589e-07
4.95592e-07
4.95613e-07
4.95619e-07
4.95655e-07
4.95666e-07
4.95722e-07
4.9574e-07
4.95819e-07
4.95851e-07
4.95959e-07
4.96021e-07
4.96156e-07
4.96303e-07
4.96471e-07
4.96798e-07
4.96958e-07
4.97738e-07
4.98013e-07
4.99443e-07
5.00378e-07
5.02479e-07
5.05104e-07
5.07816e-07
4.77733e-07
4.75385e-07
4.73157e-07
4.713e-07
4.70523e-07
4.69289e-07
4.69072e-07
4.68367e-07
4.6825e-07
4.67975e-07
4.67831e-07
4.67697e-07
4.6758e-07
4.67524e-07
4.67427e-07
4.67396e-07
4.67324e-07
4.67306e-07
4.67255e-07
4.67244e-07
4.6721e-07
4.67203e-07
4.67183e-07
4.67179e-07
4.67172e-07
4.67171e-07
4.67177e-07
4.6718e-07
4.67199e-07
4.67205e-07
4.67238e-07
4.67249e-07
4.673e-07
4.67317e-07
4.67388e-07
4.67419e-07
4.67515e-07
4.67571e-07
4.6769e-07
4.6782e-07
4.67965e-07
4.68242e-07
4.68368e-07
4.69066e-07
4.69284e-07
4.70518e-07
4.71296e-07
4.73152e-07
4.7538e-07
4.77731e-07
4.51202e-07
4.49146e-07
4.47274e-07
4.4563e-07
4.44977e-07
4.43932e-07
4.43753e-07
4.43147e-07
4.43048e-07
4.4281e-07
4.42687e-07
4.42567e-07
4.42465e-07
4.42413e-07
4.42327e-07
4.42297e-07
4.42233e-07
4.42215e-07
4.42169e-07
4.42157e-07
4.42127e-07
4.42119e-07
4.42101e-07
4.42097e-07
4.42091e-07
4.4209e-07
4.42096e-07
4.42099e-07
4.42116e-07
4.42123e-07
4.42152e-07
4.42164e-07
4.42209e-07
4.42227e-07
4.4229e-07
4.4232e-07
4.42405e-07
4.42457e-07
4.4256e-07
4.42677e-07
4.42801e-07
4.4304e-07
4.43144e-07
4.43747e-07
4.43927e-07
4.44972e-07
4.45626e-07
4.4727e-07
4.49143e-07
4.51199e-07
4.28237e-07
4.26523e-07
4.24995e-07
4.23868e-07
4.23336e-07
4.2246e-07
4.22319e-07
4.21803e-07
4.21721e-07
4.21514e-07
4.21408e-07
4.21302e-07
4.21212e-07
4.21164e-07
4.21088e-07
4.21059e-07
4.21002e-07
4.20984e-07
4.20943e-07
4.2093e-07
4.20903e-07
4.20895e-07
4.20878e-07
4.20874e-07
4.20869e-07
4.20868e-07
4.20873e-07
4.20876e-07
4.20891e-07
4.20899e-07
4.20925e-07
4.20937e-07
4.20978e-07
4.20996e-07
4.21053e-07
4.21081e-07
4.21157e-07
4.21204e-07
4.21295e-07
4.21399e-07
4.21505e-07
4.21713e-07
4.21798e-07
4.22313e-07
4.22455e-07
4.23332e-07
4.23865e-07
4.24991e-07
4.2652e-07
4.28235e-07
4.09151e-07
4.07726e-07
4.06488e-07
4.05542e-07
4.05111e-07
4.04386e-07
4.04273e-07
4.03841e-07
4.0377e-07
4.03591e-07
4.03499e-07
4.03407e-07
4.03328e-07
4.03283e-07
4.03215e-07
4.03187e-07
4.03136e-07
4.03117e-07
4.0308e-07
4.03067e-07
4.03042e-07
4.03034e-07
4.03019e-07
4.03015e-07
4.0301e-07
4.03009e-07
4.03013e-07
4.03017e-07
4.03031e-07
4.03038e-07
4.03063e-07
4.03075e-07
4.03112e-07
4.0313e-07
4.03181e-07
4.03209e-07
4.03275e-07
4.0332e-07
4.034e-07
4.03491e-07
4.03583e-07
4.03763e-07
4.03835e-07
4.04268e-07
4.04381e-07
4.05107e-07
4.05539e-07
4.06485e-07
4.07723e-07
4.0915e-07
3.93371e-07
3.92195e-07
3.91204e-07
3.90419e-07
3.9007e-07
3.89477e-07
3.89385e-07
3.89025e-07
3.88963e-07
3.88808e-07
3.88728e-07
3.88647e-07
3.88577e-07
3.88534e-07
3.88474e-07
3.88446e-07
3.88401e-07
3.88381e-07
3.88348e-07
3.88334e-07
3.88312e-07
3.88303e-07
3.88289e-07
3.88285e-07
3.88281e-07
3.8828e-07
3.88284e-07
3.88287e-07
3.883e-07
3.88308e-07
3.8833e-07
3.88343e-07
3.88376e-07
3.88395e-07
3.8844e-07
3.88468e-07
3.88527e-07
3.88569e-07
3.8864e-07
3.8872e-07
3.888e-07
3.88956e-07
3.89019e-07
3.8938e-07
3.89473e-07
3.90067e-07
3.90416e-07
3.91201e-07
3.92192e-07
3.93371e-07
3.80599e-07
3.7964e-07
3.78848e-07
3.78201e-07
3.77917e-07
3.77435e-07
3.77356e-07
3.77057e-07
3.77001e-07
3.76868e-07
3.76797e-07
3.76724e-07
3.76661e-07
3.76621e-07
3.76568e-07
3.7654e-07
3.76498e-07
3.76478e-07
3.76448e-07
3.76434e-07
3.76413e-07
3.76404e-07
3.76391e-07
3.76387e-07
3.76383e-07
3.76383e-07
3.76386e-07
3.76389e-07
3.76401e-07
3.76409e-07
3.7643e-07
3.76443e-07
3.76473e-07
3.76493e-07
3.76533e-07
3.76561e-07
3.76614e-07
3.76654e-07
3.76717e-07
3.76789e-07
3.7686e-07
3.76995e-07
3.77051e-07
3.77351e-07
3.77431e-07
3.77913e-07
3.78198e-07
3.78845e-07
3.79637e-07
3.80599e-07
3.70477e-07
3.69693e-07
3.69059e-07
3.68526e-07
3.68291e-07
3.679e-07
3.67827e-07
3.6758e-07
3.67528e-07
3.67412e-07
3.67348e-07
3.67282e-07
3.67225e-07
3.67186e-07
3.67137e-07
3.67109e-07
3.67072e-07
3.67051e-07
3.67023e-07
3.67008e-07
3.66989e-07
3.6698e-07
3.66968e-07
3.66964e-07
3.6696e-07
3.6696e-07
3.66963e-07
3.66966e-07
3.66977e-07
3.66986e-07
3.67004e-07
3.67018e-07
3.67046e-07
3.67066e-07
3.67103e-07
3.67131e-07
3.67179e-07
3.67218e-07
3.67275e-07
3.6734e-07
3.67404e-07
3.67521e-07
3.67574e-07
3.67822e-07
3.67896e-07
3.68287e-07
3.68524e-07
3.69057e-07
3.69691e-07
3.70477e-07
3.62596e-07
3.61948e-07
3.61435e-07
3.60992e-07
3.60791e-07
3.60472e-07
3.60403e-07
3.60196e-07
3.60145e-07
3.60043e-07
3.59985e-07
3.59923e-07
3.59871e-07
3.59832e-07
3.59788e-07
3.5976e-07
3.59725e-07
3.59704e-07
3.59678e-07
3.59663e-07
3.59644e-07
3.59635e-07
3.59624e-07
3.5962e-07
3.59616e-07
3.59616e-07
3.59618e-07
3.59622e-07
3.59632e-07
3.59641e-07
3.59659e-07
3.59673e-07
3.59699e-07
3.59719e-07
3.59754e-07
3.59782e-07
3.59825e-07
3.59864e-07
3.59917e-07
3.59977e-07
3.60036e-07
3.60138e-07
3.6019e-07
3.60398e-07
3.60468e-07
3.60788e-07
3.6099e-07
3.61433e-07
3.61946e-07
3.62595e-07
3.56533e-07
3.5599e-07
3.55565e-07
3.5519e-07
3.55013e-07
3.54749e-07
3.54679e-07
3.54504e-07
3.54453e-07
3.54362e-07
3.54307e-07
3.54249e-07
3.542e-07
3.54162e-07
3.54121e-07
3.54092e-07
3.54059e-07
3.54038e-07
3.54013e-07
3.53997e-07
3.5398e-07
3.5397e-07
3.5396e-07
3.53956e-07
3.53953e-07
3.53952e-07
3.53954e-07
3.53958e-07
3.53968e-07
3.53977e-07
3.53994e-07
3.54008e-07
3.54033e-07
3.54054e-07
3.54086e-07
3.54114e-07
3.54155e-07
3.54192e-07
3.54242e-07
3.54299e-07
3.54354e-07
3.54446e-07
3.54498e-07
3.54674e-07
3.54744e-07
3.5501e-07
3.55188e-07
3.55563e-07
3.55988e-07
3.56532e-07
3.51901e-07
3.5143e-07
3.5107e-07
3.50746e-07
3.50584e-07
3.5036e-07
3.50289e-07
3.50138e-07
3.50086e-07
3.50003e-07
3.4995e-07
3.49896e-07
3.49848e-07
3.4981e-07
3.49771e-07
3.49742e-07
3.49711e-07
3.49689e-07
3.49665e-07
3.4965e-07
3.49633e-07
3.49623e-07
3.49613e-07
3.49609e-07
3.49606e-07
3.49605e-07
3.49607e-07
3.49611e-07
3.4962e-07
3.4963e-07
3.49646e-07
3.49661e-07
3.49684e-07
3.49706e-07
3.49736e-07
3.49765e-07
3.49803e-07
3.4984e-07
3.49889e-07
3.49942e-07
3.49996e-07
3.50079e-07
3.50132e-07
3.50284e-07
3.50356e-07
3.5058e-07
3.50743e-07
3.51068e-07
3.51429e-07
3.519e-07
3.48355e-07
3.47947e-07
3.47625e-07
3.47348e-07
3.47196e-07
3.47002e-07
3.46929e-07
3.46795e-07
3.46742e-07
3.46665e-07
3.46613e-07
3.46561e-07
3.46514e-07
3.46477e-07
3.46439e-07
3.4641e-07
3.4638e-07
3.46358e-07
3.46335e-07
3.46319e-07
3.46303e-07
3.46293e-07
3.46283e-07
3.46279e-07
3.46276e-07
3.46275e-07
3.46277e-07
3.46281e-07
3.4629e-07
3.46299e-07
3.46315e-07
3.4633e-07
3.46353e-07
3.46375e-07
3.46404e-07
3.46433e-07
3.4647e-07
3.46507e-07
3.46554e-07
3.46606e-07
3.46658e-07
3.46735e-07
3.46789e-07
3.46923e-07
3.46998e-07
3.47192e-07
3.47345e-07
3.47623e-07
3.47946e-07
3.48354e-07
3.45671e-07
3.45307e-07
3.45014e-07
3.44763e-07
3.44617e-07
3.44445e-07
3.44369e-07
3.44249e-07
3.44194e-07
3.44121e-07
3.4407e-07
3.4402e-07
3.43973e-07
3.43935e-07
3.43899e-07
3.4387e-07
3.43841e-07
3.43818e-07
3.43796e-07
3.43779e-07
3.43764e-07
3.43753e-07
3.43744e-07
3.43739e-07
3.43736e-07
3.43736e-07
3.43738e-07
3.43742e-07
3.4375e-07
3.4376e-07
3.43775e-07
3.43791e-07
3.43813e-07
3.43835e-07
3.43864e-07
3.43893e-07
3.43929e-07
3.43966e-07
3.44012e-07
3.44062e-07
3.44114e-07
3.44187e-07
3.44242e-07
3.44363e-07
3.4444e-07
3.44613e-07
3.4476e-07
3.45012e-07
3.45306e-07
3.4567e-07
3.43666e-07
3.43332e-07
3.43059e-07
3.42829e-07
3.42687e-07
3.4253e-07
3.42451e-07
3.42341e-07
3.42285e-07
3.42215e-07
3.42165e-07
3.42115e-07
3.42069e-07
3.42031e-07
3.41996e-07
3.41966e-07
3.41938e-07
3.41915e-07
3.41893e-07
3.41876e-07
3.41861e-07
3.4185e-07
3.41841e-07
3.41836e-07
3.41833e-07
3.41833e-07
3.41835e-07
3.41839e-07
3.41847e-07
3.41857e-07
3.41872e-07
3.41888e-07
3.4191e-07
3.41932e-07
3.4196e-07
3.4199e-07
3.42024e-07
3.42061e-07
3.42108e-07
3.42157e-07
3.42208e-07
3.42278e-07
3.42335e-07
3.42446e-07
3.42526e-07
3.42683e-07
3.42826e-07
3.43057e-07
3.43331e-07
3.43665e-07
3.4225e-07
3.41936e-07
3.41676e-07
3.4146e-07
3.41319e-07
3.41174e-07
3.41093e-07
3.40989e-07
3.40932e-07
3.40865e-07
3.40814e-07
3.40766e-07
3.40718e-07
3.40681e-07
3.40647e-07
3.40617e-07
3.40588e-07
3.40565e-07
3.40543e-07
3.40527e-07
3.40511e-07
3.40501e-07
3.40492e-07
3.40487e-07
3.40484e-07
3.40483e-07
3.40485e-07
3.40489e-07
3.40498e-07
3.40508e-07
3.40523e-07
3.40539e-07
3.4056e-07
3.40583e-07
3.4061e-07
3.4064e-07
3.40674e-07
3.4071e-07
3.40759e-07
3.40807e-07
3.40857e-07
3.40925e-07
3.40983e-07
3.41087e-07
3.41169e-07
3.41315e-07
3.41457e-07
3.41674e-07
3.41934e-07
3.4225e-07
3.41434e-07
3.4113e-07
3.40878e-07
3.4067e-07
3.4053e-07
3.40392e-07
3.40309e-07
3.4021e-07
3.40151e-07
3.40085e-07
3.40035e-07
3.39988e-07
3.39939e-07
3.39902e-07
3.39868e-07
3.39838e-07
3.3981e-07
3.39786e-07
3.39765e-07
3.39748e-07
3.39733e-07
3.39722e-07
3.39713e-07
3.39708e-07
3.39705e-07
3.39705e-07
3.39707e-07
3.39711e-07
3.39719e-07
3.39729e-07
3.39744e-07
3.3976e-07
3.39782e-07
3.39804e-07
3.39832e-07
3.39862e-07
3.39895e-07
3.39932e-07
3.39981e-07
3.40028e-07
3.40078e-07
3.40145e-07
3.40204e-07
3.40303e-07
3.40387e-07
3.40527e-07
3.40667e-07
3.40876e-07
3.41129e-07
3.41434e-07
)
;

boundaryField
{
    fuel
    {
        type            fixedValue;
        value           nonuniform 0();
    }
    wall
    {
        type            zeroGradient;
    }
    outlet
    {
        type            zeroGradient;
    }
    frontAndBack
    {
        type            empty;
    }
    procBoundary3to2
    {
        type            processor;
        value           nonuniform List<scalar> 
51
(
1.8811e-06
1.8808e-06
1.88062e-06
1.88041e-06
1.8803e-06
1.88015e-06
1.88009e-06
1.87998e-06
1.87994e-06
1.87987e-06
1.87985e-06
1.87981e-06
1.87979e-06
1.87978e-06
1.87978e-06
1.87979e-06
1.8798e-06
1.87984e-06
1.87986e-06
1.87993e-06
1.87997e-06
1.88008e-06
1.88014e-06
1.88029e-06
1.8804e-06
1.88061e-06
1.88078e-06
1.88107e-06
1.88142e-06
1.88179e-06
1.88241e-06
1.88309e-06
1.88433e-06
1.88557e-06
1.88776e-06
1.89038e-06
1.89357e-06
1.89867e-06
1.90154e-06
1.86292e-06
1.85967e-06
1.85406e-06
1.85054e-06
1.84772e-06
1.84531e-06
1.84399e-06
1.84264e-06
1.84192e-06
1.84126e-06
1.84085e-06
1.84085e-06
)
;
    }
}


// ************************************************************************* //
