/*--------------------------------*- C++ -*----------------------------------*\
| =========                 |                                                 |
| \\      /  F ield         | OpenFOAM: The Open Source CFD Toolbox           |
|  \\    /   O peration     | Version:  dev                                   |
|   \\  /    A nd           | Web:      www.OpenFOAM.org                      |
|    \\/     M anipulation  |                                                 |
\*---------------------------------------------------------------------------*/
FoamFile
{
    version     2.0;
    format      ascii;
    class       volScalarField;
    location    "0.085";
    object      A4;
}
// * * * * * * * * * * * * * * * * * * * * * * * * * * * * * * * * * * * * * //

dimensions      [0 0 0 0 0 0 0];

internalField   nonuniform List<scalar> 
1989
(
5.14884e-08
5.14892e-08
5.14898e-08
5.14904e-08
5.14909e-08
5.14913e-08
5.14916e-08
5.14918e-08
5.1492e-08
5.14922e-08
5.14923e-08
5.14924e-08
5.14925e-08
5.14925e-08
5.14925e-08
5.14925e-08
5.14924e-08
5.14923e-08
5.14922e-08
5.1492e-08
5.14918e-08
5.14916e-08
5.14913e-08
5.14909e-08
5.14904e-08
5.14898e-08
5.14892e-08
5.14884e-08
5.14874e-08
5.14862e-08
5.14845e-08
5.14824e-08
5.14796e-08
5.14758e-08
5.14697e-08
5.14605e-08
5.14491e-08
5.14318e-08
5.14159e-08
5.1434e-08
5.14492e-08
5.14658e-08
5.14766e-08
5.14854e-08
5.14912e-08
5.14949e-08
5.14976e-08
5.14996e-08
5.15012e-08
5.15024e-08
5.15034e-08
5.15042e-08
5.15048e-08
5.15054e-08
5.15058e-08
5.15062e-08
5.15065e-08
5.15068e-08
5.1507e-08
5.15071e-08
5.15072e-08
5.15073e-08
5.15074e-08
5.15074e-08
5.15074e-08
5.15074e-08
5.15073e-08
5.15072e-08
5.15071e-08
5.1507e-08
5.15068e-08
5.15065e-08
5.15062e-08
5.15058e-08
5.15054e-08
5.15048e-08
5.15042e-08
5.15034e-08
5.15024e-08
5.15012e-08
5.14996e-08
5.14976e-08
5.14949e-08
5.14912e-08
5.14854e-08
5.14767e-08
5.14658e-08
5.14492e-08
5.1434e-08
5.14521e-08
5.14665e-08
5.14824e-08
5.14927e-08
5.1501e-08
5.15065e-08
5.15101e-08
5.15127e-08
5.15146e-08
5.15162e-08
5.15173e-08
5.15183e-08
5.15191e-08
5.15197e-08
5.15203e-08
5.15207e-08
5.15211e-08
5.15214e-08
5.15216e-08
5.15218e-08
5.15219e-08
5.15221e-08
5.15221e-08
5.15222e-08
5.15222e-08
5.15222e-08
5.15222e-08
5.15221e-08
5.15221e-08
5.15219e-08
5.15218e-08
5.15216e-08
5.15214e-08
5.15211e-08
5.15207e-08
5.15202e-08
5.15197e-08
5.15191e-08
5.15183e-08
5.15174e-08
5.15162e-08
5.15146e-08
5.15127e-08
5.15101e-08
5.15066e-08
5.15011e-08
5.14927e-08
5.14824e-08
5.14666e-08
5.14521e-08
5.147e-08
5.14837e-08
5.1499e-08
5.15087e-08
5.15166e-08
5.15218e-08
5.15252e-08
5.15277e-08
5.15296e-08
5.15311e-08
5.15322e-08
5.15332e-08
5.15339e-08
5.15345e-08
5.1535e-08
5.15355e-08
5.15358e-08
5.15361e-08
5.15364e-08
5.15365e-08
5.15367e-08
5.15368e-08
5.15369e-08
5.15369e-08
5.1537e-08
5.1537e-08
5.15369e-08
5.15369e-08
5.15368e-08
5.15367e-08
5.15365e-08
5.15364e-08
5.15361e-08
5.15358e-08
5.15355e-08
5.1535e-08
5.15345e-08
5.15339e-08
5.15332e-08
5.15323e-08
5.15311e-08
5.15296e-08
5.15278e-08
5.15253e-08
5.15219e-08
5.15166e-08
5.15087e-08
5.1499e-08
5.14838e-08
5.147e-08
5.14876e-08
5.15007e-08
5.15149e-08
5.1524e-08
5.15315e-08
5.15365e-08
5.15397e-08
5.15421e-08
5.15439e-08
5.15454e-08
5.15464e-08
5.15473e-08
5.1548e-08
5.15486e-08
5.15492e-08
5.15496e-08
5.15499e-08
5.15502e-08
5.15504e-08
5.15506e-08
5.15508e-08
5.15509e-08
5.1551e-08
5.1551e-08
5.1551e-08
5.1551e-08
5.1551e-08
5.1551e-08
5.15509e-08
5.15508e-08
5.15506e-08
5.15504e-08
5.15502e-08
5.15499e-08
5.15496e-08
5.15491e-08
5.15486e-08
5.1548e-08
5.15474e-08
5.15465e-08
5.15454e-08
5.15439e-08
5.15421e-08
5.15397e-08
5.15365e-08
5.15315e-08
5.1524e-08
5.15149e-08
5.15007e-08
5.14877e-08
5.15042e-08
5.15166e-08
5.15302e-08
5.15387e-08
5.15458e-08
5.15505e-08
5.15536e-08
5.15559e-08
5.15576e-08
5.1559e-08
5.156e-08
5.15609e-08
5.15616e-08
5.15622e-08
5.15627e-08
5.1563e-08
5.15634e-08
5.15637e-08
5.15639e-08
5.15641e-08
5.15642e-08
5.15643e-08
5.15644e-08
5.15645e-08
5.15645e-08
5.15645e-08
5.15645e-08
5.15644e-08
5.15643e-08
5.15642e-08
5.15641e-08
5.15639e-08
5.15637e-08
5.15634e-08
5.1563e-08
5.15626e-08
5.15621e-08
5.15616e-08
5.15609e-08
5.15601e-08
5.1559e-08
5.15576e-08
5.15559e-08
5.15536e-08
5.15505e-08
5.15458e-08
5.15388e-08
5.15303e-08
5.15166e-08
5.15043e-08
5.152e-08
5.15318e-08
5.15447e-08
5.15527e-08
5.15593e-08
5.15638e-08
5.15667e-08
5.15689e-08
5.15705e-08
5.15719e-08
5.15729e-08
5.15737e-08
5.15744e-08
5.15749e-08
5.15754e-08
5.15758e-08
5.15761e-08
5.15764e-08
5.15766e-08
5.15768e-08
5.15769e-08
5.1577e-08
5.15771e-08
5.15772e-08
5.15772e-08
5.15772e-08
5.15772e-08
5.15771e-08
5.1577e-08
5.15769e-08
5.15768e-08
5.15766e-08
5.15764e-08
5.15761e-08
5.15758e-08
5.15754e-08
5.15749e-08
5.15744e-08
5.15738e-08
5.15729e-08
5.15719e-08
5.15705e-08
5.15689e-08
5.15667e-08
5.15638e-08
5.15593e-08
5.15527e-08
5.15448e-08
5.15318e-08
5.15201e-08
5.15351e-08
5.15463e-08
5.15585e-08
5.1566e-08
5.15722e-08
5.15764e-08
5.15792e-08
5.15813e-08
5.15828e-08
5.15841e-08
5.15851e-08
5.15859e-08
5.15865e-08
5.15871e-08
5.15875e-08
5.15879e-08
5.15882e-08
5.15885e-08
5.15887e-08
5.15889e-08
5.1589e-08
5.15891e-08
5.15892e-08
5.15892e-08
5.15893e-08
5.15893e-08
5.15892e-08
5.15892e-08
5.15891e-08
5.1589e-08
5.15889e-08
5.15887e-08
5.15885e-08
5.15882e-08
5.15879e-08
5.15875e-08
5.15871e-08
5.15865e-08
5.15859e-08
5.15851e-08
5.15841e-08
5.15829e-08
5.15813e-08
5.15792e-08
5.15764e-08
5.15722e-08
5.1566e-08
5.15585e-08
5.15464e-08
5.15351e-08
5.15494e-08
5.156e-08
5.15714e-08
5.15785e-08
5.15842e-08
5.15882e-08
5.15908e-08
5.15928e-08
5.15943e-08
5.15955e-08
5.15964e-08
5.15973e-08
5.15978e-08
5.15984e-08
5.15988e-08
5.15992e-08
5.15995e-08
5.15997e-08
5.15999e-08
5.16001e-08
5.16002e-08
5.16003e-08
5.16004e-08
5.16005e-08
5.16005e-08
5.16005e-08
5.16005e-08
5.16004e-08
5.16003e-08
5.16002e-08
5.16001e-08
5.15999e-08
5.15997e-08
5.15995e-08
5.15992e-08
5.15988e-08
5.15984e-08
5.15978e-08
5.15973e-08
5.15965e-08
5.15955e-08
5.15943e-08
5.15928e-08
5.15908e-08
5.15882e-08
5.15842e-08
5.15785e-08
5.15714e-08
5.15601e-08
5.15494e-08
5.15627e-08
5.15727e-08
5.15832e-08
5.15899e-08
5.15953e-08
5.1599e-08
5.16015e-08
5.16034e-08
5.16048e-08
5.1606e-08
5.16068e-08
5.16076e-08
5.16082e-08
5.16087e-08
5.16091e-08
5.16095e-08
5.16098e-08
5.161e-08
5.16102e-08
5.16104e-08
5.16105e-08
5.16106e-08
5.16107e-08
5.16107e-08
5.16107e-08
5.16107e-08
5.16107e-08
5.16107e-08
5.16106e-08
5.16105e-08
5.16104e-08
5.16102e-08
5.161e-08
5.16098e-08
5.16095e-08
5.16091e-08
5.16087e-08
5.16082e-08
5.16076e-08
5.16069e-08
5.1606e-08
5.16048e-08
5.16034e-08
5.16015e-08
5.1599e-08
5.15953e-08
5.15899e-08
5.15832e-08
5.15727e-08
5.15627e-08
5.15748e-08
5.15843e-08
5.1594e-08
5.16001e-08
5.16051e-08
5.16087e-08
5.1611e-08
5.16128e-08
5.16141e-08
5.16152e-08
5.16161e-08
5.16168e-08
5.16174e-08
5.16179e-08
5.16183e-08
5.16186e-08
5.16189e-08
5.16191e-08
5.16193e-08
5.16195e-08
5.16196e-08
5.16197e-08
5.16198e-08
5.16198e-08
5.16199e-08
5.16199e-08
5.16198e-08
5.16198e-08
5.16197e-08
5.16196e-08
5.16195e-08
5.16193e-08
5.16191e-08
5.16189e-08
5.16186e-08
5.16183e-08
5.16178e-08
5.16174e-08
5.16168e-08
5.16161e-08
5.16152e-08
5.16141e-08
5.16128e-08
5.1611e-08
5.16087e-08
5.16052e-08
5.16002e-08
5.15941e-08
5.15843e-08
5.15749e-08
5.15857e-08
5.15946e-08
5.16036e-08
5.16094e-08
5.1614e-08
5.16173e-08
5.16195e-08
5.16212e-08
5.16225e-08
5.16236e-08
5.16244e-08
5.16251e-08
5.16256e-08
5.16261e-08
5.16265e-08
5.16268e-08
5.16271e-08
5.16273e-08
5.16275e-08
5.16276e-08
5.16278e-08
5.16279e-08
5.16279e-08
5.1628e-08
5.1628e-08
5.1628e-08
5.1628e-08
5.16279e-08
5.16279e-08
5.16278e-08
5.16276e-08
5.16275e-08
5.16273e-08
5.16271e-08
5.16268e-08
5.16265e-08
5.16261e-08
5.16256e-08
5.16251e-08
5.16244e-08
5.16235e-08
5.16225e-08
5.16212e-08
5.16195e-08
5.16173e-08
5.1614e-08
5.16094e-08
5.16037e-08
5.15947e-08
5.15857e-08
5.15955e-08
5.1604e-08
5.16124e-08
5.16177e-08
5.1622e-08
5.16251e-08
5.16272e-08
5.16288e-08
5.163e-08
5.1631e-08
5.16318e-08
5.16324e-08
5.16329e-08
5.16334e-08
5.16338e-08
5.16341e-08
5.16344e-08
5.16346e-08
5.16348e-08
5.16349e-08
5.1635e-08
5.16351e-08
5.16352e-08
5.16353e-08
5.16353e-08
5.16353e-08
5.16353e-08
5.16352e-08
5.16351e-08
5.1635e-08
5.16349e-08
5.16348e-08
5.16346e-08
5.16344e-08
5.16341e-08
5.16338e-08
5.16334e-08
5.16329e-08
5.16324e-08
5.16318e-08
5.1631e-08
5.163e-08
5.16288e-08
5.16272e-08
5.16251e-08
5.1622e-08
5.16177e-08
5.16124e-08
5.1604e-08
5.15956e-08
5.16044e-08
5.16123e-08
5.16201e-08
5.1625e-08
5.1629e-08
5.16319e-08
5.16338e-08
5.16354e-08
5.16365e-08
5.16375e-08
5.16382e-08
5.16388e-08
5.16393e-08
5.16398e-08
5.16401e-08
5.16404e-08
5.16407e-08
5.16409e-08
5.16411e-08
5.16412e-08
5.16414e-08
5.16414e-08
5.16415e-08
5.16416e-08
5.16416e-08
5.16416e-08
5.16416e-08
5.16415e-08
5.16414e-08
5.16414e-08
5.16412e-08
5.16411e-08
5.16409e-08
5.16407e-08
5.16404e-08
5.16401e-08
5.16397e-08
5.16393e-08
5.16388e-08
5.16382e-08
5.16375e-08
5.16365e-08
5.16354e-08
5.16339e-08
5.16319e-08
5.1629e-08
5.16251e-08
5.16201e-08
5.16124e-08
5.16044e-08
5.1612e-08
5.16196e-08
5.16267e-08
5.16313e-08
5.1635e-08
5.16376e-08
5.16395e-08
5.16409e-08
5.1642e-08
5.16429e-08
5.16436e-08
5.16442e-08
5.16447e-08
5.16451e-08
5.16454e-08
5.16457e-08
5.1646e-08
5.16462e-08
5.16464e-08
5.16465e-08
5.16466e-08
5.16467e-08
5.16468e-08
5.16468e-08
5.16469e-08
5.16469e-08
5.16468e-08
5.16468e-08
5.16467e-08
5.16466e-08
5.16465e-08
5.16464e-08
5.16462e-08
5.1646e-08
5.16457e-08
5.16454e-08
5.16451e-08
5.16447e-08
5.16442e-08
5.16436e-08
5.16429e-08
5.1642e-08
5.16409e-08
5.16395e-08
5.16377e-08
5.1635e-08
5.16313e-08
5.16267e-08
5.16196e-08
5.1612e-08
5.16187e-08
5.16258e-08
5.16323e-08
5.16366e-08
5.164e-08
5.16425e-08
5.16442e-08
5.16456e-08
5.16466e-08
5.16474e-08
5.16481e-08
5.16487e-08
5.16491e-08
5.16495e-08
5.16499e-08
5.16502e-08
5.16504e-08
5.16506e-08
5.16508e-08
5.16509e-08
5.1651e-08
5.16511e-08
5.16512e-08
5.16512e-08
5.16513e-08
5.16513e-08
5.16512e-08
5.16512e-08
5.16511e-08
5.1651e-08
5.16509e-08
5.16508e-08
5.16506e-08
5.16504e-08
5.16502e-08
5.16499e-08
5.16495e-08
5.16491e-08
5.16487e-08
5.16482e-08
5.16474e-08
5.16466e-08
5.16456e-08
5.16442e-08
5.16425e-08
5.164e-08
5.16366e-08
5.16323e-08
5.16258e-08
5.16187e-08
5.16245e-08
5.1631e-08
5.1637e-08
5.1641e-08
5.16441e-08
5.16465e-08
5.16481e-08
5.16493e-08
5.16503e-08
5.16511e-08
5.16518e-08
5.16523e-08
5.16527e-08
5.16531e-08
5.16535e-08
5.16537e-08
5.1654e-08
5.16542e-08
5.16543e-08
5.16545e-08
5.16546e-08
5.16546e-08
5.16547e-08
5.16548e-08
5.16548e-08
5.16548e-08
5.16548e-08
5.16547e-08
5.16546e-08
5.16546e-08
5.16545e-08
5.16543e-08
5.16542e-08
5.1654e-08
5.16537e-08
5.16534e-08
5.16531e-08
5.16527e-08
5.16523e-08
5.16518e-08
5.16511e-08
5.16503e-08
5.16493e-08
5.16481e-08
5.16465e-08
5.16442e-08
5.1641e-08
5.1637e-08
5.1631e-08
5.16245e-08
5.16293e-08
5.16353e-08
5.16408e-08
5.16445e-08
5.16474e-08
5.16496e-08
5.16511e-08
5.16523e-08
5.16532e-08
5.1654e-08
5.16546e-08
5.16551e-08
5.16555e-08
5.16559e-08
5.16562e-08
5.16565e-08
5.16567e-08
5.16569e-08
5.16571e-08
5.16572e-08
5.16573e-08
5.16574e-08
5.16574e-08
5.16575e-08
5.16575e-08
5.16575e-08
5.16575e-08
5.16574e-08
5.16574e-08
5.16573e-08
5.16572e-08
5.16571e-08
5.16569e-08
5.16567e-08
5.16565e-08
5.16562e-08
5.16559e-08
5.16555e-08
5.16551e-08
5.16546e-08
5.1654e-08
5.16532e-08
5.16523e-08
5.16511e-08
5.16496e-08
5.16475e-08
5.16445e-08
5.16408e-08
5.16354e-08
5.16293e-08
5.16333e-08
5.16388e-08
5.16438e-08
5.16473e-08
5.165e-08
5.1652e-08
5.16534e-08
5.16545e-08
5.16554e-08
5.16561e-08
5.16567e-08
5.16572e-08
5.16576e-08
5.16579e-08
5.16582e-08
5.16585e-08
5.16587e-08
5.16589e-08
5.1659e-08
5.16592e-08
5.16593e-08
5.16594e-08
5.16594e-08
5.16595e-08
5.16595e-08
5.16595e-08
5.16595e-08
5.16594e-08
5.16594e-08
5.16593e-08
5.16592e-08
5.1659e-08
5.16589e-08
5.16587e-08
5.16585e-08
5.16582e-08
5.16579e-08
5.16576e-08
5.16572e-08
5.16567e-08
5.16561e-08
5.16554e-08
5.16545e-08
5.16534e-08
5.1652e-08
5.165e-08
5.16473e-08
5.16438e-08
5.16388e-08
5.16333e-08
5.16364e-08
5.16415e-08
5.16461e-08
5.16493e-08
5.16518e-08
5.16536e-08
5.1655e-08
5.1656e-08
5.16568e-08
5.16575e-08
5.16581e-08
5.16585e-08
5.16589e-08
5.16593e-08
5.16595e-08
5.16598e-08
5.166e-08
5.16602e-08
5.16603e-08
5.16605e-08
5.16606e-08
5.16606e-08
5.16607e-08
5.16607e-08
5.16608e-08
5.16608e-08
5.16607e-08
5.16607e-08
5.16606e-08
5.16606e-08
5.16605e-08
5.16603e-08
5.16602e-08
5.166e-08
5.16598e-08
5.16595e-08
5.16592e-08
5.16589e-08
5.16585e-08
5.16581e-08
5.16575e-08
5.16568e-08
5.1656e-08
5.1655e-08
5.16536e-08
5.16518e-08
5.16493e-08
5.16461e-08
5.16415e-08
5.16364e-08
5.16388e-08
5.16435e-08
5.16477e-08
5.16506e-08
5.16529e-08
5.16546e-08
5.16559e-08
5.16568e-08
5.16576e-08
5.16583e-08
5.16588e-08
5.16593e-08
5.16596e-08
5.16599e-08
5.16602e-08
5.16605e-08
5.16607e-08
5.16608e-08
5.1661e-08
5.16611e-08
5.16612e-08
5.16613e-08
5.16613e-08
5.16614e-08
5.16614e-08
5.16614e-08
5.16614e-08
5.16613e-08
5.16613e-08
5.16612e-08
5.16611e-08
5.1661e-08
5.16608e-08
5.16607e-08
5.16605e-08
5.16602e-08
5.16599e-08
5.16596e-08
5.16593e-08
5.16588e-08
5.16583e-08
5.16576e-08
5.16569e-08
5.16559e-08
5.16546e-08
5.16529e-08
5.16506e-08
5.16477e-08
5.16435e-08
5.16388e-08
5.16405e-08
5.16448e-08
5.16486e-08
5.16513e-08
5.16535e-08
5.1655e-08
5.16562e-08
5.16571e-08
5.16578e-08
5.16584e-08
5.1659e-08
5.16594e-08
5.16597e-08
5.16601e-08
5.16603e-08
5.16606e-08
5.16608e-08
5.16609e-08
5.16611e-08
5.16612e-08
5.16613e-08
5.16613e-08
5.16614e-08
5.16614e-08
5.16615e-08
5.16615e-08
5.16614e-08
5.16614e-08
5.16613e-08
5.16613e-08
5.16612e-08
5.16611e-08
5.16609e-08
5.16608e-08
5.16606e-08
5.16603e-08
5.166e-08
5.16597e-08
5.16594e-08
5.1659e-08
5.16584e-08
5.16578e-08
5.16571e-08
5.16562e-08
5.1655e-08
5.16535e-08
5.16513e-08
5.16486e-08
5.16448e-08
5.16405e-08
5.16415e-08
5.16455e-08
5.1649e-08
5.16515e-08
5.16534e-08
5.16549e-08
5.1656e-08
5.16568e-08
5.16575e-08
5.16581e-08
5.16586e-08
5.1659e-08
5.16593e-08
5.16596e-08
5.16599e-08
5.16601e-08
5.16603e-08
5.16605e-08
5.16606e-08
5.16607e-08
5.16608e-08
5.16609e-08
5.16609e-08
5.1661e-08
5.1661e-08
5.1661e-08
5.1661e-08
5.16609e-08
5.16609e-08
5.16608e-08
5.16607e-08
5.16606e-08
5.16605e-08
5.16603e-08
5.16601e-08
5.16599e-08
5.16596e-08
5.16593e-08
5.1659e-08
5.16586e-08
5.16581e-08
5.16575e-08
5.16568e-08
5.1656e-08
5.16549e-08
5.16535e-08
5.16515e-08
5.1649e-08
5.16455e-08
5.16416e-08
5.1642e-08
5.16457e-08
5.16488e-08
5.16511e-08
5.16529e-08
5.16543e-08
5.16553e-08
5.16561e-08
5.16567e-08
5.16573e-08
5.16578e-08
5.16582e-08
5.16585e-08
5.16588e-08
5.1659e-08
5.16592e-08
5.16594e-08
5.16596e-08
5.16597e-08
5.16598e-08
5.16599e-08
5.166e-08
5.166e-08
5.16601e-08
5.16601e-08
5.16601e-08
5.16601e-08
5.166e-08
5.166e-08
5.16599e-08
5.16598e-08
5.16597e-08
5.16596e-08
5.16594e-08
5.16592e-08
5.1659e-08
5.16587e-08
5.16585e-08
5.16582e-08
5.16578e-08
5.16573e-08
5.16568e-08
5.16561e-08
5.16553e-08
5.16543e-08
5.1653e-08
5.16511e-08
5.16489e-08
5.16457e-08
5.16421e-08
5.1642e-08
5.16454e-08
5.16482e-08
5.16503e-08
5.1652e-08
5.16532e-08
5.16542e-08
5.16549e-08
5.16556e-08
5.1656e-08
5.16565e-08
5.16569e-08
5.16572e-08
5.16575e-08
5.16577e-08
5.16579e-08
5.16581e-08
5.16582e-08
5.16584e-08
5.16585e-08
5.16586e-08
5.16586e-08
5.16587e-08
5.16587e-08
5.16587e-08
5.16587e-08
5.16587e-08
5.16587e-08
5.16586e-08
5.16586e-08
5.16585e-08
5.16584e-08
5.16582e-08
5.16581e-08
5.16579e-08
5.16577e-08
5.16575e-08
5.16572e-08
5.16569e-08
5.16565e-08
5.16561e-08
5.16556e-08
5.16549e-08
5.16542e-08
5.16533e-08
5.1652e-08
5.16504e-08
5.16483e-08
5.16454e-08
5.1642e-08
5.16416e-08
5.16446e-08
5.16472e-08
5.16492e-08
5.16507e-08
5.16518e-08
5.16527e-08
5.16534e-08
5.1654e-08
5.16545e-08
5.16549e-08
5.16553e-08
5.16556e-08
5.16558e-08
5.16561e-08
5.16563e-08
5.16564e-08
5.16566e-08
5.16567e-08
5.16568e-08
5.16569e-08
5.1657e-08
5.1657e-08
5.1657e-08
5.16571e-08
5.16571e-08
5.1657e-08
5.1657e-08
5.1657e-08
5.16569e-08
5.16568e-08
5.16567e-08
5.16566e-08
5.16564e-08
5.16563e-08
5.1656e-08
5.16558e-08
5.16556e-08
5.16553e-08
5.16549e-08
5.16545e-08
5.1654e-08
5.16534e-08
5.16527e-08
5.16518e-08
5.16507e-08
5.16492e-08
5.16473e-08
5.16447e-08
5.16416e-08
5.16407e-08
5.16436e-08
5.16459e-08
5.16476e-08
5.16491e-08
5.16501e-08
5.1651e-08
5.16516e-08
5.16522e-08
5.16526e-08
5.1653e-08
5.16534e-08
5.16536e-08
5.16539e-08
5.16541e-08
5.16543e-08
5.16545e-08
5.16546e-08
5.16547e-08
5.16548e-08
5.16549e-08
5.1655e-08
5.1655e-08
5.16551e-08
5.16551e-08
5.16551e-08
5.16551e-08
5.1655e-08
5.1655e-08
5.16549e-08
5.16548e-08
5.16547e-08
5.16546e-08
5.16545e-08
5.16543e-08
5.16541e-08
5.16539e-08
5.16536e-08
5.16534e-08
5.1653e-08
5.16526e-08
5.16522e-08
5.16516e-08
5.1651e-08
5.16501e-08
5.16491e-08
5.16477e-08
5.16459e-08
5.16436e-08
5.16407e-08
5.16395e-08
5.16422e-08
5.16443e-08
5.16459e-08
5.16472e-08
5.16481e-08
5.16489e-08
5.16495e-08
5.16501e-08
5.16505e-08
5.16509e-08
5.16512e-08
5.16515e-08
5.16517e-08
5.16519e-08
5.16521e-08
5.16523e-08
5.16524e-08
5.16525e-08
5.16526e-08
5.16527e-08
5.16528e-08
5.16528e-08
5.16529e-08
5.16529e-08
5.16529e-08
5.16529e-08
5.16528e-08
5.16528e-08
5.16527e-08
5.16526e-08
5.16525e-08
5.16524e-08
5.16523e-08
5.16521e-08
5.16519e-08
5.16517e-08
5.16515e-08
5.16512e-08
5.16509e-08
5.16505e-08
5.16501e-08
5.16495e-08
5.16489e-08
5.16481e-08
5.16472e-08
5.16459e-08
5.16443e-08
5.16422e-08
5.16396e-08
5.16382e-08
5.16405e-08
5.16424e-08
5.16439e-08
5.16451e-08
5.1646e-08
5.16467e-08
5.16473e-08
5.16478e-08
5.16482e-08
5.16486e-08
5.16489e-08
5.16492e-08
5.16494e-08
5.16496e-08
5.16498e-08
5.16499e-08
5.16501e-08
5.16502e-08
5.16503e-08
5.16503e-08
5.16504e-08
5.16505e-08
5.16505e-08
5.16505e-08
5.16505e-08
5.16505e-08
5.16505e-08
5.16504e-08
5.16503e-08
5.16503e-08
5.16502e-08
5.16501e-08
5.16499e-08
5.16498e-08
5.16496e-08
5.16494e-08
5.16492e-08
5.16489e-08
5.16486e-08
5.16482e-08
5.16478e-08
5.16473e-08
5.16467e-08
5.1646e-08
5.16451e-08
5.16439e-08
5.16425e-08
5.16406e-08
5.16382e-08
5.16366e-08
5.16387e-08
5.16404e-08
5.16418e-08
5.16429e-08
5.16437e-08
5.16444e-08
5.16449e-08
5.16454e-08
5.16458e-08
5.16462e-08
5.16465e-08
5.16467e-08
5.16469e-08
5.16471e-08
5.16473e-08
5.16475e-08
5.16476e-08
5.16477e-08
5.16478e-08
5.16479e-08
5.16479e-08
5.1648e-08
5.1648e-08
5.1648e-08
5.1648e-08
5.1648e-08
5.1648e-08
5.16479e-08
5.16479e-08
5.16478e-08
5.16477e-08
5.16476e-08
5.16475e-08
5.16473e-08
5.16471e-08
5.16469e-08
5.16467e-08
5.16465e-08
5.16462e-08
5.16458e-08
5.16454e-08
5.16449e-08
5.16444e-08
5.16437e-08
5.16429e-08
5.16418e-08
5.16405e-08
5.16388e-08
5.16366e-08
5.16348e-08
5.16368e-08
5.16383e-08
5.16396e-08
5.16406e-08
5.16413e-08
5.1642e-08
5.16425e-08
5.1643e-08
5.16433e-08
5.16437e-08
5.1644e-08
5.16442e-08
5.16444e-08
5.16446e-08
5.16448e-08
5.16449e-08
5.1645e-08
5.16451e-08
5.16452e-08
5.16453e-08
5.16454e-08
5.16454e-08
5.16455e-08
5.16455e-08
5.16455e-08
5.16454e-08
5.16454e-08
5.16454e-08
5.16453e-08
5.16452e-08
5.16451e-08
5.1645e-08
5.16449e-08
5.16448e-08
5.16446e-08
5.16444e-08
5.16442e-08
5.1644e-08
5.16437e-08
5.16433e-08
5.1643e-08
5.16425e-08
5.1642e-08
5.16414e-08
5.16406e-08
5.16396e-08
5.16384e-08
5.16368e-08
5.16349e-08
5.1633e-08
5.16348e-08
5.16362e-08
5.16373e-08
5.16382e-08
5.16389e-08
5.16395e-08
5.164e-08
5.16404e-08
5.16408e-08
5.16411e-08
5.16414e-08
5.16416e-08
5.16418e-08
5.1642e-08
5.16422e-08
5.16423e-08
5.16424e-08
5.16425e-08
5.16426e-08
5.16427e-08
5.16428e-08
5.16428e-08
5.16428e-08
5.16429e-08
5.16429e-08
5.16428e-08
5.16428e-08
5.16428e-08
5.16427e-08
5.16426e-08
5.16425e-08
5.16424e-08
5.16423e-08
5.16422e-08
5.1642e-08
5.16418e-08
5.16416e-08
5.16414e-08
5.16411e-08
5.16408e-08
5.16404e-08
5.164e-08
5.16396e-08
5.16389e-08
5.16382e-08
5.16373e-08
5.16362e-08
5.16348e-08
5.1633e-08
5.16311e-08
5.16327e-08
5.1634e-08
5.1635e-08
5.16359e-08
5.16365e-08
5.16371e-08
5.16375e-08
5.1638e-08
5.16383e-08
5.16386e-08
5.16389e-08
5.16391e-08
5.16393e-08
5.16395e-08
5.16396e-08
5.16397e-08
5.16399e-08
5.164e-08
5.164e-08
5.16401e-08
5.16402e-08
5.16402e-08
5.16403e-08
5.16403e-08
5.16403e-08
5.16403e-08
5.16402e-08
5.16402e-08
5.16401e-08
5.164e-08
5.164e-08
5.16399e-08
5.16397e-08
5.16396e-08
5.16394e-08
5.16393e-08
5.16391e-08
5.16389e-08
5.16386e-08
5.16383e-08
5.1638e-08
5.16375e-08
5.16371e-08
5.16365e-08
5.16359e-08
5.1635e-08
5.1634e-08
5.16327e-08
5.16311e-08
5.16291e-08
5.16306e-08
5.16318e-08
5.16327e-08
5.16335e-08
5.16341e-08
5.16347e-08
5.16351e-08
5.16355e-08
5.16358e-08
5.16361e-08
5.16364e-08
5.16366e-08
5.16368e-08
5.16369e-08
5.16371e-08
5.16372e-08
5.16373e-08
5.16374e-08
5.16375e-08
5.16376e-08
5.16376e-08
5.16377e-08
5.16377e-08
5.16377e-08
5.16377e-08
5.16377e-08
5.16377e-08
5.16376e-08
5.16376e-08
5.16375e-08
5.16374e-08
5.16373e-08
5.16372e-08
5.16371e-08
5.16369e-08
5.16368e-08
5.16366e-08
5.16364e-08
5.16361e-08
5.16358e-08
5.16355e-08
5.16351e-08
5.16347e-08
5.16341e-08
5.16335e-08
5.16327e-08
5.16318e-08
5.16307e-08
5.16292e-08
5.16272e-08
5.16286e-08
5.16297e-08
5.16305e-08
5.16313e-08
5.16318e-08
5.16324e-08
5.16327e-08
5.16331e-08
5.16334e-08
5.16337e-08
5.1634e-08
5.16342e-08
5.16343e-08
5.16345e-08
5.16346e-08
5.16348e-08
5.16349e-08
5.1635e-08
5.16351e-08
5.16351e-08
5.16352e-08
5.16352e-08
5.16353e-08
5.16353e-08
5.16353e-08
5.16353e-08
5.16352e-08
5.16352e-08
5.16351e-08
5.16351e-08
5.1635e-08
5.16349e-08
5.16348e-08
5.16346e-08
5.16345e-08
5.16343e-08
5.16341e-08
5.16339e-08
5.16337e-08
5.16334e-08
5.16331e-08
5.16328e-08
5.16324e-08
5.16319e-08
5.16313e-08
5.16305e-08
5.16297e-08
5.16286e-08
5.16273e-08
5.16254e-08
5.16267e-08
5.16276e-08
5.16284e-08
5.16291e-08
5.16297e-08
5.16302e-08
5.16305e-08
5.16309e-08
5.16312e-08
5.16315e-08
5.16317e-08
5.16319e-08
5.16321e-08
5.16322e-08
5.16324e-08
5.16325e-08
5.16326e-08
5.16327e-08
5.16328e-08
5.16328e-08
5.16329e-08
5.16329e-08
5.1633e-08
5.1633e-08
5.1633e-08
5.1633e-08
5.16329e-08
5.16329e-08
5.16328e-08
5.16328e-08
5.16327e-08
5.16326e-08
5.16325e-08
5.16324e-08
5.16322e-08
5.1632e-08
5.16319e-08
5.16317e-08
5.16314e-08
5.16312e-08
5.16309e-08
5.16305e-08
5.16302e-08
5.16297e-08
5.16292e-08
5.16285e-08
5.16277e-08
5.16267e-08
5.16254e-08
5.16237e-08
5.1625e-08
5.16258e-08
5.16265e-08
5.16272e-08
5.16277e-08
5.16281e-08
5.16285e-08
5.16288e-08
5.16291e-08
5.16294e-08
5.16296e-08
5.16298e-08
5.163e-08
5.16301e-08
5.16302e-08
5.16304e-08
5.16305e-08
5.16306e-08
5.16306e-08
5.16307e-08
5.16308e-08
5.16308e-08
5.16308e-08
5.16308e-08
5.16308e-08
5.16308e-08
5.16308e-08
5.16308e-08
5.16307e-08
5.16306e-08
5.16306e-08
5.16305e-08
5.16304e-08
5.16302e-08
5.16301e-08
5.16299e-08
5.16298e-08
5.16296e-08
5.16294e-08
5.16291e-08
5.16288e-08
5.16285e-08
5.16281e-08
5.16277e-08
5.16272e-08
5.16265e-08
5.16258e-08
5.1625e-08
5.16237e-08
5.16222e-08
5.16234e-08
5.16241e-08
5.16248e-08
5.16254e-08
5.16259e-08
5.16264e-08
5.16267e-08
5.1627e-08
5.16273e-08
5.16276e-08
5.16278e-08
5.16279e-08
5.16281e-08
5.16283e-08
5.16284e-08
5.16285e-08
5.16286e-08
5.16287e-08
5.16288e-08
5.16289e-08
5.16289e-08
5.16289e-08
5.1629e-08
5.1629e-08
5.1629e-08
5.1629e-08
5.16289e-08
5.16289e-08
5.16288e-08
5.16288e-08
5.16287e-08
5.16286e-08
5.16285e-08
5.16284e-08
5.16283e-08
5.16281e-08
5.16279e-08
5.16278e-08
5.16276e-08
5.16273e-08
5.1627e-08
5.16267e-08
5.16264e-08
5.16259e-08
5.16255e-08
5.16248e-08
5.16241e-08
5.16235e-08
5.16222e-08
5.16209e-08
5.16222e-08
5.16228e-08
5.16235e-08
5.16241e-08
5.16245e-08
5.16249e-08
5.16253e-08
5.16256e-08
5.16259e-08
5.16261e-08
5.16263e-08
5.16265e-08
5.16266e-08
5.16268e-08
5.16269e-08
5.1627e-08
5.16271e-08
5.16272e-08
5.16273e-08
5.16274e-08
5.16274e-08
5.16275e-08
5.16275e-08
5.16275e-08
5.16275e-08
5.16275e-08
5.16275e-08
5.16274e-08
5.16274e-08
5.16273e-08
5.16272e-08
5.16271e-08
5.1627e-08
5.16269e-08
5.16268e-08
5.16266e-08
5.16265e-08
5.16263e-08
5.16261e-08
5.16259e-08
5.16256e-08
5.16253e-08
5.16249e-08
5.16245e-08
5.16241e-08
5.16235e-08
5.16228e-08
5.16222e-08
5.1621e-08
5.16202e-08
5.16214e-08
5.1622e-08
5.16226e-08
5.16232e-08
5.16236e-08
5.1624e-08
5.16244e-08
5.16247e-08
5.16249e-08
5.16252e-08
5.16254e-08
5.16256e-08
5.16257e-08
5.16259e-08
5.1626e-08
5.16261e-08
5.16262e-08
5.16263e-08
5.16264e-08
5.16264e-08
5.16265e-08
5.16265e-08
5.16266e-08
5.16266e-08
5.16266e-08
5.16266e-08
5.16265e-08
5.16265e-08
5.16264e-08
5.16264e-08
5.16263e-08
5.16262e-08
5.16261e-08
5.1626e-08
5.16259e-08
5.16257e-08
5.16256e-08
5.16254e-08
5.16252e-08
5.16249e-08
5.16247e-08
5.16244e-08
5.1624e-08
5.16236e-08
5.16232e-08
5.16226e-08
5.1622e-08
5.16214e-08
5.16202e-08
)
;

boundaryField
{
    fuel
    {
        type            fixedValue;
        value           nonuniform 0();
    }
    wall
    {
        type            zeroGradient;
    }
    outlet
    {
        type            zeroGradient;
    }
    frontAndBack
    {
        type            empty;
    }
    procBoundary3to2
    {
        type            processor;
        value           nonuniform List<scalar> 
51
(
5.14735e-08
5.14743e-08
5.1475e-08
5.14756e-08
5.14761e-08
5.14765e-08
5.14768e-08
5.14771e-08
5.14773e-08
5.14774e-08
5.14776e-08
5.14777e-08
5.14777e-08
5.14777e-08
5.14777e-08
5.14777e-08
5.14777e-08
5.14776e-08
5.14775e-08
5.14773e-08
5.14771e-08
5.14768e-08
5.14765e-08
5.14761e-08
5.14756e-08
5.1475e-08
5.14743e-08
5.14735e-08
5.14725e-08
5.14713e-08
5.14695e-08
5.14674e-08
5.14644e-08
5.14606e-08
5.14542e-08
5.14446e-08
5.14326e-08
5.14146e-08
5.13979e-08
5.14159e-08
5.14318e-08
5.14491e-08
5.14605e-08
5.14697e-08
5.14758e-08
5.14796e-08
5.14824e-08
5.14845e-08
5.14862e-08
5.14873e-08
5.14873e-08
)
;
    }
}


// ************************************************************************* //
