/*--------------------------------*- C++ -*----------------------------------*\
| =========                 |                                                 |
| \\      /  F ield         | OpenFOAM: The Open Source CFD Toolbox           |
|  \\    /   O peration     | Version:  dev                                   |
|   \\  /    A nd           | Web:      www.OpenFOAM.org                      |
|    \\/     M anipulation  |                                                 |
\*---------------------------------------------------------------------------*/
FoamFile
{
    version     2.0;
    format      ascii;
    class       volScalarField;
    location    "0.1";
    object      C4H6;
}
// * * * * * * * * * * * * * * * * * * * * * * * * * * * * * * * * * * * * * //

dimensions      [0 0 0 0 0 0 0];

internalField   nonuniform List<scalar> 
8000
(
8.87775e-05
8.87598e-05
8.87214e-05
8.87041e-05
8.86927e-05
8.8693e-05
8.86898e-05
8.86916e-05
8.86899e-05
8.86914e-05
8.86903e-05
8.86913e-05
8.86905e-05
8.86912e-05
8.86907e-05
8.86911e-05
8.86908e-05
8.86911e-05
8.86908e-05
8.8691e-05
8.86909e-05
8.8691e-05
8.86909e-05
8.8691e-05
8.86909e-05
8.86909e-05
8.8691e-05
8.86909e-05
8.8691e-05
8.86909e-05
8.8691e-05
8.86908e-05
8.86911e-05
8.86908e-05
8.86911e-05
8.86907e-05
8.86912e-05
8.86905e-05
8.86913e-05
8.86903e-05
8.86914e-05
8.86899e-05
8.86916e-05
8.86898e-05
8.8693e-05
8.86927e-05
8.87041e-05
8.87214e-05
8.87598e-05
8.87775e-05
0.000171675
0.000171587
0.00017144
0.000171374
0.000171344
0.00017134
0.000171334
0.000171336
0.000171334
0.000171336
0.000171335
0.000171336
0.000171335
0.000171336
0.000171335
0.000171336
0.000171336
0.000171336
0.000171336
0.000171336
0.000171336
0.000171336
0.000171336
0.000171336
0.000171336
0.000171336
0.000171336
0.000171336
0.000171336
0.000171336
0.000171336
0.000171336
0.000171336
0.000171336
0.000171336
0.000171335
0.000171336
0.000171335
0.000171336
0.000171335
0.000171336
0.000171334
0.000171336
0.000171334
0.00017134
0.000171344
0.000171374
0.00017144
0.000171587
0.000171675
8.22174e-05
8.21355e-05
8.20163e-05
8.19609e-05
8.19379e-05
8.1933e-05
8.19296e-05
8.19302e-05
8.19294e-05
8.19303e-05
8.19298e-05
8.19304e-05
8.19301e-05
8.19305e-05
8.19303e-05
8.19305e-05
8.19304e-05
8.19305e-05
8.19304e-05
8.19304e-05
8.19304e-05
8.19304e-05
8.19304e-05
8.19304e-05
8.19304e-05
8.19304e-05
8.19304e-05
8.19304e-05
8.19304e-05
8.19304e-05
8.19304e-05
8.19304e-05
8.19305e-05
8.19304e-05
8.19305e-05
8.19302e-05
8.19305e-05
8.19301e-05
8.19304e-05
8.19298e-05
8.19303e-05
8.19294e-05
8.19303e-05
8.19296e-05
8.19331e-05
8.1938e-05
8.19609e-05
8.20163e-05
8.21355e-05
8.22174e-05
3.41166e-05
3.40912e-05
3.40515e-05
3.40309e-05
3.40191e-05
3.40188e-05
3.40157e-05
3.40173e-05
3.40158e-05
3.40171e-05
3.40162e-05
3.4017e-05
3.40164e-05
3.40169e-05
3.40165e-05
3.40169e-05
3.40166e-05
3.40168e-05
3.40166e-05
3.40167e-05
3.40166e-05
3.40167e-05
3.40167e-05
3.40167e-05
3.40167e-05
3.40167e-05
3.40167e-05
3.40167e-05
3.40167e-05
3.40166e-05
3.40167e-05
3.40166e-05
3.40168e-05
3.40166e-05
3.40168e-05
3.40165e-05
3.40169e-05
3.40163e-05
3.4017e-05
3.40161e-05
3.4017e-05
3.40158e-05
3.40172e-05
3.40157e-05
3.40187e-05
3.40191e-05
3.40309e-05
3.40514e-05
3.40912e-05
3.41164e-05
1.42214e-05
1.42178e-05
1.42101e-05
1.42043e-05
1.41986e-05
1.41996e-05
1.41974e-05
1.41988e-05
1.41976e-05
1.41986e-05
1.41978e-05
1.41985e-05
1.41979e-05
1.41984e-05
1.4198e-05
1.41983e-05
1.41981e-05
1.41983e-05
1.41981e-05
1.41982e-05
1.41981e-05
1.41982e-05
1.41982e-05
1.41982e-05
1.41982e-05
1.41982e-05
1.41982e-05
1.41982e-05
1.41982e-05
1.41981e-05
1.41982e-05
1.41981e-05
1.41983e-05
1.41981e-05
1.41983e-05
1.4198e-05
1.41984e-05
1.41979e-05
1.41985e-05
1.41978e-05
1.41986e-05
1.41976e-05
1.41988e-05
1.41974e-05
1.41996e-05
1.41986e-05
1.42042e-05
1.42101e-05
1.42177e-05
1.42212e-05
6.04465e-06
6.04651e-06
6.04801e-06
6.04698e-06
6.0443e-06
6.04523e-06
6.04393e-06
6.04485e-06
6.04403e-06
6.0447e-06
6.04416e-06
6.04461e-06
6.04424e-06
6.04454e-06
6.0443e-06
6.0445e-06
6.04433e-06
6.04447e-06
6.04436e-06
6.04444e-06
6.04437e-06
6.04442e-06
6.04438e-06
6.04441e-06
6.04439e-06
6.04439e-06
6.04441e-06
6.04438e-06
6.04442e-06
6.04437e-06
6.04444e-06
6.04435e-06
6.04446e-06
6.04432e-06
6.0445e-06
6.04429e-06
6.04453e-06
6.04424e-06
6.0446e-06
6.04415e-06
6.04469e-06
6.04402e-06
6.04484e-06
6.04392e-06
6.04522e-06
6.04429e-06
6.04697e-06
6.04799e-06
6.04649e-06
6.04455e-06
2.60975e-06
2.61206e-06
2.61503e-06
2.61528e-06
2.61402e-06
2.61466e-06
2.61392e-06
2.61447e-06
2.61398e-06
2.61438e-06
2.61405e-06
2.61432e-06
2.6141e-06
2.61428e-06
2.61413e-06
2.61425e-06
2.61415e-06
2.61423e-06
2.61417e-06
2.61422e-06
2.61418e-06
2.6142e-06
2.61418e-06
2.61419e-06
2.61419e-06
2.61419e-06
2.61419e-06
2.61418e-06
2.6142e-06
2.61417e-06
2.61421e-06
2.61416e-06
2.61423e-06
2.61414e-06
2.61425e-06
2.61413e-06
2.61427e-06
2.6141e-06
2.61432e-06
2.61405e-06
2.61437e-06
2.61397e-06
2.61446e-06
2.61391e-06
2.61466e-06
2.61402e-06
2.61527e-06
2.61502e-06
2.61206e-06
2.60969e-06
1.14327e-06
1.14494e-06
1.14732e-06
1.14775e-06
1.14717e-06
1.14755e-06
1.14715e-06
1.14746e-06
1.14718e-06
1.1474e-06
1.14722e-06
1.14737e-06
1.14725e-06
1.14734e-06
1.14726e-06
1.14733e-06
1.14727e-06
1.14732e-06
1.14728e-06
1.14731e-06
1.14729e-06
1.1473e-06
1.14729e-06
1.1473e-06
1.14729e-06
1.14729e-06
1.1473e-06
1.14729e-06
1.1473e-06
1.14729e-06
1.14731e-06
1.14728e-06
1.14732e-06
1.14727e-06
1.14733e-06
1.14726e-06
1.14734e-06
1.14724e-06
1.14737e-06
1.14722e-06
1.1474e-06
1.14718e-06
1.14745e-06
1.14715e-06
1.14755e-06
1.14716e-06
1.14774e-06
1.14732e-06
1.14494e-06
1.14324e-06
5.0746e-07
5.08469e-07
5.10004e-07
5.10332e-07
5.10065e-07
5.10279e-07
5.10069e-07
5.10231e-07
5.10085e-07
5.10202e-07
5.10105e-07
5.10184e-07
5.10119e-07
5.1017e-07
5.10127e-07
5.10162e-07
5.10131e-07
5.10156e-07
5.10137e-07
5.10152e-07
5.1014e-07
5.10148e-07
5.10141e-07
5.10145e-07
5.10143e-07
5.10143e-07
5.10145e-07
5.10141e-07
5.10148e-07
5.10139e-07
5.10151e-07
5.10137e-07
5.10156e-07
5.1013e-07
5.10161e-07
5.10126e-07
5.10169e-07
5.10117e-07
5.10183e-07
5.10104e-07
5.102e-07
5.10083e-07
5.10229e-07
5.10066e-07
5.10277e-07
5.10063e-07
5.10329e-07
5.10001e-07
5.08466e-07
5.07444e-07
2.31988e-07
2.32556e-07
2.33466e-07
2.33675e-07
2.33552e-07
2.33667e-07
2.33557e-07
2.33643e-07
2.33566e-07
2.33627e-07
2.33576e-07
2.33618e-07
2.33583e-07
2.3361e-07
2.33587e-07
2.33606e-07
2.33589e-07
2.33603e-07
2.33593e-07
2.336e-07
2.33594e-07
2.33598e-07
2.33595e-07
2.33597e-07
2.33596e-07
2.33596e-07
2.33597e-07
2.33595e-07
2.33598e-07
2.33594e-07
2.336e-07
2.33592e-07
2.33602e-07
2.33589e-07
2.33605e-07
2.33586e-07
2.33609e-07
2.33582e-07
2.33617e-07
2.33575e-07
2.33626e-07
2.33565e-07
2.33642e-07
2.33556e-07
2.33666e-07
2.33551e-07
2.33673e-07
2.33464e-07
2.32554e-07
2.3198e-07
1.11032e-07
1.11348e-07
1.11877e-07
1.12003e-07
1.11944e-07
1.12006e-07
1.11948e-07
1.11994e-07
1.11952e-07
1.11985e-07
1.11958e-07
1.1198e-07
1.11961e-07
1.11976e-07
1.11964e-07
1.11974e-07
1.11965e-07
1.11972e-07
1.11967e-07
1.11971e-07
1.11967e-07
1.1197e-07
1.11968e-07
1.11969e-07
1.11968e-07
1.11968e-07
1.11969e-07
1.11968e-07
1.1197e-07
1.11967e-07
1.11971e-07
1.11966e-07
1.11972e-07
1.11965e-07
1.11973e-07
1.11963e-07
1.11975e-07
1.11961e-07
1.11979e-07
1.11957e-07
1.11985e-07
1.11952e-07
1.11993e-07
1.11948e-07
1.12006e-07
1.11944e-07
1.12002e-07
1.11876e-07
1.11347e-07
1.11028e-07
5.52729e-08
5.54299e-08
5.57007e-08
5.57642e-08
5.57358e-08
5.5766e-08
5.57369e-08
5.57594e-08
5.57386e-08
5.57549e-08
5.57413e-08
5.57523e-08
5.57431e-08
5.57503e-08
5.57443e-08
5.57492e-08
5.57449e-08
5.57484e-08
5.57458e-08
5.57478e-08
5.57461e-08
5.57473e-08
5.57463e-08
5.57469e-08
5.57466e-08
5.57466e-08
5.57469e-08
5.57463e-08
5.57473e-08
5.5746e-08
5.57477e-08
5.57456e-08
5.57483e-08
5.57448e-08
5.57491e-08
5.57441e-08
5.57501e-08
5.57429e-08
5.57521e-08
5.5741e-08
5.57547e-08
5.57384e-08
5.57591e-08
5.57365e-08
5.57656e-08
5.57355e-08
5.57638e-08
5.57003e-08
5.54295e-08
5.52709e-08
3.04891e-08
3.05865e-08
3.07515e-08
3.07906e-08
3.07743e-08
3.07916e-08
3.07743e-08
3.07874e-08
3.07751e-08
3.07847e-08
3.07766e-08
3.07832e-08
3.07778e-08
3.0782e-08
3.07785e-08
3.07814e-08
3.07788e-08
3.0781e-08
3.07794e-08
3.07806e-08
3.07796e-08
3.07803e-08
3.07797e-08
3.07801e-08
3.07799e-08
3.07799e-08
3.07801e-08
3.07797e-08
3.07803e-08
3.07796e-08
3.07806e-08
3.07793e-08
3.07809e-08
3.07788e-08
3.07813e-08
3.07784e-08
3.07819e-08
3.07777e-08
3.07831e-08
3.07765e-08
3.07846e-08
3.0775e-08
3.07873e-08
3.07741e-08
3.07915e-08
3.07742e-08
3.07904e-08
3.07513e-08
3.05863e-08
3.04882e-08
1.85599e-08
1.85889e-08
1.86644e-08
1.86804e-08
1.86751e-08
1.86825e-08
1.86752e-08
1.86808e-08
1.86754e-08
1.86795e-08
1.86761e-08
1.86788e-08
1.86765e-08
1.86783e-08
1.86768e-08
1.8678e-08
1.86769e-08
1.86778e-08
1.86771e-08
1.86777e-08
1.86772e-08
1.86775e-08
1.86773e-08
1.86774e-08
1.86773e-08
1.86773e-08
1.86774e-08
1.86773e-08
1.86775e-08
1.86772e-08
1.86776e-08
1.86771e-08
1.86778e-08
1.86769e-08
1.8678e-08
1.86767e-08
1.86783e-08
1.86765e-08
1.86788e-08
1.8676e-08
1.86795e-08
1.86754e-08
1.86807e-08
1.86751e-08
1.86824e-08
1.8675e-08
1.86803e-08
1.86643e-08
1.85888e-08
1.85595e-08
1.23775e-08
1.23942e-08
1.24389e-08
1.24479e-08
1.24446e-08
1.24487e-08
1.24442e-08
1.24475e-08
1.24443e-08
1.24467e-08
1.24446e-08
1.24463e-08
1.24449e-08
1.2446e-08
1.24451e-08
1.24458e-08
1.24452e-08
1.24457e-08
1.24453e-08
1.24456e-08
1.24453e-08
1.24455e-08
1.24454e-08
1.24455e-08
1.24454e-08
1.24454e-08
1.24455e-08
1.24454e-08
1.24455e-08
1.24453e-08
1.24456e-08
1.24453e-08
1.24457e-08
1.24451e-08
1.24458e-08
1.2445e-08
1.24459e-08
1.24449e-08
1.24462e-08
1.24446e-08
1.24467e-08
1.24442e-08
1.24474e-08
1.24442e-08
1.24486e-08
1.24446e-08
1.24479e-08
1.24389e-08
1.23941e-08
1.23772e-08
9.14796e-09
9.16006e-09
9.19117e-09
9.19734e-09
9.19508e-09
9.19772e-09
9.19459e-09
9.19679e-09
9.19456e-09
9.19623e-09
9.19481e-09
9.19595e-09
9.19501e-09
9.19575e-09
9.19514e-09
9.19565e-09
9.19521e-09
9.19558e-09
9.1953e-09
9.19552e-09
9.19534e-09
9.19547e-09
9.19537e-09
9.19543e-09
9.1954e-09
9.1954e-09
9.19543e-09
9.19537e-09
9.19547e-09
9.19534e-09
9.19551e-09
9.19529e-09
9.19557e-09
9.1952e-09
9.19564e-09
9.19512e-09
9.19574e-09
9.195e-09
9.19594e-09
9.1948e-09
9.19622e-09
9.19454e-09
9.19678e-09
9.19458e-09
9.19769e-09
9.19506e-09
9.19732e-09
9.19115e-09
9.16003e-09
9.14787e-09
7.19746e-09
7.20974e-09
7.23583e-09
7.24247e-09
7.24158e-09
7.24379e-09
7.24142e-09
7.24308e-09
7.24133e-09
7.24258e-09
7.24147e-09
7.24233e-09
7.24161e-09
7.24217e-09
7.24169e-09
7.24208e-09
7.24174e-09
7.24202e-09
7.24181e-09
7.24198e-09
7.24184e-09
7.24194e-09
7.24186e-09
7.24191e-09
7.24189e-09
7.24189e-09
7.24191e-09
7.24186e-09
7.24194e-09
7.24184e-09
7.24198e-09
7.24181e-09
7.24202e-09
7.24174e-09
7.24208e-09
7.24168e-09
7.24216e-09
7.2416e-09
7.24232e-09
7.24147e-09
7.24257e-09
7.24132e-09
7.24307e-09
7.24141e-09
7.24378e-09
7.24157e-09
7.24246e-09
7.23582e-09
7.20973e-09
7.19742e-09
5.99867e-09
6.00972e-09
6.03078e-09
6.03646e-09
6.036e-09
6.03773e-09
6.03587e-09
6.03715e-09
6.03576e-09
6.03673e-09
6.03587e-09
6.03654e-09
6.03597e-09
6.03641e-09
6.03603e-09
6.03634e-09
6.03607e-09
6.0363e-09
6.03613e-09
6.03626e-09
6.03616e-09
6.03623e-09
6.03617e-09
6.03621e-09
6.03619e-09
6.03619e-09
6.03621e-09
6.03617e-09
6.03623e-09
6.03615e-09
6.03626e-09
6.03613e-09
6.0363e-09
6.03607e-09
6.03634e-09
6.03603e-09
6.03641e-09
6.03597e-09
6.03653e-09
6.03587e-09
6.03673e-09
6.03576e-09
6.03714e-09
6.03587e-09
6.03773e-09
6.03599e-09
6.03645e-09
6.03078e-09
6.00971e-09
5.99865e-09
5.15178e-09
5.16405e-09
5.18406e-09
5.19023e-09
5.18997e-09
5.19166e-09
5.1899e-09
5.1911e-09
5.18979e-09
5.1907e-09
5.18989e-09
5.19052e-09
5.18999e-09
5.1904e-09
5.19005e-09
5.19034e-09
5.19009e-09
5.1903e-09
5.19014e-09
5.19027e-09
5.19017e-09
5.19024e-09
5.19018e-09
5.19022e-09
5.1902e-09
5.1902e-09
5.19022e-09
5.19018e-09
5.19024e-09
5.19017e-09
5.19027e-09
5.19014e-09
5.1903e-09
5.19009e-09
5.19034e-09
5.19005e-09
5.1904e-09
5.18999e-09
5.19052e-09
5.18989e-09
5.1907e-09
5.18979e-09
5.1911e-09
5.1899e-09
5.19166e-09
5.18996e-09
5.19023e-09
5.18406e-09
5.16404e-09
5.15177e-09
4.53711e-09
4.54901e-09
4.56611e-09
4.5717e-09
4.57165e-09
4.57309e-09
4.57162e-09
4.5726e-09
4.57151e-09
4.57226e-09
4.57158e-09
4.57211e-09
4.57166e-09
4.572e-09
4.57171e-09
4.57195e-09
4.57175e-09
4.57192e-09
4.57179e-09
4.5719e-09
4.57181e-09
4.57187e-09
4.57182e-09
4.57186e-09
4.57184e-09
4.57184e-09
4.57186e-09
4.57182e-09
4.57187e-09
4.57181e-09
4.5719e-09
4.57179e-09
4.57192e-09
4.57175e-09
4.57196e-09
4.57171e-09
4.57201e-09
4.57166e-09
4.5721e-09
4.57159e-09
4.57226e-09
4.57151e-09
4.5726e-09
4.57162e-09
4.57309e-09
4.57165e-09
4.5717e-09
4.56611e-09
4.54901e-09
4.53711e-09
4.08686e-09
4.09913e-09
4.11456e-09
4.11991e-09
4.12005e-09
4.12136e-09
4.12007e-09
4.12093e-09
4.11996e-09
4.12061e-09
4.12001e-09
4.12047e-09
4.12008e-09
4.12038e-09
4.12012e-09
4.12034e-09
4.12015e-09
4.12031e-09
4.12019e-09
4.12029e-09
4.12021e-09
4.12027e-09
4.12022e-09
4.12025e-09
4.12024e-09
4.12024e-09
4.12025e-09
4.12022e-09
4.12027e-09
4.12021e-09
4.12029e-09
4.12019e-09
4.12031e-09
4.12015e-09
4.12034e-09
4.12012e-09
4.12038e-09
4.12008e-09
4.12047e-09
4.12002e-09
4.12061e-09
4.11995e-09
4.12093e-09
4.12007e-09
4.12136e-09
4.12005e-09
4.11991e-09
4.11456e-09
4.09913e-09
4.08686e-09
3.73338e-09
3.74633e-09
3.7605e-09
3.76567e-09
3.76594e-09
3.76715e-09
3.766e-09
3.76676e-09
3.76589e-09
3.76647e-09
3.76593e-09
3.76634e-09
3.76599e-09
3.76626e-09
3.76603e-09
3.76622e-09
3.76605e-09
3.76619e-09
3.76609e-09
3.76617e-09
3.76611e-09
3.76615e-09
3.76611e-09
3.76614e-09
3.76613e-09
3.76613e-09
3.76614e-09
3.76611e-09
3.76615e-09
3.76611e-09
3.76617e-09
3.76609e-09
3.76619e-09
3.76605e-09
3.76622e-09
3.76603e-09
3.76626e-09
3.76599e-09
3.76634e-09
3.76593e-09
3.76647e-09
3.76588e-09
3.76676e-09
3.766e-09
3.76715e-09
3.76594e-09
3.76567e-09
3.7605e-09
3.74633e-09
3.73338e-09
3.449e-09
3.45462e-09
3.46675e-09
3.47149e-09
3.47205e-09
3.47316e-09
3.47222e-09
3.47284e-09
3.47209e-09
3.47256e-09
3.4721e-09
3.47242e-09
3.47213e-09
3.47234e-09
3.47215e-09
3.4723e-09
3.47216e-09
3.47228e-09
3.47219e-09
3.47226e-09
3.4722e-09
3.47224e-09
3.47221e-09
3.47223e-09
3.47222e-09
3.47222e-09
3.47223e-09
3.47221e-09
3.47224e-09
3.4722e-09
3.47226e-09
3.47219e-09
3.47227e-09
3.47216e-09
3.4723e-09
3.47215e-09
3.47234e-09
3.47213e-09
3.47242e-09
3.4721e-09
3.47256e-09
3.47209e-09
3.47284e-09
3.47222e-09
3.47315e-09
3.47205e-09
3.47149e-09
3.46675e-09
3.45462e-09
3.449e-09
3.21598e-09
3.22202e-09
3.23326e-09
3.23785e-09
3.23849e-09
3.23953e-09
3.23868e-09
3.23924e-09
3.23856e-09
3.23897e-09
3.23855e-09
3.23885e-09
3.23857e-09
3.23877e-09
3.23859e-09
3.23873e-09
3.2386e-09
3.23871e-09
3.23863e-09
3.23869e-09
3.23864e-09
3.23867e-09
3.23864e-09
3.23866e-09
3.23865e-09
3.23865e-09
3.23866e-09
3.23864e-09
3.23867e-09
3.23864e-09
3.23869e-09
3.23863e-09
3.23871e-09
3.2386e-09
3.23873e-09
3.23859e-09
3.23877e-09
3.23857e-09
3.23884e-09
3.23855e-09
3.23897e-09
3.23855e-09
3.23924e-09
3.23868e-09
3.23953e-09
3.23849e-09
3.23785e-09
3.23326e-09
3.22202e-09
3.21598e-09
3.01471e-09
3.02121e-09
3.03203e-09
3.03672e-09
3.0375e-09
3.03853e-09
3.03774e-09
3.03826e-09
3.03761e-09
3.03799e-09
3.03759e-09
3.03786e-09
3.03761e-09
3.03778e-09
3.03762e-09
3.03775e-09
3.03763e-09
3.03772e-09
3.03765e-09
3.03771e-09
3.03766e-09
3.03769e-09
3.03767e-09
3.03768e-09
3.03768e-09
3.03768e-09
3.03768e-09
3.03767e-09
3.03769e-09
3.03766e-09
3.03771e-09
3.03765e-09
3.03772e-09
3.03763e-09
3.03775e-09
3.03762e-09
3.03778e-09
3.03761e-09
3.03786e-09
3.03759e-09
3.03799e-09
3.03761e-09
3.03826e-09
3.03774e-09
3.03853e-09
3.0375e-09
3.03672e-09
3.03203e-09
3.02121e-09
3.01471e-09
2.84468e-09
2.8513e-09
2.86132e-09
2.86582e-09
2.86664e-09
2.86761e-09
2.86689e-09
2.86735e-09
2.86676e-09
2.8671e-09
2.86674e-09
2.86698e-09
2.86674e-09
2.86691e-09
2.86675e-09
2.86687e-09
2.86676e-09
2.86685e-09
2.86678e-09
2.86684e-09
2.86679e-09
2.86682e-09
2.8668e-09
2.86681e-09
2.8668e-09
2.8668e-09
2.86681e-09
2.8668e-09
2.86682e-09
2.86679e-09
2.86684e-09
2.86678e-09
2.86685e-09
2.86676e-09
2.86687e-09
2.86675e-09
2.86691e-09
2.86674e-09
2.86698e-09
2.86674e-09
2.8671e-09
2.86676e-09
2.86735e-09
2.86689e-09
2.86761e-09
2.86664e-09
2.86582e-09
2.86132e-09
2.8513e-09
2.84468e-09
2.69925e-09
2.70597e-09
2.7153e-09
2.71961e-09
2.72047e-09
2.72138e-09
2.72073e-09
2.72115e-09
2.7206e-09
2.7209e-09
2.72057e-09
2.72079e-09
2.72057e-09
2.72072e-09
2.72058e-09
2.72068e-09
2.72058e-09
2.72067e-09
2.7206e-09
2.72065e-09
2.72061e-09
2.72064e-09
2.72062e-09
2.72063e-09
2.72062e-09
2.72062e-09
2.72063e-09
2.72062e-09
2.72064e-09
2.72061e-09
2.72065e-09
2.7206e-09
2.72067e-09
2.72058e-09
2.72068e-09
2.72058e-09
2.72072e-09
2.72057e-09
2.72079e-09
2.72057e-09
2.7209e-09
2.7206e-09
2.72115e-09
2.72073e-09
2.72138e-09
2.72046e-09
2.71961e-09
2.7153e-09
2.70597e-09
2.69925e-09
2.57348e-09
2.58026e-09
2.58899e-09
2.59314e-09
2.59401e-09
2.59489e-09
2.59429e-09
2.59467e-09
2.59416e-09
2.59443e-09
2.59412e-09
2.59432e-09
2.59412e-09
2.59425e-09
2.59412e-09
2.59422e-09
2.59413e-09
2.5942e-09
2.59415e-09
2.59419e-09
2.59415e-09
2.59418e-09
2.59416e-09
2.59417e-09
2.59416e-09
2.59416e-09
2.59417e-09
2.59416e-09
2.59418e-09
2.59415e-09
2.59419e-09
2.59415e-09
2.5942e-09
2.59413e-09
2.59422e-09
2.59412e-09
2.59425e-09
2.59412e-09
2.59432e-09
2.59413e-09
2.59443e-09
2.59416e-09
2.59467e-09
2.59429e-09
2.59489e-09
2.59401e-09
2.59314e-09
2.58899e-09
2.58026e-09
2.57348e-09
2.46359e-09
2.47038e-09
2.47862e-09
2.4826e-09
2.4835e-09
2.48433e-09
2.48378e-09
2.48412e-09
2.48365e-09
2.48389e-09
2.48361e-09
2.48378e-09
2.4836e-09
2.48372e-09
2.4836e-09
2.48369e-09
2.4836e-09
2.48367e-09
2.48362e-09
2.48366e-09
2.48363e-09
2.48365e-09
2.48363e-09
2.48364e-09
2.48364e-09
2.48364e-09
2.48364e-09
2.48363e-09
2.48365e-09
2.48363e-09
2.48366e-09
2.48362e-09
2.48367e-09
2.48361e-09
2.48369e-09
2.4836e-09
2.48372e-09
2.4836e-09
2.48378e-09
2.48361e-09
2.48389e-09
2.48365e-09
2.48412e-09
2.48378e-09
2.48433e-09
2.4835e-09
2.4826e-09
2.47862e-09
2.47038e-09
2.46359e-09
2.36665e-09
2.37343e-09
2.38125e-09
2.38508e-09
2.38598e-09
2.38678e-09
2.38627e-09
2.38658e-09
2.38614e-09
2.38636e-09
2.3861e-09
2.38625e-09
2.38608e-09
2.38619e-09
2.38608e-09
2.38616e-09
2.38609e-09
2.38615e-09
2.3861e-09
2.38614e-09
2.38611e-09
2.38613e-09
2.38611e-09
2.38612e-09
2.38612e-09
2.38612e-09
2.38612e-09
2.38611e-09
2.38613e-09
2.38611e-09
2.38614e-09
2.3861e-09
2.38615e-09
2.38609e-09
2.38616e-09
2.38608e-09
2.38619e-09
2.38608e-09
2.38625e-09
2.3861e-09
2.38636e-09
2.38614e-09
2.38658e-09
2.38627e-09
2.38678e-09
2.38598e-09
2.38508e-09
2.38125e-09
2.37343e-09
2.36665e-09
2.28039e-09
2.28714e-09
2.29459e-09
2.29827e-09
2.29919e-09
2.29995e-09
2.29948e-09
2.29976e-09
2.29935e-09
2.29955e-09
2.2993e-09
2.29944e-09
2.29928e-09
2.29938e-09
2.29928e-09
2.29935e-09
2.29928e-09
2.29934e-09
2.29929e-09
2.29933e-09
2.2993e-09
2.29932e-09
2.2993e-09
2.29931e-09
2.29931e-09
2.29931e-09
2.29931e-09
2.2993e-09
2.29932e-09
2.2993e-09
2.29933e-09
2.29929e-09
2.29934e-09
2.29928e-09
2.29935e-09
2.29928e-09
2.29938e-09
2.29928e-09
2.29944e-09
2.2993e-09
2.29955e-09
2.29935e-09
2.29976e-09
2.29948e-09
2.29995e-09
2.29919e-09
2.29827e-09
2.29458e-09
2.28714e-09
2.28039e-09
2.203e-09
2.20971e-09
2.21682e-09
2.22037e-09
2.22129e-09
2.22203e-09
2.22159e-09
2.22185e-09
2.22146e-09
2.22164e-09
2.2214e-09
2.22154e-09
2.22139e-09
2.22148e-09
2.22138e-09
2.22145e-09
2.22138e-09
2.22144e-09
2.22139e-09
2.22143e-09
2.2214e-09
2.22142e-09
2.2214e-09
2.22141e-09
2.22141e-09
2.22141e-09
2.22141e-09
2.2214e-09
2.22142e-09
2.2214e-09
2.22143e-09
2.22139e-09
2.22144e-09
2.22138e-09
2.22145e-09
2.22138e-09
2.22148e-09
2.22139e-09
2.22153e-09
2.2214e-09
2.22164e-09
2.22146e-09
2.22185e-09
2.22159e-09
2.22203e-09
2.22129e-09
2.22037e-09
2.21682e-09
2.20971e-09
2.203e-09
2.13305e-09
2.1397e-09
2.14652e-09
2.14995e-09
2.15087e-09
2.15158e-09
2.15117e-09
2.1514e-09
2.15103e-09
2.1512e-09
2.15098e-09
2.1511e-09
2.15096e-09
2.15104e-09
2.15095e-09
2.15101e-09
2.15095e-09
2.151e-09
2.15096e-09
2.15099e-09
2.15096e-09
2.15098e-09
2.15097e-09
2.15098e-09
2.15097e-09
2.15097e-09
2.15098e-09
2.15097e-09
2.15098e-09
2.15096e-09
2.15099e-09
2.15096e-09
2.151e-09
2.15095e-09
2.15101e-09
2.15095e-09
2.15104e-09
2.15096e-09
2.1511e-09
2.15098e-09
2.1512e-09
2.15103e-09
2.1514e-09
2.15117e-09
2.15158e-09
2.15087e-09
2.14995e-09
2.14652e-09
2.1397e-09
2.13305e-09
2.06939e-09
2.07597e-09
2.08253e-09
2.08584e-09
2.08676e-09
2.08745e-09
2.08706e-09
2.08727e-09
2.08692e-09
2.08707e-09
2.08686e-09
2.08697e-09
2.08684e-09
2.08692e-09
2.08683e-09
2.08689e-09
2.08683e-09
2.08688e-09
2.08684e-09
2.08687e-09
2.08684e-09
2.08686e-09
2.08685e-09
2.08686e-09
2.08685e-09
2.08685e-09
2.08686e-09
2.08685e-09
2.08686e-09
2.08684e-09
2.08687e-09
2.08684e-09
2.08688e-09
2.08683e-09
2.08689e-09
2.08683e-09
2.08692e-09
2.08684e-09
2.08697e-09
2.08686e-09
2.08707e-09
2.08692e-09
2.08727e-09
2.08706e-09
2.08745e-09
2.08676e-09
2.08584e-09
2.08253e-09
2.07597e-09
2.06939e-09
2.0111e-09
2.0176e-09
2.02392e-09
2.02712e-09
2.02803e-09
2.0287e-09
2.02833e-09
2.02853e-09
2.02819e-09
2.02833e-09
2.02813e-09
2.02823e-09
2.0281e-09
2.02818e-09
2.02809e-09
2.02815e-09
2.02809e-09
2.02814e-09
2.0281e-09
2.02813e-09
2.02811e-09
2.02812e-09
2.02811e-09
2.02812e-09
2.02811e-09
2.02811e-09
2.02812e-09
2.02811e-09
2.02812e-09
2.02811e-09
2.02813e-09
2.0281e-09
2.02814e-09
2.02809e-09
2.02815e-09
2.02809e-09
2.02818e-09
2.0281e-09
2.02823e-09
2.02813e-09
2.02833e-09
2.02819e-09
2.02853e-09
2.02833e-09
2.0287e-09
2.02803e-09
2.02712e-09
2.02392e-09
2.0176e-09
2.0111e-09
1.95743e-09
1.96383e-09
1.96993e-09
1.97303e-09
1.97392e-09
1.97457e-09
1.97422e-09
1.97441e-09
1.97409e-09
1.97421e-09
1.97402e-09
1.97411e-09
1.97399e-09
1.97406e-09
1.97398e-09
1.97403e-09
1.97398e-09
1.97402e-09
1.97399e-09
1.97401e-09
1.97399e-09
1.97401e-09
1.97399e-09
1.974e-09
1.974e-09
1.974e-09
1.974e-09
1.97399e-09
1.97401e-09
1.97399e-09
1.97401e-09
1.97399e-09
1.97402e-09
1.97398e-09
1.97403e-09
1.97398e-09
1.97406e-09
1.97399e-09
1.97411e-09
1.97402e-09
1.97421e-09
1.97409e-09
1.97441e-09
1.97422e-09
1.97457e-09
1.97392e-09
1.97302e-09
1.96993e-09
1.96383e-09
1.95743e-09
1.90776e-09
1.91404e-09
1.91994e-09
1.92294e-09
1.92382e-09
1.92445e-09
1.92412e-09
1.92429e-09
1.92399e-09
1.9241e-09
1.92392e-09
1.924e-09
1.92389e-09
1.92395e-09
1.92387e-09
1.92392e-09
1.92387e-09
1.92391e-09
1.92388e-09
1.92391e-09
1.92388e-09
1.9239e-09
1.92389e-09
1.92389e-09
1.92389e-09
1.92389e-09
1.92389e-09
1.92389e-09
1.9239e-09
1.92388e-09
1.92391e-09
1.92388e-09
1.92391e-09
1.92387e-09
1.92393e-09
1.92387e-09
1.92395e-09
1.92389e-09
1.924e-09
1.92392e-09
1.9241e-09
1.92399e-09
1.92429e-09
1.92412e-09
1.92445e-09
1.92382e-09
1.92294e-09
1.91994e-09
1.91404e-09
1.90776e-09
1.86158e-09
1.86772e-09
1.87345e-09
1.87635e-09
1.87722e-09
1.87783e-09
1.87751e-09
1.87767e-09
1.87738e-09
1.87748e-09
1.87731e-09
1.87739e-09
1.87728e-09
1.87734e-09
1.87727e-09
1.87731e-09
1.87726e-09
1.8773e-09
1.87727e-09
1.87729e-09
1.87727e-09
1.87729e-09
1.87727e-09
1.87728e-09
1.87728e-09
1.87728e-09
1.87728e-09
1.87728e-09
1.87729e-09
1.87727e-09
1.87729e-09
1.87727e-09
1.8773e-09
1.87726e-09
1.87731e-09
1.87727e-09
1.87734e-09
1.87728e-09
1.87739e-09
1.87731e-09
1.87748e-09
1.87738e-09
1.87767e-09
1.87751e-09
1.87783e-09
1.87722e-09
1.87635e-09
1.87345e-09
1.86772e-09
1.86158e-09
1.81848e-09
1.82447e-09
1.83003e-09
1.83284e-09
1.83369e-09
1.83429e-09
1.83399e-09
1.83413e-09
1.83385e-09
1.83394e-09
1.83378e-09
1.83385e-09
1.83374e-09
1.8338e-09
1.83373e-09
1.83378e-09
1.83373e-09
1.83377e-09
1.83374e-09
1.83376e-09
1.83374e-09
1.83375e-09
1.83374e-09
1.83375e-09
1.83374e-09
1.83374e-09
1.83375e-09
1.83374e-09
1.83375e-09
1.83374e-09
1.83376e-09
1.83374e-09
1.83377e-09
1.83373e-09
1.83378e-09
1.83373e-09
1.8338e-09
1.83374e-09
1.83385e-09
1.83378e-09
1.83394e-09
1.83385e-09
1.83413e-09
1.83398e-09
1.83429e-09
1.83369e-09
1.83284e-09
1.83003e-09
1.82447e-09
1.81848e-09
1.77809e-09
1.78394e-09
1.78933e-09
1.79206e-09
1.79289e-09
1.79347e-09
1.79318e-09
1.79332e-09
1.79305e-09
1.79313e-09
1.79297e-09
1.79304e-09
1.79294e-09
1.79299e-09
1.79292e-09
1.79297e-09
1.79292e-09
1.79296e-09
1.79293e-09
1.79295e-09
1.79293e-09
1.79294e-09
1.79293e-09
1.79294e-09
1.79294e-09
1.79294e-09
1.79294e-09
1.79293e-09
1.79294e-09
1.79293e-09
1.79295e-09
1.79293e-09
1.79296e-09
1.79292e-09
1.79297e-09
1.79292e-09
1.79299e-09
1.79294e-09
1.79304e-09
1.79297e-09
1.79313e-09
1.79305e-09
1.79332e-09
1.79318e-09
1.79347e-09
1.79289e-09
1.79206e-09
1.78933e-09
1.78394e-09
1.77809e-09
1.74013e-09
1.74584e-09
1.75107e-09
1.7537e-09
1.75452e-09
1.75508e-09
1.75481e-09
1.75493e-09
1.75467e-09
1.75475e-09
1.7546e-09
1.75466e-09
1.75456e-09
1.75461e-09
1.75455e-09
1.75459e-09
1.75455e-09
1.75458e-09
1.75455e-09
1.75457e-09
1.75455e-09
1.75457e-09
1.75456e-09
1.75456e-09
1.75456e-09
1.75456e-09
1.75456e-09
1.75456e-09
1.75457e-09
1.75455e-09
1.75457e-09
1.75455e-09
1.75458e-09
1.75455e-09
1.75459e-09
1.75455e-09
1.75461e-09
1.75456e-09
1.75466e-09
1.7546e-09
1.75475e-09
1.75467e-09
1.75493e-09
1.75481e-09
1.75508e-09
1.75452e-09
1.7537e-09
1.75107e-09
1.74584e-09
1.74013e-09
1.70434e-09
1.70993e-09
1.71498e-09
1.71754e-09
1.71834e-09
1.71888e-09
1.71862e-09
1.71874e-09
1.71849e-09
1.71856e-09
1.71841e-09
1.71847e-09
1.71837e-09
1.71842e-09
1.71836e-09
1.7184e-09
1.71836e-09
1.71839e-09
1.71836e-09
1.71838e-09
1.71836e-09
1.71838e-09
1.71837e-09
1.71837e-09
1.71837e-09
1.71837e-09
1.71837e-09
1.71837e-09
1.71838e-09
1.71836e-09
1.71838e-09
1.71836e-09
1.71839e-09
1.71836e-09
1.7184e-09
1.71836e-09
1.71842e-09
1.71837e-09
1.71847e-09
1.71841e-09
1.71856e-09
1.71849e-09
1.71874e-09
1.71862e-09
1.71888e-09
1.71834e-09
1.71754e-09
1.71498e-09
1.70993e-09
1.70434e-09
1.67052e-09
1.676e-09
1.68088e-09
1.68335e-09
1.68414e-09
1.68466e-09
1.68441e-09
1.68452e-09
1.68428e-09
1.68434e-09
1.6842e-09
1.68425e-09
1.68416e-09
1.6842e-09
1.68415e-09
1.68418e-09
1.68414e-09
1.68417e-09
1.68415e-09
1.68417e-09
1.68415e-09
1.68416e-09
1.68415e-09
1.68416e-09
1.68416e-09
1.68416e-09
1.68416e-09
1.68415e-09
1.68416e-09
1.68415e-09
1.68417e-09
1.68415e-09
1.68417e-09
1.68414e-09
1.68418e-09
1.68415e-09
1.6842e-09
1.68416e-09
1.68425e-09
1.6842e-09
1.68434e-09
1.68428e-09
1.68452e-09
1.68441e-09
1.68466e-09
1.68413e-09
1.68335e-09
1.68088e-09
1.676e-09
1.67052e-09
1.63848e-09
1.64387e-09
1.64857e-09
1.65096e-09
1.65173e-09
1.65224e-09
1.65199e-09
1.6521e-09
1.65187e-09
1.65192e-09
1.65179e-09
1.65184e-09
1.65175e-09
1.65179e-09
1.65174e-09
1.65177e-09
1.65173e-09
1.65176e-09
1.65174e-09
1.65176e-09
1.65174e-09
1.65175e-09
1.65174e-09
1.65175e-09
1.65174e-09
1.65174e-09
1.65175e-09
1.65174e-09
1.65175e-09
1.65174e-09
1.65176e-09
1.65174e-09
1.65176e-09
1.65173e-09
1.65177e-09
1.65174e-09
1.65179e-09
1.65175e-09
1.65184e-09
1.65179e-09
1.65192e-09
1.65187e-09
1.6521e-09
1.65199e-09
1.65224e-09
1.65173e-09
1.65096e-09
1.64857e-09
1.64387e-09
1.63848e-09
1.60809e-09
1.61338e-09
1.61792e-09
1.62023e-09
1.62097e-09
1.62146e-09
1.62123e-09
1.62133e-09
1.6211e-09
1.62116e-09
1.62102e-09
1.62107e-09
1.62099e-09
1.62103e-09
1.62097e-09
1.62101e-09
1.62097e-09
1.621e-09
1.62097e-09
1.62099e-09
1.62098e-09
1.62099e-09
1.62098e-09
1.62098e-09
1.62098e-09
1.62098e-09
1.62098e-09
1.62098e-09
1.62099e-09
1.62098e-09
1.62099e-09
1.62097e-09
1.621e-09
1.62097e-09
1.62101e-09
1.62097e-09
1.62103e-09
1.62099e-09
1.62107e-09
1.62102e-09
1.62116e-09
1.6211e-09
1.62133e-09
1.62123e-09
1.62146e-09
1.62097e-09
1.62023e-09
1.61792e-09
1.61338e-09
1.60809e-09
1.57921e-09
1.58441e-09
1.58879e-09
1.59101e-09
1.59173e-09
1.59221e-09
1.59198e-09
1.59207e-09
1.59186e-09
1.59191e-09
1.59178e-09
1.59182e-09
1.59174e-09
1.59178e-09
1.59173e-09
1.59176e-09
1.59173e-09
1.59175e-09
1.59173e-09
1.59175e-09
1.59173e-09
1.59174e-09
1.59174e-09
1.59174e-09
1.59174e-09
1.59174e-09
1.59174e-09
1.59174e-09
1.59174e-09
1.59173e-09
1.59175e-09
1.59173e-09
1.59175e-09
1.59173e-09
1.59176e-09
1.59173e-09
1.59178e-09
1.59174e-09
1.59182e-09
1.59178e-09
1.59191e-09
1.59186e-09
1.59207e-09
1.59198e-09
1.59221e-09
1.59173e-09
1.59101e-09
1.58879e-09
1.58441e-09
1.57921e-09
1.55173e-09
1.55684e-09
1.56106e-09
1.5632e-09
1.56389e-09
1.56436e-09
1.56414e-09
1.56423e-09
1.56402e-09
1.56407e-09
1.56394e-09
1.56398e-09
1.56391e-09
1.56394e-09
1.56389e-09
1.56392e-09
1.56389e-09
1.56392e-09
1.5639e-09
1.56391e-09
1.5639e-09
1.56391e-09
1.5639e-09
1.56391e-09
1.5639e-09
1.5639e-09
1.56391e-09
1.5639e-09
1.56391e-09
1.5639e-09
1.56391e-09
1.5639e-09
1.56392e-09
1.56389e-09
1.56392e-09
1.56389e-09
1.56394e-09
1.56391e-09
1.56398e-09
1.56394e-09
1.56407e-09
1.56402e-09
1.56423e-09
1.56414e-09
1.56436e-09
1.56389e-09
1.5632e-09
1.56106e-09
1.55684e-09
1.55173e-09
1.52555e-09
1.53058e-09
1.53464e-09
1.53669e-09
1.53737e-09
1.53782e-09
1.53761e-09
1.53769e-09
1.53749e-09
1.53753e-09
1.53742e-09
1.53745e-09
1.53738e-09
1.53741e-09
1.53737e-09
1.5374e-09
1.53736e-09
1.53739e-09
1.53737e-09
1.53739e-09
1.53737e-09
1.53738e-09
1.53737e-09
1.53738e-09
1.53738e-09
1.53738e-09
1.53738e-09
1.53737e-09
1.53738e-09
1.53737e-09
1.53739e-09
1.53737e-09
1.53739e-09
1.53737e-09
1.5374e-09
1.53737e-09
1.53741e-09
1.53738e-09
1.53745e-09
1.53742e-09
1.53753e-09
1.53749e-09
1.53769e-09
1.53761e-09
1.53782e-09
1.53737e-09
1.53669e-09
1.53464e-09
1.53058e-09
1.52555e-09
1.5006e-09
1.50553e-09
1.50944e-09
1.51141e-09
1.51206e-09
1.5125e-09
1.51231e-09
1.51238e-09
1.51219e-09
1.51223e-09
1.51211e-09
1.51215e-09
1.51208e-09
1.51211e-09
1.51207e-09
1.51209e-09
1.51206e-09
1.51209e-09
1.51207e-09
1.51209e-09
1.51207e-09
1.51208e-09
1.51207e-09
1.51208e-09
1.51208e-09
1.51208e-09
1.51208e-09
1.51207e-09
1.51208e-09
1.51207e-09
1.51209e-09
1.51207e-09
1.51209e-09
1.51206e-09
1.51209e-09
1.51207e-09
1.51211e-09
1.51208e-09
1.51215e-09
1.51211e-09
1.51223e-09
1.51219e-09
1.51238e-09
1.51231e-09
1.5125e-09
1.51206e-09
1.51141e-09
1.50944e-09
1.50553e-09
1.5006e-09
1.4768e-09
1.48163e-09
1.48538e-09
1.48728e-09
1.48791e-09
1.48834e-09
1.48815e-09
1.48822e-09
1.48804e-09
1.48807e-09
1.48796e-09
1.488e-09
1.48793e-09
1.48796e-09
1.48792e-09
1.48794e-09
1.48792e-09
1.48794e-09
1.48792e-09
1.48794e-09
1.48792e-09
1.48793e-09
1.48792e-09
1.48793e-09
1.48793e-09
1.48793e-09
1.48793e-09
1.48792e-09
1.48793e-09
1.48792e-09
1.48794e-09
1.48792e-09
1.48794e-09
1.48792e-09
1.48794e-09
1.48792e-09
1.48796e-09
1.48793e-09
1.488e-09
1.48796e-09
1.48807e-09
1.48804e-09
1.48822e-09
1.48815e-09
1.48834e-09
1.48791e-09
1.48728e-09
1.48538e-09
1.48163e-09
1.4768e-09
1.45408e-09
1.4588e-09
1.46241e-09
1.46424e-09
1.46484e-09
1.46526e-09
1.46508e-09
1.46514e-09
1.46497e-09
1.465e-09
1.4649e-09
1.46493e-09
1.46487e-09
1.4649e-09
1.46485e-09
1.46488e-09
1.46485e-09
1.46488e-09
1.46486e-09
1.46487e-09
1.46486e-09
1.46487e-09
1.46486e-09
1.46487e-09
1.46487e-09
1.46487e-09
1.46487e-09
1.46486e-09
1.46487e-09
1.46486e-09
1.46487e-09
1.46486e-09
1.46488e-09
1.46485e-09
1.46488e-09
1.46486e-09
1.4649e-09
1.46487e-09
1.46493e-09
1.4649e-09
1.465e-09
1.46497e-09
1.46514e-09
1.46508e-09
1.46525e-09
1.46484e-09
1.46424e-09
1.46241e-09
1.4588e-09
1.45408e-09
1.43238e-09
1.43699e-09
1.44046e-09
1.44222e-09
1.44281e-09
1.4432e-09
1.44303e-09
1.4431e-09
1.44293e-09
1.44296e-09
1.44286e-09
1.44289e-09
1.44283e-09
1.44286e-09
1.44282e-09
1.44285e-09
1.44282e-09
1.44284e-09
1.44283e-09
1.44284e-09
1.44283e-09
1.44284e-09
1.44283e-09
1.44284e-09
1.44283e-09
1.44283e-09
1.44284e-09
1.44283e-09
1.44284e-09
1.44283e-09
1.44284e-09
1.44283e-09
1.44284e-09
1.44282e-09
1.44285e-09
1.44282e-09
1.44286e-09
1.44283e-09
1.44289e-09
1.44286e-09
1.44296e-09
1.44293e-09
1.4431e-09
1.44303e-09
1.4432e-09
1.44281e-09
1.44222e-09
1.44046e-09
1.43699e-09
1.43238e-09
1.41167e-09
1.41615e-09
1.41949e-09
1.42118e-09
1.42175e-09
1.42213e-09
1.42197e-09
1.42203e-09
1.42188e-09
1.4219e-09
1.42181e-09
1.42184e-09
1.42178e-09
1.42181e-09
1.42177e-09
1.4218e-09
1.42177e-09
1.42179e-09
1.42178e-09
1.42179e-09
1.42178e-09
1.42179e-09
1.42178e-09
1.42179e-09
1.42178e-09
1.42178e-09
1.42179e-09
1.42178e-09
1.42179e-09
1.42178e-09
1.42179e-09
1.42178e-09
1.42179e-09
1.42177e-09
1.4218e-09
1.42177e-09
1.42181e-09
1.42178e-09
1.42184e-09
1.42181e-09
1.4219e-09
1.42187e-09
1.42203e-09
1.42197e-09
1.42213e-09
1.42175e-09
1.42118e-09
1.41949e-09
1.41615e-09
1.41167e-09
1.39189e-09
1.39623e-09
1.39945e-09
1.40107e-09
1.40162e-09
1.40199e-09
1.40184e-09
1.4019e-09
1.40175e-09
1.40178e-09
1.40169e-09
1.40172e-09
1.40166e-09
1.40169e-09
1.40165e-09
1.40168e-09
1.40166e-09
1.40168e-09
1.40166e-09
1.40167e-09
1.40166e-09
1.40167e-09
1.40167e-09
1.40167e-09
1.40167e-09
1.40167e-09
1.40167e-09
1.40167e-09
1.40167e-09
1.40166e-09
1.40167e-09
1.40166e-09
1.40168e-09
1.40166e-09
1.40168e-09
1.40165e-09
1.40169e-09
1.40166e-09
1.40172e-09
1.40169e-09
1.40178e-09
1.40175e-09
1.4019e-09
1.40184e-09
1.40199e-09
1.40162e-09
1.40107e-09
1.39945e-09
1.39623e-09
1.39189e-09
1.373e-09
1.3772e-09
1.38029e-09
1.38186e-09
1.38238e-09
1.38275e-09
1.38261e-09
1.38267e-09
1.38253e-09
1.38255e-09
1.38247e-09
1.38249e-09
1.38244e-09
1.38247e-09
1.38244e-09
1.38246e-09
1.38244e-09
1.38246e-09
1.38244e-09
1.38246e-09
1.38245e-09
1.38245e-09
1.38245e-09
1.38245e-09
1.38245e-09
1.38245e-09
1.38245e-09
1.38245e-09
1.38245e-09
1.38245e-09
1.38246e-09
1.38244e-09
1.38246e-09
1.38244e-09
1.38246e-09
1.38244e-09
1.38247e-09
1.38244e-09
1.38249e-09
1.38247e-09
1.38255e-09
1.38253e-09
1.38267e-09
1.38261e-09
1.38275e-09
1.38238e-09
1.38186e-09
1.38029e-09
1.3772e-09
1.373e-09
1.35496e-09
1.35901e-09
1.362e-09
1.36351e-09
1.36401e-09
1.36436e-09
1.36423e-09
1.36429e-09
1.36416e-09
1.36419e-09
1.36411e-09
1.36413e-09
1.36408e-09
1.36411e-09
1.36408e-09
1.3641e-09
1.36408e-09
1.3641e-09
1.36409e-09
1.3641e-09
1.36409e-09
1.3641e-09
1.36409e-09
1.3641e-09
1.3641e-09
1.3641e-09
1.3641e-09
1.36409e-09
1.3641e-09
1.36409e-09
1.3641e-09
1.36409e-09
1.3641e-09
1.36408e-09
1.3641e-09
1.36408e-09
1.36411e-09
1.36408e-09
1.36413e-09
1.36411e-09
1.36419e-09
1.36416e-09
1.36429e-09
1.36423e-09
1.36436e-09
1.36401e-09
1.3635e-09
1.362e-09
1.35901e-09
1.35496e-09
1.33775e-09
1.34164e-09
1.34452e-09
1.34598e-09
1.34646e-09
1.34681e-09
1.34669e-09
1.34675e-09
1.34663e-09
1.34665e-09
1.34658e-09
1.3466e-09
1.34656e-09
1.34658e-09
1.34655e-09
1.34658e-09
1.34656e-09
1.34658e-09
1.34656e-09
1.34658e-09
1.34657e-09
1.34658e-09
1.34657e-09
1.34657e-09
1.34657e-09
1.34657e-09
1.34657e-09
1.34657e-09
1.34658e-09
1.34657e-09
1.34658e-09
1.34656e-09
1.34658e-09
1.34656e-09
1.34658e-09
1.34655e-09
1.34658e-09
1.34656e-09
1.3466e-09
1.34658e-09
1.34665e-09
1.34662e-09
1.34675e-09
1.34669e-09
1.34681e-09
1.34646e-09
1.34598e-09
1.34452e-09
1.34164e-09
1.33775e-09
1.32133e-09
1.32507e-09
1.32785e-09
1.32925e-09
1.32972e-09
1.33006e-09
1.32995e-09
1.33001e-09
1.32989e-09
1.32992e-09
1.32985e-09
1.32988e-09
1.32984e-09
1.32986e-09
1.32983e-09
1.32986e-09
1.32984e-09
1.32986e-09
1.32984e-09
1.32986e-09
1.32985e-09
1.32986e-09
1.32985e-09
1.32985e-09
1.32985e-09
1.32985e-09
1.32985e-09
1.32985e-09
1.32986e-09
1.32985e-09
1.32986e-09
1.32984e-09
1.32986e-09
1.32984e-09
1.32986e-09
1.32983e-09
1.32986e-09
1.32984e-09
1.32988e-09
1.32985e-09
1.32992e-09
1.32989e-09
1.33001e-09
1.32995e-09
1.33006e-09
1.32972e-09
1.32925e-09
1.32785e-09
1.32507e-09
1.32133e-09
1.30568e-09
1.30926e-09
1.31194e-09
1.3133e-09
1.31375e-09
1.31408e-09
1.31399e-09
1.31405e-09
1.31394e-09
1.31397e-09
1.31391e-09
1.31393e-09
1.31389e-09
1.31392e-09
1.31389e-09
1.31391e-09
1.3139e-09
1.31392e-09
1.31391e-09
1.31392e-09
1.31391e-09
1.31392e-09
1.31391e-09
1.31392e-09
1.31391e-09
1.31391e-09
1.31392e-09
1.31391e-09
1.31392e-09
1.31391e-09
1.31392e-09
1.31391e-09
1.31392e-09
1.3139e-09
1.31392e-09
1.31389e-09
1.31392e-09
1.31389e-09
1.31393e-09
1.31391e-09
1.31397e-09
1.31394e-09
1.31405e-09
1.31399e-09
1.31408e-09
1.31375e-09
1.3133e-09
1.31194e-09
1.30926e-09
1.30568e-09
1.29077e-09
1.2942e-09
1.2968e-09
1.2981e-09
1.29854e-09
1.29887e-09
1.29878e-09
1.29884e-09
1.29875e-09
1.29878e-09
1.29872e-09
1.29875e-09
1.29871e-09
1.29873e-09
1.29871e-09
1.29873e-09
1.29872e-09
1.29874e-09
1.29873e-09
1.29874e-09
1.29873e-09
1.29874e-09
1.29873e-09
1.29874e-09
1.29874e-09
1.29874e-09
1.29874e-09
1.29873e-09
1.29874e-09
1.29873e-09
1.29874e-09
1.29873e-09
1.29874e-09
1.29872e-09
1.29873e-09
1.29871e-09
1.29873e-09
1.29871e-09
1.29875e-09
1.29872e-09
1.29878e-09
1.29875e-09
1.29884e-09
1.29878e-09
1.29887e-09
1.29854e-09
1.2981e-09
1.2968e-09
1.2942e-09
1.29077e-09
1.27658e-09
1.27986e-09
1.28239e-09
1.28364e-09
1.28407e-09
1.28439e-09
1.28432e-09
1.28438e-09
1.28429e-09
1.28432e-09
1.28427e-09
1.2843e-09
1.28427e-09
1.28429e-09
1.28427e-09
1.28429e-09
1.28428e-09
1.2843e-09
1.28429e-09
1.2843e-09
1.28429e-09
1.2843e-09
1.28429e-09
1.2843e-09
1.2843e-09
1.2843e-09
1.2843e-09
1.2843e-09
1.2843e-09
1.28429e-09
1.2843e-09
1.28429e-09
1.2843e-09
1.28428e-09
1.28429e-09
1.28427e-09
1.28429e-09
1.28427e-09
1.2843e-09
1.28427e-09
1.28432e-09
1.28429e-09
1.28438e-09
1.28432e-09
1.28439e-09
1.28407e-09
1.28364e-09
1.28239e-09
1.27986e-09
1.27658e-09
1.26311e-09
1.26624e-09
1.26869e-09
1.26989e-09
1.27031e-09
1.27063e-09
1.27057e-09
1.27064e-09
1.27056e-09
1.27059e-09
1.27055e-09
1.27058e-09
1.27055e-09
1.27057e-09
1.27055e-09
1.27058e-09
1.27056e-09
1.27058e-09
1.27057e-09
1.27058e-09
1.27058e-09
1.27058e-09
1.27058e-09
1.27058e-09
1.27058e-09
1.27058e-09
1.27058e-09
1.27058e-09
1.27059e-09
1.27058e-09
1.27058e-09
1.27057e-09
1.27058e-09
1.27056e-09
1.27058e-09
1.27055e-09
1.27057e-09
1.27055e-09
1.27058e-09
1.27055e-09
1.27059e-09
1.27056e-09
1.27064e-09
1.27057e-09
1.27063e-09
1.27031e-09
1.26989e-09
1.26869e-09
1.26624e-09
1.26311e-09
1.25032e-09
1.25333e-09
1.25569e-09
1.25685e-09
1.25727e-09
1.25758e-09
1.25753e-09
1.2576e-09
1.25754e-09
1.25757e-09
1.25753e-09
1.25756e-09
1.25754e-09
1.25756e-09
1.25755e-09
1.25757e-09
1.25756e-09
1.25758e-09
1.25757e-09
1.25758e-09
1.25757e-09
1.25758e-09
1.25758e-09
1.25758e-09
1.25758e-09
1.25758e-09
1.25758e-09
1.25758e-09
1.25758e-09
1.25757e-09
1.25758e-09
1.25757e-09
1.25758e-09
1.25756e-09
1.25757e-09
1.25755e-09
1.25756e-09
1.25754e-09
1.25756e-09
1.25753e-09
1.25757e-09
1.25754e-09
1.2576e-09
1.25753e-09
1.25758e-09
1.25727e-09
1.25685e-09
1.25568e-09
1.25333e-09
1.25032e-09
1.23822e-09
1.2411e-09
1.24337e-09
1.24451e-09
1.24492e-09
1.24522e-09
1.2452e-09
1.24527e-09
1.24522e-09
1.24526e-09
1.24522e-09
1.24525e-09
1.24523e-09
1.24526e-09
1.24524e-09
1.24527e-09
1.24526e-09
1.24527e-09
1.24527e-09
1.24528e-09
1.24527e-09
1.24528e-09
1.24528e-09
1.24528e-09
1.24528e-09
1.24528e-09
1.24528e-09
1.24528e-09
1.24528e-09
1.24527e-09
1.24528e-09
1.24527e-09
1.24527e-09
1.24526e-09
1.24527e-09
1.24524e-09
1.24526e-09
1.24523e-09
1.24525e-09
1.24522e-09
1.24526e-09
1.24522e-09
1.24527e-09
1.2452e-09
1.24522e-09
1.24492e-09
1.24451e-09
1.24337e-09
1.2411e-09
1.23822e-09
1.2268e-09
1.22956e-09
1.23175e-09
1.23286e-09
1.23327e-09
1.23357e-09
1.23356e-09
1.23364e-09
1.23359e-09
1.23363e-09
1.23361e-09
1.23364e-09
1.23362e-09
1.23365e-09
1.23364e-09
1.23366e-09
1.23365e-09
1.23367e-09
1.23366e-09
1.23368e-09
1.23367e-09
1.23368e-09
1.23367e-09
1.23368e-09
1.23368e-09
1.23368e-09
1.23368e-09
1.23367e-09
1.23368e-09
1.23367e-09
1.23368e-09
1.23366e-09
1.23367e-09
1.23365e-09
1.23366e-09
1.23364e-09
1.23365e-09
1.23362e-09
1.23364e-09
1.23361e-09
1.23363e-09
1.23359e-09
1.23364e-09
1.23356e-09
1.23357e-09
1.23327e-09
1.23285e-09
1.23175e-09
1.22956e-09
1.2268e-09
1.21644e-09
1.2191e-09
1.22121e-09
1.22229e-09
1.2227e-09
1.223e-09
1.223e-09
1.22309e-09
1.22306e-09
1.2231e-09
1.22308e-09
1.22312e-09
1.2231e-09
1.22313e-09
1.22312e-09
1.22314e-09
1.22314e-09
1.22316e-09
1.22315e-09
1.22316e-09
1.22316e-09
1.22316e-09
1.22316e-09
1.22316e-09
1.22316e-09
1.22316e-09
1.22316e-09
1.22316e-09
1.22316e-09
1.22316e-09
1.22316e-09
1.22315e-09
1.22316e-09
1.22314e-09
1.22314e-09
1.22312e-09
1.22313e-09
1.2231e-09
1.22312e-09
1.22308e-09
1.2231e-09
1.22306e-09
1.22309e-09
1.223e-09
1.223e-09
1.2227e-09
1.22229e-09
1.22121e-09
1.2191e-09
1.21644e-09
1.20658e-09
1.20916e-09
1.21115e-09
1.2122e-09
1.21259e-09
1.21286e-09
1.21287e-09
1.21295e-09
1.21293e-09
1.21297e-09
1.21295e-09
1.21299e-09
1.21298e-09
1.213e-09
1.213e-09
1.21302e-09
1.21301e-09
1.21303e-09
1.21302e-09
1.21304e-09
1.21303e-09
1.21304e-09
1.21304e-09
1.21304e-09
1.21304e-09
1.21304e-09
1.21304e-09
1.21304e-09
1.21304e-09
1.21303e-09
1.21304e-09
1.21302e-09
1.21303e-09
1.21301e-09
1.21302e-09
1.213e-09
1.213e-09
1.21298e-09
1.21299e-09
1.21295e-09
1.21297e-09
1.21293e-09
1.21295e-09
1.21287e-09
1.21286e-09
1.21259e-09
1.2122e-09
1.21115e-09
1.20916e-09
1.20658e-09
1.19718e-09
1.19965e-09
1.20156e-09
1.20259e-09
1.20299e-09
1.20326e-09
1.20328e-09
1.20337e-09
1.20336e-09
1.2034e-09
1.20339e-09
1.20343e-09
1.20342e-09
1.20345e-09
1.20345e-09
1.20347e-09
1.20346e-09
1.20348e-09
1.20348e-09
1.20349e-09
1.20349e-09
1.20349e-09
1.20349e-09
1.20349e-09
1.20349e-09
1.20349e-09
1.20349e-09
1.20349e-09
1.20349e-09
1.20349e-09
1.20349e-09
1.20348e-09
1.20348e-09
1.20346e-09
1.20347e-09
1.20345e-09
1.20345e-09
1.20342e-09
1.20343e-09
1.20339e-09
1.2034e-09
1.20336e-09
1.20337e-09
1.20328e-09
1.20326e-09
1.20298e-09
1.20259e-09
1.20156e-09
1.19965e-09
1.19718e-09
1.18841e-09
1.19078e-09
1.19262e-09
1.19364e-09
1.19404e-09
1.19431e-09
1.19434e-09
1.19445e-09
1.19444e-09
1.1945e-09
1.19449e-09
1.19453e-09
1.19453e-09
1.19456e-09
1.19456e-09
1.19458e-09
1.19458e-09
1.19459e-09
1.19459e-09
1.1946e-09
1.1946e-09
1.19461e-09
1.1946e-09
1.19461e-09
1.19461e-09
1.19461e-09
1.19461e-09
1.1946e-09
1.19461e-09
1.1946e-09
1.1946e-09
1.19459e-09
1.19459e-09
1.19458e-09
1.19458e-09
1.19456e-09
1.19456e-09
1.19453e-09
1.19453e-09
1.19449e-09
1.1945e-09
1.19444e-09
1.19445e-09
1.19434e-09
1.19431e-09
1.19404e-09
1.19364e-09
1.19262e-09
1.19078e-09
1.18841e-09
1.18029e-09
1.18256e-09
1.18434e-09
1.18535e-09
1.18576e-09
1.18602e-09
1.18608e-09
1.18619e-09
1.1862e-09
1.18626e-09
1.18626e-09
1.1863e-09
1.1863e-09
1.18634e-09
1.18634e-09
1.18636e-09
1.18636e-09
1.18637e-09
1.18637e-09
1.18638e-09
1.18638e-09
1.18639e-09
1.18639e-09
1.18639e-09
1.18639e-09
1.18639e-09
1.18639e-09
1.18639e-09
1.18639e-09
1.18638e-09
1.18638e-09
1.18637e-09
1.18637e-09
1.18636e-09
1.18636e-09
1.18634e-09
1.18634e-09
1.1863e-09
1.1863e-09
1.18626e-09
1.18626e-09
1.1862e-09
1.18619e-09
1.18608e-09
1.18602e-09
1.18576e-09
1.18535e-09
1.18434e-09
1.18256e-09
1.18029e-09
1.17282e-09
1.17501e-09
1.17673e-09
1.17772e-09
1.17815e-09
1.17841e-09
1.17848e-09
1.1786e-09
1.17863e-09
1.17869e-09
1.17871e-09
1.17875e-09
1.17876e-09
1.17879e-09
1.17879e-09
1.17882e-09
1.17882e-09
1.17883e-09
1.17883e-09
1.17884e-09
1.17884e-09
1.17885e-09
1.17885e-09
1.17885e-09
1.17885e-09
1.17885e-09
1.17885e-09
1.17885e-09
1.17885e-09
1.17884e-09
1.17884e-09
1.17883e-09
1.17883e-09
1.17882e-09
1.17882e-09
1.17879e-09
1.17879e-09
1.17876e-09
1.17875e-09
1.17871e-09
1.17869e-09
1.17863e-09
1.1786e-09
1.17848e-09
1.17841e-09
1.17815e-09
1.17772e-09
1.17673e-09
1.17501e-09
1.17282e-09
1.16628e-09
1.16838e-09
1.17006e-09
1.17105e-09
1.17149e-09
1.17174e-09
1.17184e-09
1.17197e-09
1.17201e-09
1.17208e-09
1.1721e-09
1.17214e-09
1.17216e-09
1.17219e-09
1.17219e-09
1.17222e-09
1.17222e-09
1.17224e-09
1.17224e-09
1.17225e-09
1.17225e-09
1.17225e-09
1.17225e-09
1.17226e-09
1.17226e-09
1.17226e-09
1.17226e-09
1.17225e-09
1.17225e-09
1.17225e-09
1.17225e-09
1.17224e-09
1.17224e-09
1.17222e-09
1.17222e-09
1.17219e-09
1.17219e-09
1.17216e-09
1.17214e-09
1.1721e-09
1.17208e-09
1.17201e-09
1.17197e-09
1.17184e-09
1.17174e-09
1.17149e-09
1.17105e-09
1.17006e-09
1.16838e-09
1.16628e-09
1.16038e-09
1.1624e-09
1.16406e-09
1.16504e-09
1.16551e-09
1.16575e-09
1.16587e-09
1.166e-09
1.16604e-09
1.16612e-09
1.16614e-09
1.16619e-09
1.1662e-09
1.16623e-09
1.16624e-09
1.16626e-09
1.16627e-09
1.16628e-09
1.16628e-09
1.16629e-09
1.16629e-09
1.1663e-09
1.1663e-09
1.1663e-09
1.1663e-09
1.1663e-09
1.1663e-09
1.1663e-09
1.1663e-09
1.16629e-09
1.16629e-09
1.16628e-09
1.16628e-09
1.16627e-09
1.16626e-09
1.16624e-09
1.16623e-09
1.1662e-09
1.16619e-09
1.16614e-09
1.16612e-09
1.16604e-09
1.166e-09
1.16587e-09
1.16575e-09
1.16551e-09
1.16504e-09
1.16406e-09
1.1624e-09
1.16038e-09
1.15495e-09
1.1569e-09
1.15852e-09
1.15949e-09
1.15999e-09
1.16023e-09
1.16037e-09
1.16052e-09
1.16057e-09
1.16065e-09
1.16067e-09
1.16073e-09
1.16074e-09
1.16078e-09
1.16079e-09
1.16081e-09
1.16081e-09
1.16083e-09
1.16083e-09
1.16084e-09
1.16084e-09
1.16085e-09
1.16085e-09
1.16085e-09
1.16085e-09
1.16085e-09
1.16085e-09
1.16085e-09
1.16085e-09
1.16084e-09
1.16084e-09
1.16083e-09
1.16083e-09
1.16081e-09
1.16081e-09
1.16079e-09
1.16078e-09
1.16074e-09
1.16073e-09
1.16067e-09
1.16065e-09
1.16057e-09
1.16052e-09
1.16037e-09
1.16023e-09
1.15999e-09
1.15949e-09
1.15852e-09
1.1569e-09
1.15495e-09
1.15016e-09
1.15203e-09
1.15363e-09
1.15461e-09
1.15514e-09
1.15558e-09
1.15575e-09
1.15591e-09
1.15597e-09
1.15606e-09
1.15609e-09
1.15615e-09
1.15617e-09
1.15621e-09
1.15622e-09
1.15624e-09
1.15625e-09
1.15627e-09
1.15627e-09
1.15628e-09
1.15628e-09
1.15629e-09
1.15629e-09
1.15629e-09
1.15629e-09
1.15629e-09
1.15629e-09
1.15629e-09
1.15629e-09
1.15628e-09
1.15628e-09
1.15627e-09
1.15627e-09
1.15625e-09
1.15624e-09
1.15622e-09
1.15621e-09
1.15617e-09
1.15615e-09
1.15609e-09
1.15606e-09
1.15597e-09
1.15591e-09
1.15575e-09
1.15558e-09
1.15514e-09
1.15461e-09
1.15363e-09
1.15203e-09
1.15016e-09
1.14623e-09
1.14804e-09
1.14962e-09
1.1506e-09
1.15116e-09
1.15164e-09
1.15183e-09
1.152e-09
1.15208e-09
1.15217e-09
1.15222e-09
1.15227e-09
1.1523e-09
1.15234e-09
1.15235e-09
1.15238e-09
1.15239e-09
1.1524e-09
1.15241e-09
1.15242e-09
1.15242e-09
1.15243e-09
1.15243e-09
1.15243e-09
1.15243e-09
1.15243e-09
1.15243e-09
1.15243e-09
1.15243e-09
1.15242e-09
1.15242e-09
1.15241e-09
1.1524e-09
1.15239e-09
1.15238e-09
1.15235e-09
1.15234e-09
1.1523e-09
1.15227e-09
1.15222e-09
1.15217e-09
1.15208e-09
1.152e-09
1.15183e-09
1.15164e-09
1.15116e-09
1.1506e-09
1.14962e-09
1.14804e-09
1.14623e-09
1.14297e-09
1.14474e-09
1.14629e-09
1.14728e-09
1.14787e-09
1.14836e-09
1.14856e-09
1.14875e-09
1.14884e-09
1.14894e-09
1.14899e-09
1.14905e-09
1.14908e-09
1.14912e-09
1.14913e-09
1.14916e-09
1.14917e-09
1.14919e-09
1.14919e-09
1.1492e-09
1.1492e-09
1.14921e-09
1.14921e-09
1.14921e-09
1.14921e-09
1.14921e-09
1.14921e-09
1.14921e-09
1.14921e-09
1.1492e-09
1.1492e-09
1.14919e-09
1.14919e-09
1.14917e-09
1.14916e-09
1.14913e-09
1.14912e-09
1.14908e-09
1.14905e-09
1.14899e-09
1.14894e-09
1.14884e-09
1.14875e-09
1.14856e-09
1.14836e-09
1.14787e-09
1.14728e-09
1.14629e-09
1.14474e-09
1.14297e-09
1.14044e-09
1.14216e-09
1.1437e-09
1.14471e-09
1.14534e-09
1.14584e-09
1.14608e-09
1.14627e-09
1.14638e-09
1.14649e-09
1.14655e-09
1.14661e-09
1.14665e-09
1.14669e-09
1.14671e-09
1.14674e-09
1.14675e-09
1.14676e-09
1.14677e-09
1.14678e-09
1.14678e-09
1.14679e-09
1.14679e-09
1.14679e-09
1.14679e-09
1.14679e-09
1.14679e-09
1.14679e-09
1.14679e-09
1.14678e-09
1.14678e-09
1.14677e-09
1.14676e-09
1.14675e-09
1.14674e-09
1.14671e-09
1.14669e-09
1.14665e-09
1.14661e-09
1.14655e-09
1.14649e-09
1.14638e-09
1.14627e-09
1.14608e-09
1.14584e-09
1.14534e-09
1.14471e-09
1.1437e-09
1.14216e-09
1.14044e-09
1.13863e-09
1.14031e-09
1.14184e-09
1.14288e-09
1.14355e-09
1.14407e-09
1.14434e-09
1.14455e-09
1.14468e-09
1.14479e-09
1.14486e-09
1.14493e-09
1.14497e-09
1.14501e-09
1.14504e-09
1.14506e-09
1.14508e-09
1.14509e-09
1.1451e-09
1.14511e-09
1.14511e-09
1.14512e-09
1.14512e-09
1.14512e-09
1.14513e-09
1.14513e-09
1.14513e-09
1.14512e-09
1.14512e-09
1.14511e-09
1.14511e-09
1.1451e-09
1.14509e-09
1.14508e-09
1.14506e-09
1.14504e-09
1.14501e-09
1.14497e-09
1.14493e-09
1.14486e-09
1.14479e-09
1.14467e-09
1.14455e-09
1.14434e-09
1.14407e-09
1.14355e-09
1.14288e-09
1.14184e-09
1.14031e-09
1.13863e-09
1.13756e-09
1.1392e-09
1.14073e-09
1.1418e-09
1.14253e-09
1.14307e-09
1.14336e-09
1.1436e-09
1.14374e-09
1.14386e-09
1.14394e-09
1.14402e-09
1.14406e-09
1.14411e-09
1.14413e-09
1.14416e-09
1.14418e-09
1.1442e-09
1.1442e-09
1.14421e-09
1.14422e-09
1.14422e-09
1.14423e-09
1.14423e-09
1.14423e-09
1.14423e-09
1.14423e-09
1.14423e-09
1.14422e-09
1.14422e-09
1.14421e-09
1.1442e-09
1.1442e-09
1.14418e-09
1.14416e-09
1.14413e-09
1.14411e-09
1.14406e-09
1.14401e-09
1.14394e-09
1.14386e-09
1.14374e-09
1.1436e-09
1.14336e-09
1.14307e-09
1.14253e-09
1.1418e-09
1.14073e-09
1.1392e-09
1.13756e-09
1.13725e-09
1.13885e-09
1.1404e-09
1.14151e-09
1.14229e-09
1.14285e-09
1.14318e-09
1.14343e-09
1.14359e-09
1.14373e-09
1.14382e-09
1.1439e-09
1.14395e-09
1.144e-09
1.14403e-09
1.14406e-09
1.14407e-09
1.14409e-09
1.1441e-09
1.14411e-09
1.14412e-09
1.14412e-09
1.14412e-09
1.14413e-09
1.14413e-09
1.14413e-09
1.14413e-09
1.14412e-09
1.14412e-09
1.14412e-09
1.14411e-09
1.1441e-09
1.14409e-09
1.14407e-09
1.14406e-09
1.14403e-09
1.144e-09
1.14395e-09
1.1439e-09
1.14382e-09
1.14373e-09
1.14359e-09
1.14343e-09
1.14318e-09
1.14285e-09
1.14229e-09
1.14151e-09
1.14041e-09
1.13885e-09
1.13725e-09
1.13772e-09
1.1393e-09
1.14088e-09
1.14202e-09
1.14287e-09
1.14345e-09
1.14381e-09
1.14409e-09
1.14427e-09
1.14441e-09
1.14451e-09
1.1446e-09
1.14466e-09
1.14471e-09
1.14474e-09
1.14477e-09
1.14479e-09
1.14481e-09
1.14482e-09
1.14483e-09
1.14484e-09
1.14484e-09
1.14485e-09
1.14485e-09
1.14485e-09
1.14485e-09
1.14485e-09
1.14485e-09
1.14484e-09
1.14484e-09
1.14483e-09
1.14482e-09
1.14481e-09
1.14479e-09
1.14477e-09
1.14474e-09
1.14471e-09
1.14466e-09
1.1446e-09
1.14451e-09
1.14441e-09
1.14427e-09
1.14409e-09
1.14381e-09
1.14345e-09
1.14287e-09
1.14202e-09
1.14088e-09
1.1393e-09
1.13772e-09
1.13901e-09
1.14057e-09
1.14219e-09
1.14337e-09
1.14429e-09
1.1449e-09
1.1453e-09
1.1456e-09
1.1458e-09
1.14596e-09
1.14607e-09
1.14616e-09
1.14622e-09
1.14627e-09
1.14631e-09
1.14634e-09
1.14637e-09
1.14639e-09
1.1464e-09
1.14641e-09
1.14641e-09
1.14642e-09
1.14642e-09
1.14643e-09
1.14643e-09
1.14643e-09
1.14643e-09
1.14642e-09
1.14642e-09
1.14641e-09
1.14641e-09
1.1464e-09
1.14639e-09
1.14637e-09
1.14634e-09
1.14631e-09
1.14627e-09
1.14622e-09
1.14616e-09
1.14606e-09
1.14596e-09
1.1458e-09
1.1456e-09
1.1453e-09
1.1449e-09
1.14429e-09
1.14337e-09
1.14219e-09
1.14057e-09
1.13901e-09
1.14115e-09
1.14269e-09
1.14436e-09
1.1456e-09
1.14658e-09
1.14723e-09
1.14766e-09
1.14799e-09
1.14821e-09
1.14838e-09
1.1485e-09
1.1486e-09
1.14867e-09
1.14873e-09
1.14877e-09
1.1488e-09
1.14883e-09
1.14885e-09
1.14886e-09
1.14887e-09
1.14888e-09
1.14888e-09
1.14889e-09
1.14889e-09
1.14889e-09
1.14889e-09
1.14889e-09
1.14889e-09
1.14888e-09
1.14888e-09
1.14887e-09
1.14886e-09
1.14885e-09
1.14883e-09
1.1488e-09
1.14877e-09
1.14873e-09
1.14867e-09
1.1486e-09
1.1485e-09
1.14838e-09
1.14821e-09
1.14799e-09
1.14766e-09
1.14722e-09
1.14658e-09
1.14559e-09
1.14436e-09
1.14269e-09
1.14115e-09
1.1442e-09
1.14574e-09
1.14748e-09
1.14877e-09
1.14984e-09
1.15052e-09
1.15101e-09
1.15136e-09
1.1516e-09
1.15179e-09
1.15192e-09
1.15203e-09
1.1521e-09
1.15216e-09
1.15221e-09
1.15225e-09
1.15227e-09
1.15229e-09
1.15231e-09
1.15232e-09
1.15233e-09
1.15233e-09
1.15234e-09
1.15234e-09
1.15234e-09
1.15234e-09
1.15234e-09
1.15234e-09
1.15233e-09
1.15233e-09
1.15232e-09
1.15231e-09
1.15229e-09
1.15227e-09
1.15225e-09
1.15221e-09
1.15216e-09
1.1521e-09
1.15203e-09
1.15192e-09
1.15179e-09
1.1516e-09
1.15136e-09
1.151e-09
1.15052e-09
1.14984e-09
1.14877e-09
1.14748e-09
1.14574e-09
1.14421e-09
1.14819e-09
1.14973e-09
1.15155e-09
1.1529e-09
1.15406e-09
1.15478e-09
1.1553e-09
1.15569e-09
1.15595e-09
1.15615e-09
1.1563e-09
1.15641e-09
1.15649e-09
1.15656e-09
1.15661e-09
1.15665e-09
1.15667e-09
1.1567e-09
1.15671e-09
1.15672e-09
1.15673e-09
1.15674e-09
1.15674e-09
1.15674e-09
1.15675e-09
1.15675e-09
1.15674e-09
1.15674e-09
1.15674e-09
1.15673e-09
1.15672e-09
1.15671e-09
1.1567e-09
1.15667e-09
1.15665e-09
1.15661e-09
1.15656e-09
1.15649e-09
1.15641e-09
1.1563e-09
1.15615e-09
1.15595e-09
1.15569e-09
1.1553e-09
1.15478e-09
1.15406e-09
1.1529e-09
1.15155e-09
1.14973e-09
1.14819e-09
1.15318e-09
1.15473e-09
1.15665e-09
1.15807e-09
1.15933e-09
1.1601e-09
1.16067e-09
1.16109e-09
1.16138e-09
1.1616e-09
1.16176e-09
1.16188e-09
1.16198e-09
1.16205e-09
1.1621e-09
1.16214e-09
1.16217e-09
1.16219e-09
1.16221e-09
1.16222e-09
1.16223e-09
1.16224e-09
1.16224e-09
1.16225e-09
1.16225e-09
1.16225e-09
1.16225e-09
1.16224e-09
1.16224e-09
1.16223e-09
1.16222e-09
1.16221e-09
1.16219e-09
1.16217e-09
1.16214e-09
1.1621e-09
1.16205e-09
1.16198e-09
1.16188e-09
1.16176e-09
1.1616e-09
1.16138e-09
1.16109e-09
1.16067e-09
1.1601e-09
1.15932e-09
1.15807e-09
1.15665e-09
1.15473e-09
1.15318e-09
1.15924e-09
1.16081e-09
1.16285e-09
1.16435e-09
1.1657e-09
1.16653e-09
1.16716e-09
1.16761e-09
1.16793e-09
1.16816e-09
1.16834e-09
1.16847e-09
1.16857e-09
1.16864e-09
1.1687e-09
1.16874e-09
1.16878e-09
1.1688e-09
1.16882e-09
1.16883e-09
1.16884e-09
1.16885e-09
1.16885e-09
1.16885e-09
1.16886e-09
1.16886e-09
1.16885e-09
1.16885e-09
1.16885e-09
1.16884e-09
1.16883e-09
1.16882e-09
1.1688e-09
1.16878e-09
1.16874e-09
1.1687e-09
1.16864e-09
1.16857e-09
1.16847e-09
1.16834e-09
1.16816e-09
1.16793e-09
1.16761e-09
1.16716e-09
1.16653e-09
1.1657e-09
1.16435e-09
1.16285e-09
1.16082e-09
1.15924e-09
1.16652e-09
1.16812e-09
1.17029e-09
1.17189e-09
1.17336e-09
1.17426e-09
1.17495e-09
1.17544e-09
1.17579e-09
1.17605e-09
1.17624e-09
1.17638e-09
1.17649e-09
1.17657e-09
1.17663e-09
1.17668e-09
1.17671e-09
1.17674e-09
1.17676e-09
1.17677e-09
1.17678e-09
1.17679e-09
1.1768e-09
1.1768e-09
1.1768e-09
1.1768e-09
1.1768e-09
1.1768e-09
1.17679e-09
1.17678e-09
1.17677e-09
1.17676e-09
1.17674e-09
1.17671e-09
1.17668e-09
1.17663e-09
1.17657e-09
1.17649e-09
1.17638e-09
1.17624e-09
1.17605e-09
1.17579e-09
1.17544e-09
1.17495e-09
1.17426e-09
1.17336e-09
1.17189e-09
1.17029e-09
1.16812e-09
1.16652e-09
1.17517e-09
1.17683e-09
1.17915e-09
1.18087e-09
1.18246e-09
1.18343e-09
1.18418e-09
1.18472e-09
1.1851e-09
1.18538e-09
1.18559e-09
1.18574e-09
1.18586e-09
1.18594e-09
1.18601e-09
1.18606e-09
1.1861e-09
1.18613e-09
1.18615e-09
1.18616e-09
1.18618e-09
1.18618e-09
1.18619e-09
1.18619e-09
1.18619e-09
1.18619e-09
1.18619e-09
1.18619e-09
1.18618e-09
1.18618e-09
1.18616e-09
1.18615e-09
1.18613e-09
1.1861e-09
1.18606e-09
1.18601e-09
1.18594e-09
1.18586e-09
1.18574e-09
1.18559e-09
1.18538e-09
1.1851e-09
1.18472e-09
1.18418e-09
1.18343e-09
1.18246e-09
1.18087e-09
1.17916e-09
1.17683e-09
1.17518e-09
1.18501e-09
1.18672e-09
1.18923e-09
1.19107e-09
1.19279e-09
1.19385e-09
1.19467e-09
1.19526e-09
1.19567e-09
1.19598e-09
1.1962e-09
1.19636e-09
1.19649e-09
1.19658e-09
1.19666e-09
1.19671e-09
1.19675e-09
1.19678e-09
1.1968e-09
1.19682e-09
1.19683e-09
1.19684e-09
1.19684e-09
1.19685e-09
1.19685e-09
1.19685e-09
1.19685e-09
1.19685e-09
1.19684e-09
1.19683e-09
1.19682e-09
1.1968e-09
1.19678e-09
1.19675e-09
1.19671e-09
1.19666e-09
1.19658e-09
1.19649e-09
1.19636e-09
1.1962e-09
1.19598e-09
1.19567e-09
1.19526e-09
1.19467e-09
1.19385e-09
1.19279e-09
1.19107e-09
1.18923e-09
1.18672e-09
1.18501e-09
1.19636e-09
1.19815e-09
1.20086e-09
1.20285e-09
1.20471e-09
1.20587e-09
1.20677e-09
1.20741e-09
1.20786e-09
1.20819e-09
1.20844e-09
1.20861e-09
1.20876e-09
1.20885e-09
1.20894e-09
1.20899e-09
1.20904e-09
1.20906e-09
1.20909e-09
1.2091e-09
1.20912e-09
1.20913e-09
1.20913e-09
1.20914e-09
1.20914e-09
1.20914e-09
1.20914e-09
1.20913e-09
1.20913e-09
1.20912e-09
1.2091e-09
1.20909e-09
1.20906e-09
1.20904e-09
1.20899e-09
1.20894e-09
1.20885e-09
1.20876e-09
1.20861e-09
1.20844e-09
1.20819e-09
1.20786e-09
1.20741e-09
1.20677e-09
1.20587e-09
1.20471e-09
1.20285e-09
1.20087e-09
1.19815e-09
1.19636e-09
1.20934e-09
1.21122e-09
1.21418e-09
1.21633e-09
1.21835e-09
1.21962e-09
1.2206e-09
1.22131e-09
1.2218e-09
1.22217e-09
1.22243e-09
1.22262e-09
1.22278e-09
1.22288e-09
1.22297e-09
1.22302e-09
1.22308e-09
1.22311e-09
1.22314e-09
1.22315e-09
1.22317e-09
1.22317e-09
1.22318e-09
1.22319e-09
1.22319e-09
1.22319e-09
1.22319e-09
1.22318e-09
1.22317e-09
1.22317e-09
1.22315e-09
1.22314e-09
1.22311e-09
1.22308e-09
1.22302e-09
1.22297e-09
1.22288e-09
1.22278e-09
1.22262e-09
1.22243e-09
1.22217e-09
1.2218e-09
1.22131e-09
1.2206e-09
1.21962e-09
1.21835e-09
1.21633e-09
1.21419e-09
1.21123e-09
1.20934e-09
1.22438e-09
1.22639e-09
1.22966e-09
1.23202e-09
1.23424e-09
1.23565e-09
1.23674e-09
1.23752e-09
1.23807e-09
1.23847e-09
1.23876e-09
1.23897e-09
1.23914e-09
1.23925e-09
1.23935e-09
1.23941e-09
1.23947e-09
1.2395e-09
1.23953e-09
1.23955e-09
1.23956e-09
1.23957e-09
1.23958e-09
1.23958e-09
1.23959e-09
1.23959e-09
1.23958e-09
1.23958e-09
1.23957e-09
1.23957e-09
1.23955e-09
1.23953e-09
1.2395e-09
1.23947e-09
1.23941e-09
1.23935e-09
1.23925e-09
1.23914e-09
1.23897e-09
1.23876e-09
1.23847e-09
1.23807e-09
1.23752e-09
1.23674e-09
1.23565e-09
1.23424e-09
1.23202e-09
1.22967e-09
1.2264e-09
1.22439e-09
1.24165e-09
1.24381e-09
1.24741e-09
1.24999e-09
1.25241e-09
1.25397e-09
1.25517e-09
1.25604e-09
1.25663e-09
1.25707e-09
1.25739e-09
1.25762e-09
1.2578e-09
1.25792e-09
1.25803e-09
1.25809e-09
1.25816e-09
1.25819e-09
1.25823e-09
1.25824e-09
1.25826e-09
1.25827e-09
1.25828e-09
1.25828e-09
1.25829e-09
1.25829e-09
1.25828e-09
1.25828e-09
1.25827e-09
1.25827e-09
1.25824e-09
1.25823e-09
1.25819e-09
1.25816e-09
1.25809e-09
1.25803e-09
1.25792e-09
1.2578e-09
1.25761e-09
1.25739e-09
1.25707e-09
1.25663e-09
1.25604e-09
1.25517e-09
1.25397e-09
1.25241e-09
1.24999e-09
1.24742e-09
1.24382e-09
1.24165e-09
1.26133e-09
1.26369e-09
1.26768e-09
1.27051e-09
1.27317e-09
1.2749e-09
1.27622e-09
1.27718e-09
1.27783e-09
1.27832e-09
1.27867e-09
1.27892e-09
1.27912e-09
1.27925e-09
1.27937e-09
1.27944e-09
1.27951e-09
1.27954e-09
1.27959e-09
1.2796e-09
1.27963e-09
1.27963e-09
1.27964e-09
1.27965e-09
1.27965e-09
1.27965e-09
1.27965e-09
1.27964e-09
1.27963e-09
1.27963e-09
1.2796e-09
1.27959e-09
1.27954e-09
1.27951e-09
1.27944e-09
1.27937e-09
1.27925e-09
1.27912e-09
1.27892e-09
1.27867e-09
1.27832e-09
1.27783e-09
1.27718e-09
1.27622e-09
1.27491e-09
1.27317e-09
1.27052e-09
1.26767e-09
1.26369e-09
1.26133e-09
1.2832e-09
1.28578e-09
1.29025e-09
1.29336e-09
1.29628e-09
1.29822e-09
1.29967e-09
1.30073e-09
1.30145e-09
1.30199e-09
1.30238e-09
1.30265e-09
1.30287e-09
1.30301e-09
1.30315e-09
1.30322e-09
1.3033e-09
1.30333e-09
1.30338e-09
1.30339e-09
1.30342e-09
1.30342e-09
1.30344e-09
1.30344e-09
1.30345e-09
1.30345e-09
1.30344e-09
1.30344e-09
1.30343e-09
1.30342e-09
1.30339e-09
1.30338e-09
1.30333e-09
1.3033e-09
1.30322e-09
1.30315e-09
1.30301e-09
1.30287e-09
1.30264e-09
1.30238e-09
1.30199e-09
1.30145e-09
1.30073e-09
1.29967e-09
1.29822e-09
1.29628e-09
1.29336e-09
1.2902e-09
1.28578e-09
1.28321e-09
1.30811e-09
1.31094e-09
1.31602e-09
1.31942e-09
1.32267e-09
1.32484e-09
1.32643e-09
1.32762e-09
1.32842e-09
1.32901e-09
1.32944e-09
1.32973e-09
1.32998e-09
1.33013e-09
1.33028e-09
1.33036e-09
1.33045e-09
1.33048e-09
1.33053e-09
1.33055e-09
1.33058e-09
1.33059e-09
1.3306e-09
1.3306e-09
1.33061e-09
1.33061e-09
1.3306e-09
1.3306e-09
1.33059e-09
1.33058e-09
1.33055e-09
1.33054e-09
1.33048e-09
1.33045e-09
1.33036e-09
1.33028e-09
1.33013e-09
1.32998e-09
1.32973e-09
1.32944e-09
1.32901e-09
1.32842e-09
1.32762e-09
1.32643e-09
1.32484e-09
1.32267e-09
1.31942e-09
1.31588e-09
1.31095e-09
1.30811e-09
1.33713e-09
1.34029e-09
1.34617e-09
1.34991e-09
1.35356e-09
1.35602e-09
1.35779e-09
1.35912e-09
1.36003e-09
1.36069e-09
1.36117e-09
1.3615e-09
1.36178e-09
1.36194e-09
1.36211e-09
1.36219e-09
1.36229e-09
1.36233e-09
1.36239e-09
1.3624e-09
1.36244e-09
1.36244e-09
1.36246e-09
1.36246e-09
1.36247e-09
1.36247e-09
1.36246e-09
1.36246e-09
1.36244e-09
1.36244e-09
1.3624e-09
1.36239e-09
1.36233e-09
1.36229e-09
1.36219e-09
1.36211e-09
1.36194e-09
1.36178e-09
1.3615e-09
1.36117e-09
1.36069e-09
1.36003e-09
1.35913e-09
1.3578e-09
1.35602e-09
1.35356e-09
1.34991e-09
1.34584e-09
1.34029e-09
1.33713e-09
1.37044e-09
1.37403e-09
1.37996e-09
1.38405e-09
1.38815e-09
1.39092e-09
1.39289e-09
1.39438e-09
1.39539e-09
1.39613e-09
1.39665e-09
1.39702e-09
1.39733e-09
1.39751e-09
1.39769e-09
1.39778e-09
1.39789e-09
1.39793e-09
1.398e-09
1.39802e-09
1.39805e-09
1.39806e-09
1.39808e-09
1.39808e-09
1.39809e-09
1.39809e-09
1.39808e-09
1.39808e-09
1.39806e-09
1.39805e-09
1.39802e-09
1.398e-09
1.39793e-09
1.39789e-09
1.39778e-09
1.39769e-09
1.3975e-09
1.39733e-09
1.39702e-09
1.39665e-09
1.39613e-09
1.39539e-09
1.39438e-09
1.39289e-09
1.39092e-09
1.38815e-09
1.38405e-09
1.38028e-09
1.37403e-09
1.37045e-09
1.40767e-09
1.41176e-09
1.41872e-09
1.42324e-09
1.42789e-09
1.43101e-09
1.43322e-09
1.43488e-09
1.43603e-09
1.43688e-09
1.43748e-09
1.43789e-09
1.43825e-09
1.43845e-09
1.43866e-09
1.43876e-09
1.43889e-09
1.43893e-09
1.43901e-09
1.43902e-09
1.43907e-09
1.43907e-09
1.4391e-09
1.4391e-09
1.4391e-09
1.4391e-09
1.4391e-09
1.4391e-09
1.43907e-09
1.43907e-09
1.43903e-09
1.43901e-09
1.43893e-09
1.43889e-09
1.43876e-09
1.43866e-09
1.43845e-09
1.43825e-09
1.43789e-09
1.43748e-09
1.43688e-09
1.43603e-09
1.43489e-09
1.43322e-09
1.43101e-09
1.42789e-09
1.42324e-09
1.41887e-09
1.41177e-09
1.40768e-09
1.45118e-09
1.45612e-09
1.4643e-09
1.4694e-09
1.47475e-09
1.47831e-09
1.4808e-09
1.48271e-09
1.484e-09
1.48496e-09
1.48564e-09
1.48611e-09
1.4865e-09
1.48673e-09
1.48697e-09
1.48708e-09
1.48722e-09
1.48727e-09
1.48736e-09
1.48737e-09
1.48742e-09
1.48743e-09
1.48745e-09
1.48745e-09
1.48746e-09
1.48746e-09
1.48745e-09
1.48745e-09
1.48743e-09
1.48742e-09
1.48737e-09
1.48736e-09
1.48727e-09
1.48722e-09
1.48708e-09
1.48697e-09
1.48673e-09
1.4865e-09
1.4861e-09
1.48564e-09
1.48496e-09
1.484e-09
1.48271e-09
1.4808e-09
1.47831e-09
1.47475e-09
1.46941e-09
1.46436e-09
1.45612e-09
1.45119e-09
1.50199e-09
1.50643e-09
1.51596e-09
1.52174e-09
1.52783e-09
1.53191e-09
1.53472e-09
1.53689e-09
1.53835e-09
1.53942e-09
1.54019e-09
1.54071e-09
1.54116e-09
1.54141e-09
1.54168e-09
1.5418e-09
1.54196e-09
1.54201e-09
1.54211e-09
1.54213e-09
1.54218e-09
1.54219e-09
1.54222e-09
1.54222e-09
1.54223e-09
1.54223e-09
1.54222e-09
1.54222e-09
1.54219e-09
1.54218e-09
1.54213e-09
1.54211e-09
1.54201e-09
1.54196e-09
1.5418e-09
1.54168e-09
1.54141e-09
1.54116e-09
1.54071e-09
1.54019e-09
1.53942e-09
1.53835e-09
1.53689e-09
1.53472e-09
1.53191e-09
1.52783e-09
1.52174e-09
1.51597e-09
1.50643e-09
1.502e-09
1.55948e-09
1.56482e-09
1.57599e-09
1.5826e-09
1.58954e-09
1.59428e-09
1.59744e-09
1.59994e-09
1.60164e-09
1.60292e-09
1.60382e-09
1.60442e-09
1.60494e-09
1.60523e-09
1.60555e-09
1.60568e-09
1.60588e-09
1.60593e-09
1.60605e-09
1.60607e-09
1.60613e-09
1.60613e-09
1.60617e-09
1.60617e-09
1.60618e-09
1.60618e-09
1.60617e-09
1.60617e-09
1.60614e-09
1.60613e-09
1.60607e-09
1.60605e-09
1.60593e-09
1.60588e-09
1.60568e-09
1.60555e-09
1.60523e-09
1.60494e-09
1.60442e-09
1.60382e-09
1.60292e-09
1.60165e-09
1.59995e-09
1.59744e-09
1.59428e-09
1.58954e-09
1.5826e-09
1.57599e-09
1.56482e-09
1.55949e-09
1.62766e-09
1.63417e-09
1.64756e-09
1.65528e-09
1.66331e-09
1.66891e-09
1.67254e-09
1.67546e-09
1.67741e-09
1.67888e-09
1.67991e-09
1.68061e-09
1.68121e-09
1.68153e-09
1.6819e-09
1.68205e-09
1.68227e-09
1.68233e-09
1.68246e-09
1.68248e-09
1.68256e-09
1.68256e-09
1.6826e-09
1.6826e-09
1.68261e-09
1.68261e-09
1.6826e-09
1.6826e-09
1.68256e-09
1.68256e-09
1.68249e-09
1.68247e-09
1.68233e-09
1.68227e-09
1.68205e-09
1.6819e-09
1.68153e-09
1.6812e-09
1.68061e-09
1.67991e-09
1.67888e-09
1.67741e-09
1.67547e-09
1.67254e-09
1.66892e-09
1.66331e-09
1.65529e-09
1.64755e-09
1.63418e-09
1.62767e-09
1.70849e-09
1.71633e-09
1.73008e-09
1.73901e-09
1.74827e-09
1.75482e-09
1.75896e-09
1.76236e-09
1.76457e-09
1.76628e-09
1.76746e-09
1.76826e-09
1.76894e-09
1.7693e-09
1.76973e-09
1.76989e-09
1.77015e-09
1.77021e-09
1.77037e-09
1.77039e-09
1.77047e-09
1.77048e-09
1.77052e-09
1.77052e-09
1.77054e-09
1.77054e-09
1.77052e-09
1.77052e-09
1.77048e-09
1.77048e-09
1.77039e-09
1.77037e-09
1.77021e-09
1.77015e-09
1.76989e-09
1.76973e-09
1.7693e-09
1.76893e-09
1.76825e-09
1.76746e-09
1.76628e-09
1.76457e-09
1.76236e-09
1.75896e-09
1.75482e-09
1.74828e-09
1.73901e-09
1.73007e-09
1.71633e-09
1.7085e-09
1.80151e-09
1.81097e-09
1.82818e-09
1.83898e-09
1.85016e-09
1.85805e-09
1.86294e-09
1.867e-09
1.8696e-09
1.87163e-09
1.87303e-09
1.87397e-09
1.87476e-09
1.8752e-09
1.8757e-09
1.87588e-09
1.87619e-09
1.87626e-09
1.87644e-09
1.87646e-09
1.87657e-09
1.87657e-09
1.87662e-09
1.87662e-09
1.87664e-09
1.87664e-09
1.87662e-09
1.87663e-09
1.87657e-09
1.87657e-09
1.87647e-09
1.87645e-09
1.87626e-09
1.87619e-09
1.87588e-09
1.8757e-09
1.87519e-09
1.87476e-09
1.87396e-09
1.87303e-09
1.87163e-09
1.8696e-09
1.867e-09
1.86294e-09
1.85806e-09
1.85017e-09
1.83899e-09
1.82818e-09
1.81097e-09
1.80152e-09
1.91452e-09
1.92348e-09
1.94434e-09
1.95695e-09
1.9701e-09
1.97945e-09
1.98506e-09
1.98983e-09
1.99283e-09
1.99522e-09
1.99683e-09
1.99792e-09
1.99885e-09
1.99934e-09
1.99993e-09
2.00014e-09
2.0005e-09
2.00057e-09
2.00079e-09
2.00081e-09
2.00093e-09
2.00093e-09
2.00099e-09
2.00099e-09
2.00101e-09
2.00101e-09
2.00099e-09
2.001e-09
2.00093e-09
2.00094e-09
2.00081e-09
2.00079e-09
2.00058e-09
2.0005e-09
2.00014e-09
1.99993e-09
1.99934e-09
1.99885e-09
1.99792e-09
1.99683e-09
1.99522e-09
1.99283e-09
1.98983e-09
1.98506e-09
1.97945e-09
1.9701e-09
1.95696e-09
1.94434e-09
1.92349e-09
1.91453e-09
2.04688e-09
2.0581e-09
2.08355e-09
2.09828e-09
2.11429e-09
2.12581e-09
2.13252e-09
2.13835e-09
2.14193e-09
2.14484e-09
2.14678e-09
2.1481e-09
2.14921e-09
2.1498e-09
2.1505e-09
2.15075e-09
2.15118e-09
2.15127e-09
2.15153e-09
2.15154e-09
2.1517e-09
2.15169e-09
2.15177e-09
2.15176e-09
2.15178e-09
2.15179e-09
2.15176e-09
2.15177e-09
2.15169e-09
2.1517e-09
2.15155e-09
2.15153e-09
2.15127e-09
2.15118e-09
2.15075e-09
2.1505e-09
2.14979e-09
2.1492e-09
2.14809e-09
2.14678e-09
2.14484e-09
2.14194e-09
2.13835e-09
2.13253e-09
2.12582e-09
2.11429e-09
2.09829e-09
2.08355e-09
2.05811e-09
2.0469e-09
2.20949e-09
2.22374e-09
2.25152e-09
2.26888e-09
2.2882e-09
2.30203e-09
2.30984e-09
2.3168e-09
2.32098e-09
2.32446e-09
2.32674e-09
2.32829e-09
2.3296e-09
2.33028e-09
2.33112e-09
2.3314e-09
2.33192e-09
2.33201e-09
2.33232e-09
2.33233e-09
2.33251e-09
2.3325e-09
2.3326e-09
2.33258e-09
2.33262e-09
2.33262e-09
2.33259e-09
2.3326e-09
2.33251e-09
2.33252e-09
2.33234e-09
2.33232e-09
2.33201e-09
2.33192e-09
2.3314e-09
2.33112e-09
2.33028e-09
2.3296e-09
2.32828e-09
2.32674e-09
2.32445e-09
2.32099e-09
2.31681e-09
2.30985e-09
2.30204e-09
2.2882e-09
2.26889e-09
2.25153e-09
2.22376e-09
2.20951e-09
2.40346e-09
2.42113e-09
2.45671e-09
2.47821e-09
2.50243e-09
2.51968e-09
2.52908e-09
2.5377e-09
2.54273e-09
2.54702e-09
2.54979e-09
2.55168e-09
2.55328e-09
2.5541e-09
2.55512e-09
2.55545e-09
2.55608e-09
2.55619e-09
2.55657e-09
2.55658e-09
2.5568e-09
2.55678e-09
2.5569e-09
2.55688e-09
2.55692e-09
2.55692e-09
2.55689e-09
2.55691e-09
2.55679e-09
2.55681e-09
2.55658e-09
2.55657e-09
2.55619e-09
2.55608e-09
2.55545e-09
2.55512e-09
2.55409e-09
2.55327e-09
2.55167e-09
2.54979e-09
2.54701e-09
2.54274e-09
2.53771e-09
2.52909e-09
2.51969e-09
2.50244e-09
2.47823e-09
2.45672e-09
2.42115e-09
2.40348e-09
2.64652e-09
2.66898e-09
2.71402e-09
2.73992e-09
2.76281e-09
2.78389e-09
2.79505e-09
2.80552e-09
2.81151e-09
2.81668e-09
2.82003e-09
2.8223e-09
2.82422e-09
2.82518e-09
2.82642e-09
2.8268e-09
2.82757e-09
2.82768e-09
2.82814e-09
2.82815e-09
2.82842e-09
2.82839e-09
2.82853e-09
2.82851e-09
2.82856e-09
2.82856e-09
2.82851e-09
2.82854e-09
2.8284e-09
2.82843e-09
2.82815e-09
2.82815e-09
2.82768e-09
2.82757e-09
2.8268e-09
2.82642e-09
2.82517e-09
2.82421e-09
2.82229e-09
2.82003e-09
2.81667e-09
2.81153e-09
2.80554e-09
2.79507e-09
2.78391e-09
2.76283e-09
2.73993e-09
2.71404e-09
2.66901e-09
2.64655e-09
2.94056e-09
2.96861e-09
3.02531e-09
3.05685e-09
3.08554e-09
3.11159e-09
3.12497e-09
3.13782e-09
3.14501e-09
3.15132e-09
3.15542e-09
3.15816e-09
3.16049e-09
3.16164e-09
3.16315e-09
3.16359e-09
3.16453e-09
3.16465e-09
3.16522e-09
3.16521e-09
3.16555e-09
3.1655e-09
3.16568e-09
3.16565e-09
3.16571e-09
3.16571e-09
3.16565e-09
3.16569e-09
3.16551e-09
3.16556e-09
3.16522e-09
3.16523e-09
3.16465e-09
3.16453e-09
3.16359e-09
3.16314e-09
3.16163e-09
3.16047e-09
3.15814e-09
3.15541e-09
3.1513e-09
3.14504e-09
3.13784e-09
3.12498e-09
3.1116e-09
3.08555e-09
3.05687e-09
3.02534e-09
2.96864e-09
2.9406e-09
3.31298e-09
3.34887e-09
3.41464e-09
3.45354e-09
3.48922e-09
3.5217e-09
3.53793e-09
3.55386e-09
3.56258e-09
3.57034e-09
3.57541e-09
3.57875e-09
3.58161e-09
3.58301e-09
3.58487e-09
3.58539e-09
3.58654e-09
3.58667e-09
3.58738e-09
3.58736e-09
3.58777e-09
3.58771e-09
3.58793e-09
3.58789e-09
3.58796e-09
3.58796e-09
3.58789e-09
3.58794e-09
3.58772e-09
3.58779e-09
3.58737e-09
3.58739e-09
3.58668e-09
3.58655e-09
3.58539e-09
3.58486e-09
3.58299e-09
3.5816e-09
3.57873e-09
3.57541e-09
3.57032e-09
3.56262e-09
3.55388e-09
3.53795e-09
3.52172e-09
3.48924e-09
3.45357e-09
3.41467e-09
3.34891e-09
3.31303e-09
3.77541e-09
3.82133e-09
3.90565e-09
3.95467e-09
3.99899e-09
4.03981e-09
4.05976e-09
4.08057e-09
4.09183e-09
4.10191e-09
4.10849e-09
4.11281e-09
4.11654e-09
4.11832e-09
4.12074e-09
4.12138e-09
4.12289e-09
4.12303e-09
4.12395e-09
4.12391e-09
4.12445e-09
4.12437e-09
4.12465e-09
4.12459e-09
4.12469e-09
4.12469e-09
4.1246e-09
4.12467e-09
4.12438e-09
4.12447e-09
4.12393e-09
4.12396e-09
4.12304e-09
4.12289e-09
4.12138e-09
4.12073e-09
4.1183e-09
4.11651e-09
4.11278e-09
4.1085e-09
4.10187e-09
4.09188e-09
4.0806e-09
4.05979e-09
4.03984e-09
3.99902e-09
3.9547e-09
3.90569e-09
3.82139e-09
3.77548e-09
4.36344e-09
4.42302e-09
4.53102e-09
4.59368e-09
4.64907e-09
4.70062e-09
4.72552e-09
4.75155e-09
4.76548e-09
4.77808e-09
4.78631e-09
4.79166e-09
4.79634e-09
4.79852e-09
4.80155e-09
4.80232e-09
4.8042e-09
4.80435e-09
4.80551e-09
4.80543e-09
4.80612e-09
4.806e-09
4.80636e-09
4.80627e-09
4.8064e-09
4.8064e-09
4.80628e-09
4.80637e-09
4.80602e-09
4.80614e-09
4.80545e-09
4.80552e-09
4.80436e-09
4.8042e-09
4.80231e-09
4.80153e-09
4.79849e-09
4.79631e-09
4.79163e-09
4.78632e-09
4.77803e-09
4.76554e-09
4.75159e-09
4.72556e-09
4.70066e-09
4.6491e-09
4.59373e-09
4.53108e-09
4.42308e-09
4.36352e-09
5.11824e-09
5.19604e-09
5.33553e-09
5.41629e-09
5.48574e-09
5.55139e-09
5.58289e-09
5.6158e-09
5.63315e-09
5.64914e-09
5.6595e-09
5.66621e-09
5.67215e-09
5.67485e-09
5.67869e-09
5.6796e-09
5.68199e-09
5.68215e-09
5.68361e-09
5.68349e-09
5.68437e-09
5.68419e-09
5.68466e-09
5.68454e-09
5.6847e-09
5.6847e-09
5.68455e-09
5.68468e-09
5.68422e-09
5.6844e-09
5.68352e-09
5.68363e-09
5.68216e-09
5.682e-09
5.6796e-09
5.67867e-09
5.67481e-09
5.67211e-09
5.66618e-09
5.65951e-09
5.64907e-09
5.63323e-09
5.61585e-09
5.58295e-09
5.55144e-09
5.48578e-09
5.41635e-09
5.3356e-09
5.19613e-09
5.11835e-09
6.09604e-09
6.19809e-09
6.37996e-09
6.4845e-09
6.57258e-09
6.65633e-09
6.69665e-09
6.73875e-09
6.7606e-09
6.78092e-09
6.79412e-09
6.80265e-09
6.81025e-09
6.81362e-09
6.81854e-09
6.81964e-09
6.8227e-09
6.82284e-09
6.82472e-09
6.82453e-09
6.82566e-09
6.82541e-09
6.82601e-09
6.82585e-09
6.82605e-09
6.82606e-09
6.82586e-09
6.82604e-09
6.82545e-09
6.8257e-09
6.82456e-09
6.82475e-09
6.82286e-09
6.8227e-09
6.81963e-09
6.81851e-09
6.81357e-09
6.8102e-09
6.80261e-09
6.79415e-09
6.78083e-09
6.76069e-09
6.73882e-09
6.69672e-09
6.65639e-09
6.57264e-09
6.48458e-09
6.38006e-09
6.1982e-09
6.09618e-09
7.37611e-09
7.51483e-09
7.74694e-09
7.8828e-09
7.9955e-09
8.10289e-09
8.15481e-09
8.20918e-09
8.23684e-09
8.26293e-09
8.27988e-09
8.29077e-09
8.30053e-09
8.3048e-09
8.31115e-09
8.31247e-09
8.31642e-09
8.31653e-09
8.31897e-09
8.31868e-09
8.32014e-09
8.31979e-09
8.32057e-09
8.32035e-09
8.32061e-09
8.32062e-09
8.32036e-09
8.3206e-09
8.31984e-09
8.32019e-09
8.31872e-09
8.31901e-09
8.31656e-09
8.31643e-09
8.31246e-09
8.31112e-09
8.30474e-09
8.30046e-09
8.29072e-09
8.27992e-09
8.26281e-09
8.23695e-09
8.20927e-09
8.15491e-09
8.10298e-09
7.99557e-09
7.88291e-09
7.74706e-09
7.51499e-09
7.3763e-09
9.05736e-09
9.24016e-09
9.54831e-09
9.72559e-09
9.87046e-09
1.00093e-08
1.00762e-08
1.0147e-08
1.01821e-08
1.02158e-08
1.02377e-08
1.02517e-08
1.02643e-08
1.02698e-08
1.0278e-08
1.02796e-08
1.02847e-08
1.02848e-08
1.0288e-08
1.02875e-08
1.02894e-08
1.0289e-08
1.029e-08
1.02897e-08
1.029e-08
1.029e-08
1.02897e-08
1.029e-08
1.0289e-08
1.02895e-08
1.02876e-08
1.0288e-08
1.02848e-08
1.02848e-08
1.02796e-08
1.0278e-08
1.02697e-08
1.02642e-08
1.02517e-08
1.02378e-08
1.02157e-08
1.01823e-08
1.01471e-08
1.00764e-08
1.00095e-08
9.87055e-09
9.72573e-09
9.54848e-09
9.24036e-09
9.05761e-09
1.12825e-08
1.15244e-08
1.19346e-08
1.21665e-08
1.23534e-08
1.2534e-08
1.26202e-08
1.27127e-08
1.27575e-08
1.28012e-08
1.28297e-08
1.28477e-08
1.28641e-08
1.28711e-08
1.28818e-08
1.28838e-08
1.28905e-08
1.28904e-08
1.28946e-08
1.28939e-08
1.28964e-08
1.28957e-08
1.2897e-08
1.28966e-08
1.28971e-08
1.28971e-08
1.28967e-08
1.28971e-08
1.28958e-08
1.28965e-08
1.2894e-08
1.28946e-08
1.28905e-08
1.28905e-08
1.28837e-08
1.28818e-08
1.28709e-08
1.2864e-08
1.28477e-08
1.28298e-08
1.28011e-08
1.27577e-08
1.2713e-08
1.26204e-08
1.25342e-08
1.23536e-08
1.21667e-08
1.19348e-08
1.15248e-08
1.12829e-08
1.4239e-08
1.45596e-08
1.51062e-08
1.541e-08
1.56515e-08
1.58872e-08
1.59982e-08
1.61195e-08
1.61765e-08
1.62334e-08
1.62705e-08
1.62937e-08
1.6315e-08
1.6324e-08
1.63381e-08
1.63404e-08
1.63492e-08
1.6349e-08
1.63544e-08
1.63534e-08
1.63567e-08
1.63558e-08
1.63575e-08
1.63569e-08
1.63575e-08
1.63575e-08
1.6357e-08
1.63576e-08
1.63559e-08
1.63568e-08
1.63535e-08
1.63545e-08
1.6349e-08
1.63492e-08
1.63404e-08
1.6338e-08
1.63238e-08
1.63148e-08
1.62937e-08
1.62706e-08
1.62332e-08
1.61767e-08
1.61198e-08
1.59985e-08
1.58875e-08
1.56518e-08
1.54103e-08
1.51066e-08
1.45601e-08
1.42395e-08
1.81746e-08
1.85999e-08
1.93261e-08
1.97246e-08
2.00367e-08
2.03445e-08
2.0487e-08
2.06463e-08
2.07188e-08
2.0793e-08
2.08412e-08
2.0871e-08
2.08987e-08
2.09103e-08
2.09288e-08
2.09316e-08
2.0943e-08
2.09426e-08
2.09496e-08
2.09483e-08
2.09526e-08
2.09513e-08
2.09535e-08
2.09527e-08
2.09535e-08
2.09535e-08
2.09528e-08
2.09536e-08
2.09514e-08
2.09527e-08
2.09484e-08
2.09498e-08
2.09426e-08
2.0943e-08
2.09315e-08
2.09287e-08
2.091e-08
2.08985e-08
2.08709e-08
2.08414e-08
2.07926e-08
2.07191e-08
2.06466e-08
2.04874e-08
2.03449e-08
2.00371e-08
1.9725e-08
1.93265e-08
1.86004e-08
1.81752e-08
2.34635e-08
2.40333e-08
2.50032e-08
2.55315e-08
2.59393e-08
2.63454e-08
2.65271e-08
2.67393e-08
2.68325e-08
2.69298e-08
2.69932e-08
2.70316e-08
2.70681e-08
2.70832e-08
2.71076e-08
2.7111e-08
2.7126e-08
2.71252e-08
2.71345e-08
2.71326e-08
2.71382e-08
2.71364e-08
2.71393e-08
2.71383e-08
2.71393e-08
2.71393e-08
2.71383e-08
2.71395e-08
2.71365e-08
2.71384e-08
2.71327e-08
2.71346e-08
2.71253e-08
2.7126e-08
2.71109e-08
2.71074e-08
2.70829e-08
2.70678e-08
2.70316e-08
2.69935e-08
2.69293e-08
2.68329e-08
2.67398e-08
2.65276e-08
2.63459e-08
2.59397e-08
2.5532e-08
2.50038e-08
2.40339e-08
2.34643e-08
3.05872e-08
3.13403e-08
3.24508e-08
3.31369e-08
3.36601e-08
3.41885e-08
3.44151e-08
3.46938e-08
3.48114e-08
3.49371e-08
3.50192e-08
3.50679e-08
3.51151e-08
3.51344e-08
3.51662e-08
3.51702e-08
3.51897e-08
3.51884e-08
3.52004e-08
3.51977e-08
3.5205e-08
3.52026e-08
3.52064e-08
3.5205e-08
3.52063e-08
3.52063e-08
3.5205e-08
3.52066e-08
3.52028e-08
3.52053e-08
3.51979e-08
3.52006e-08
3.51885e-08
3.51897e-08
3.51702e-08
3.5166e-08
3.5134e-08
3.51147e-08
3.50678e-08
3.50195e-08
3.49364e-08
3.48119e-08
3.46944e-08
3.44157e-08
3.41891e-08
3.36607e-08
3.31375e-08
3.24515e-08
3.13411e-08
3.05883e-08
3.98087e-08
4.07985e-08
4.22946e-08
4.32265e-08
4.39218e-08
4.46248e-08
4.49171e-08
4.52892e-08
4.54417e-08
4.56073e-08
4.57156e-08
4.57787e-08
4.5841e-08
4.58664e-08
4.59086e-08
4.59136e-08
4.59392e-08
4.59373e-08
4.59532e-08
4.59495e-08
4.59591e-08
4.59557e-08
4.59608e-08
4.59588e-08
4.59606e-08
4.59606e-08
4.59589e-08
4.5961e-08
4.5956e-08
4.59594e-08
4.59497e-08
4.59534e-08
4.59375e-08
4.59392e-08
4.59135e-08
4.59083e-08
4.58659e-08
4.58405e-08
4.57786e-08
4.57161e-08
4.56063e-08
4.54424e-08
4.529e-08
4.49179e-08
4.46256e-08
4.39225e-08
4.32273e-08
4.22955e-08
4.07995e-08
3.98101e-08
5.19301e-08
5.32304e-08
5.51612e-08
5.63679e-08
5.72448e-08
5.81432e-08
5.8503e-08
5.89829e-08
5.91717e-08
5.93823e-08
5.95204e-08
5.9599e-08
5.96783e-08
5.97104e-08
5.97646e-08
5.97704e-08
5.9803e-08
5.98001e-08
5.98204e-08
5.98153e-08
5.98276e-08
5.98231e-08
5.98296e-08
5.98269e-08
5.98292e-08
5.98293e-08
5.98271e-08
5.98299e-08
5.98235e-08
5.9828e-08
5.98156e-08
5.98207e-08
5.98003e-08
5.98031e-08
5.97703e-08
5.97643e-08
5.97097e-08
5.96777e-08
5.95989e-08
5.9521e-08
5.93809e-08
5.91726e-08
5.89839e-08
5.85041e-08
5.81443e-08
5.72456e-08
5.63689e-08
5.51623e-08
5.32318e-08
5.19319e-08
6.77362e-08
6.94365e-08
7.18801e-08
7.34425e-08
7.45356e-08
7.5678e-08
7.61175e-08
7.67313e-08
7.69632e-08
7.7229e-08
7.74037e-08
7.7501e-08
7.76012e-08
7.76414e-08
7.77107e-08
7.77171e-08
7.77585e-08
7.77542e-08
7.77799e-08
7.7773e-08
7.77886e-08
7.77826e-08
7.77908e-08
7.77874e-08
7.77902e-08
7.77903e-08
7.77875e-08
7.77912e-08
7.77831e-08
7.77891e-08
7.77735e-08
7.77804e-08
7.77545e-08
7.77586e-08
7.7717e-08
7.77102e-08
7.76404e-08
7.76003e-08
7.75007e-08
7.74044e-08
7.72276e-08
7.69644e-08
7.67327e-08
7.61188e-08
7.56794e-08
7.45367e-08
7.34438e-08
7.18816e-08
6.94382e-08
6.77384e-08
8.82561e-08
9.04624e-08
9.357e-08
9.56099e-08
9.69885e-08
9.84521e-08
9.89968e-08
9.97879e-08
1.00077e-07
1.00416e-07
1.00638e-07
1.00761e-07
1.00888e-07
1.00939e-07
1.01029e-07
1.01036e-07
1.01089e-07
1.01082e-07
1.01115e-07
1.01106e-07
1.01125e-07
1.01117e-07
1.01128e-07
1.01123e-07
1.01127e-07
1.01127e-07
1.01123e-07
1.01128e-07
1.01118e-07
1.01126e-07
1.01106e-07
1.01116e-07
1.01083e-07
1.01089e-07
1.01036e-07
1.01028e-07
1.00938e-07
1.00887e-07
1.0076e-07
1.00639e-07
1.00415e-07
1.00079e-07
9.97898e-08
9.89987e-08
9.84539e-08
9.699e-08
9.56117e-08
9.35719e-08
9.04648e-08
8.8259e-08
1.14955e-07
1.17754e-07
1.21576e-07
1.24159e-07
1.25847e-07
1.27657e-07
1.2831e-07
1.29296e-07
1.29644e-07
1.30064e-07
1.30335e-07
1.30485e-07
1.30642e-07
1.30705e-07
1.30817e-07
1.30825e-07
1.3089e-07
1.30882e-07
1.30922e-07
1.3091e-07
1.30934e-07
1.30924e-07
1.30937e-07
1.30931e-07
1.30935e-07
1.30936e-07
1.30931e-07
1.30937e-07
1.30925e-07
1.30935e-07
1.30911e-07
1.30923e-07
1.30882e-07
1.3089e-07
1.30825e-07
1.30816e-07
1.30704e-07
1.3064e-07
1.30484e-07
1.30336e-07
1.30062e-07
1.29646e-07
1.29298e-07
1.28313e-07
1.27659e-07
1.25849e-07
1.24161e-07
1.21579e-07
1.17757e-07
1.14959e-07
1.48713e-07
1.52217e-07
1.56877e-07
1.59446e-07
1.61484e-07
1.63707e-07
1.64474e-07
1.65693e-07
1.66105e-07
1.66618e-07
1.66947e-07
1.67128e-07
1.67319e-07
1.67396e-07
1.67535e-07
1.67544e-07
1.67623e-07
1.67612e-07
1.67661e-07
1.67646e-07
1.67676e-07
1.67663e-07
1.67678e-07
1.67671e-07
1.67676e-07
1.67676e-07
1.67671e-07
1.67679e-07
1.67664e-07
1.67677e-07
1.67647e-07
1.67662e-07
1.67613e-07
1.67623e-07
1.67544e-07
1.67534e-07
1.67394e-07
1.67318e-07
1.67126e-07
1.66948e-07
1.66617e-07
1.66108e-07
1.65696e-07
1.64477e-07
1.6371e-07
1.61486e-07
1.59448e-07
1.5688e-07
1.5222e-07
1.48717e-07
1.9013e-07
1.94448e-07
2.00097e-07
2.03333e-07
2.05767e-07
2.08462e-07
2.09349e-07
2.1084e-07
2.11319e-07
2.11939e-07
2.12335e-07
2.12552e-07
2.12796e-07
2.12894e-07
2.13074e-07
2.13086e-07
2.13187e-07
2.13173e-07
2.13236e-07
2.13216e-07
2.13254e-07
2.13238e-07
2.13258e-07
2.13248e-07
2.13255e-07
2.13255e-07
2.13249e-07
2.13259e-07
2.13239e-07
2.13256e-07
2.13217e-07
2.13237e-07
2.13174e-07
2.13187e-07
2.13086e-07
2.13072e-07
2.12891e-07
2.12793e-07
2.1255e-07
2.12333e-07
2.11939e-07
2.11323e-07
2.10843e-07
2.09352e-07
2.08466e-07
2.0577e-07
2.03336e-07
2.001e-07
1.94452e-07
1.90136e-07
2.41725e-07
2.47119e-07
2.54048e-07
2.58086e-07
2.61019e-07
2.64226e-07
2.65244e-07
2.67037e-07
2.67591e-07
2.68329e-07
2.68796e-07
2.69052e-07
2.69339e-07
2.69456e-07
2.69673e-07
2.69687e-07
2.69807e-07
2.69789e-07
2.69863e-07
2.69839e-07
2.69883e-07
2.69863e-07
2.69887e-07
2.69875e-07
2.69883e-07
2.69884e-07
2.69876e-07
2.69888e-07
2.69865e-07
2.69885e-07
2.6984e-07
2.69865e-07
2.6979e-07
2.69807e-07
2.69687e-07
2.69671e-07
2.69453e-07
2.69336e-07
2.6905e-07
2.68794e-07
2.6833e-07
2.67595e-07
2.67041e-07
2.65248e-07
2.6423e-07
2.61021e-07
2.58089e-07
2.54052e-07
2.47124e-07
2.41732e-07
3.05115e-07
3.1162e-07
3.19702e-07
3.2456e-07
3.27977e-07
3.31742e-07
3.32891e-07
3.35016e-07
3.35647e-07
3.36516e-07
3.37055e-07
3.37354e-07
3.37688e-07
3.37825e-07
3.38085e-07
3.38101e-07
3.38241e-07
3.38219e-07
3.38305e-07
3.38275e-07
3.38327e-07
3.38303e-07
3.3833e-07
3.38316e-07
3.38325e-07
3.38326e-07
3.38317e-07
3.38331e-07
3.38304e-07
3.38329e-07
3.38277e-07
3.38307e-07
3.3822e-07
3.38241e-07
3.381e-07
3.38082e-07
3.37821e-07
3.37685e-07
3.37352e-07
3.37053e-07
3.36517e-07
3.35652e-07
3.35021e-07
3.32896e-07
3.31746e-07
3.27981e-07
3.24564e-07
3.19707e-07
3.11626e-07
3.05123e-07
3.79937e-07
3.87689e-07
3.96949e-07
4.02726e-07
4.06609e-07
4.11004e-07
4.12261e-07
4.14759e-07
4.15458e-07
4.1647e-07
4.1708e-07
4.17424e-07
4.17808e-07
4.17964e-07
4.18273e-07
4.18291e-07
4.18453e-07
4.18426e-07
4.18526e-07
4.18489e-07
4.18549e-07
4.18519e-07
4.18551e-07
4.18534e-07
4.18545e-07
4.18545e-07
4.18535e-07
4.18552e-07
4.18521e-07
4.18551e-07
4.18491e-07
4.18528e-07
4.18427e-07
4.18453e-07
4.1829e-07
4.1827e-07
4.1796e-07
4.17804e-07
4.17421e-07
4.17077e-07
4.16471e-07
4.15464e-07
4.14764e-07
4.12266e-07
4.11009e-07
4.06613e-07
4.02731e-07
3.96955e-07
3.87696e-07
3.79946e-07
4.68621e-07
4.77584e-07
4.88072e-07
4.94862e-07
4.9925e-07
5.04485e-07
5.05889e-07
5.08859e-07
5.09648e-07
5.10838e-07
5.11543e-07
5.11943e-07
5.12389e-07
5.12569e-07
5.1294e-07
5.12962e-07
5.13152e-07
5.13118e-07
5.13235e-07
5.13191e-07
5.1326e-07
5.13225e-07
5.13261e-07
5.13241e-07
5.13254e-07
5.13254e-07
5.13242e-07
5.13263e-07
5.13227e-07
5.13263e-07
5.13193e-07
5.13237e-07
5.13119e-07
5.13152e-07
5.12961e-07
5.12935e-07
5.12564e-07
5.12384e-07
5.11939e-07
5.11539e-07
5.1084e-07
5.09656e-07
5.08866e-07
5.05895e-07
5.04492e-07
4.99255e-07
4.94867e-07
4.88078e-07
4.77592e-07
4.68631e-07
5.72127e-07
5.82362e-07
5.94081e-07
6.0189e-07
6.0669e-07
6.12623e-07
6.1409e-07
6.17478e-07
6.18321e-07
6.19656e-07
6.20439e-07
6.2088e-07
6.21376e-07
6.21575e-07
6.22004e-07
6.22032e-07
6.22246e-07
6.22205e-07
6.22336e-07
6.22284e-07
6.22362e-07
6.2232e-07
6.22361e-07
6.22337e-07
6.22352e-07
6.22352e-07
6.22338e-07
6.22363e-07
6.22323e-07
6.22365e-07
6.22287e-07
6.22339e-07
6.22206e-07
6.22246e-07
6.22031e-07
6.21998e-07
6.2157e-07
6.2137e-07
6.20876e-07
6.20434e-07
6.19658e-07
6.18329e-07
6.17485e-07
6.14097e-07
6.12631e-07
6.06695e-07
6.01896e-07
5.94088e-07
5.8237e-07
5.72138e-07
6.91196e-07
7.02731e-07
7.15633e-07
7.2444e-07
7.29618e-07
7.36238e-07
7.3773e-07
7.41542e-07
7.42424e-07
7.43899e-07
7.4476e-07
7.45238e-07
7.4578e-07
7.45996e-07
7.46484e-07
7.46523e-07
7.46761e-07
7.46712e-07
7.46858e-07
7.46797e-07
7.46883e-07
7.46835e-07
7.46879e-07
7.46852e-07
7.46868e-07
7.46869e-07
7.46853e-07
7.46882e-07
7.46838e-07
7.46886e-07
7.468e-07
7.46861e-07
7.46714e-07
7.46761e-07
7.46522e-07
7.46476e-07
7.45989e-07
7.45774e-07
7.45234e-07
7.44755e-07
7.43902e-07
7.42433e-07
7.41551e-07
7.37738e-07
7.36246e-07
7.29624e-07
7.24446e-07
7.15641e-07
7.0274e-07
6.91209e-07
8.26485e-07
8.39623e-07
8.53927e-07
8.63834e-07
8.69469e-07
8.76816e-07
8.78343e-07
8.82614e-07
8.83543e-07
8.85163e-07
8.86115e-07
8.8663e-07
8.87217e-07
8.87451e-07
8.88003e-07
8.88065e-07
8.88327e-07
8.88271e-07
8.88431e-07
8.88363e-07
8.88456e-07
8.88401e-07
8.88449e-07
8.88418e-07
8.88436e-07
8.88436e-07
8.8842e-07
8.88452e-07
8.88404e-07
8.88459e-07
8.88366e-07
8.88435e-07
8.88273e-07
8.88326e-07
8.88064e-07
8.87992e-07
8.87443e-07
8.8721e-07
8.86625e-07
8.86109e-07
8.85166e-07
8.83552e-07
8.82623e-07
8.78352e-07
8.76825e-07
8.69475e-07
8.63841e-07
8.53935e-07
8.39633e-07
8.26501e-07
9.77293e-07
9.91687e-07
1.00693e-06
1.01769e-06
1.02359e-06
1.03152e-06
1.03298e-06
1.03765e-06
1.03858e-06
1.04032e-06
1.04133e-06
1.04187e-06
1.04249e-06
1.04273e-06
1.04333e-06
1.04343e-06
1.04371e-06
1.04365e-06
1.04382e-06
1.04374e-06
1.04384e-06
1.04378e-06
1.04383e-06
1.0438e-06
1.04381e-06
1.04382e-06
1.0438e-06
1.04383e-06
1.04378e-06
1.04385e-06
1.04375e-06
1.04382e-06
1.04365e-06
1.04371e-06
1.04343e-06
1.04332e-06
1.04272e-06
1.04248e-06
1.04186e-06
1.04132e-06
1.04032e-06
1.03859e-06
1.03766e-06
1.03299e-06
1.03153e-06
1.02359e-06
1.01769e-06
1.00693e-06
9.91698e-07
9.77311e-07
1.14328e-06
1.15884e-06
1.1748e-06
1.18629e-06
1.19237e-06
1.2008e-06
1.20212e-06
1.20717e-06
1.20807e-06
1.20991e-06
1.21096e-06
1.21153e-06
1.21216e-06
1.21241e-06
1.21305e-06
1.2132e-06
1.2135e-06
1.21343e-06
1.21361e-06
1.21353e-06
1.21363e-06
1.21356e-06
1.21361e-06
1.21358e-06
1.2136e-06
1.2136e-06
1.21358e-06
1.21362e-06
1.21356e-06
1.21363e-06
1.21353e-06
1.21361e-06
1.21343e-06
1.2135e-06
1.2132e-06
1.21303e-06
1.2124e-06
1.21216e-06
1.21152e-06
1.21096e-06
1.20992e-06
1.20808e-06
1.20718e-06
1.20213e-06
1.20081e-06
1.19237e-06
1.18629e-06
1.17481e-06
1.15885e-06
1.1433e-06
1.32325e-06
1.33987e-06
1.35629e-06
1.36832e-06
1.3745e-06
1.38332e-06
1.38444e-06
1.38982e-06
1.39067e-06
1.39259e-06
1.39366e-06
1.39424e-06
1.39488e-06
1.39512e-06
1.39578e-06
1.39601e-06
1.39632e-06
1.39624e-06
1.39643e-06
1.39634e-06
1.39645e-06
1.39638e-06
1.39643e-06
1.39639e-06
1.39641e-06
1.39641e-06
1.39639e-06
1.39643e-06
1.39638e-06
1.39645e-06
1.39635e-06
1.39644e-06
1.39625e-06
1.39632e-06
1.39601e-06
1.39576e-06
1.39511e-06
1.39488e-06
1.39423e-06
1.39365e-06
1.39259e-06
1.39068e-06
1.38983e-06
1.38445e-06
1.38333e-06
1.3745e-06
1.36833e-06
1.3563e-06
1.33988e-06
1.32328e-06
1.51555e-06
1.53294e-06
1.54955e-06
1.56196e-06
1.56812e-06
1.5772e-06
1.57806e-06
1.58372e-06
1.58449e-06
1.58646e-06
1.58752e-06
1.58811e-06
1.58875e-06
1.58896e-06
1.58962e-06
1.58996e-06
1.59028e-06
1.5902e-06
1.5904e-06
1.5903e-06
1.59041e-06
1.59033e-06
1.59038e-06
1.59034e-06
1.59036e-06
1.59036e-06
1.59034e-06
1.59038e-06
1.59033e-06
1.59041e-06
1.59031e-06
1.5904e-06
1.5902e-06
1.59028e-06
1.58996e-06
1.5896e-06
1.58895e-06
1.58874e-06
1.58811e-06
1.58751e-06
1.58646e-06
1.5845e-06
1.58373e-06
1.57807e-06
1.57721e-06
1.56813e-06
1.56196e-06
1.54956e-06
1.53295e-06
1.51557e-06
1.71816e-06
1.73559e-06
1.75226e-06
1.76481e-06
1.77108e-06
1.78007e-06
1.78212e-06
1.78831e-06
1.78907e-06
1.79108e-06
1.79214e-06
1.79274e-06
1.79336e-06
1.79356e-06
1.79418e-06
1.79468e-06
1.79501e-06
1.79493e-06
1.79512e-06
1.79503e-06
1.79513e-06
1.79505e-06
1.7951e-06
1.79505e-06
1.79507e-06
1.79507e-06
1.79505e-06
1.7951e-06
1.79505e-06
1.79514e-06
1.79503e-06
1.79513e-06
1.79493e-06
1.79501e-06
1.79468e-06
1.79417e-06
1.79355e-06
1.79336e-06
1.79273e-06
1.79213e-06
1.79108e-06
1.78908e-06
1.78832e-06
1.78213e-06
1.78008e-06
1.7711e-06
1.76482e-06
1.75227e-06
1.7356e-06
1.71817e-06
1.92782e-06
1.9452e-06
1.96159e-06
1.97403e-06
1.98012e-06
1.98903e-06
1.99074e-06
1.99712e-06
1.99775e-06
1.99975e-06
2.00077e-06
2.00136e-06
2.00195e-06
2.00211e-06
2.00265e-06
2.00335e-06
2.00367e-06
2.00358e-06
2.00378e-06
2.00368e-06
2.00378e-06
2.0037e-06
2.00375e-06
2.0037e-06
2.00372e-06
2.00372e-06
2.0037e-06
2.00375e-06
2.0037e-06
2.00379e-06
2.00369e-06
2.00378e-06
2.00358e-06
2.00367e-06
2.00334e-06
2.00264e-06
2.0021e-06
2.00194e-06
2.00135e-06
2.00076e-06
1.99976e-06
1.99776e-06
1.99713e-06
1.99076e-06
1.98904e-06
1.98013e-06
1.97403e-06
1.9616e-06
1.94521e-06
1.92784e-06
2.14144e-06
2.1585e-06
2.17435e-06
2.18693e-06
2.19304e-06
2.20191e-06
2.20338e-06
2.21005e-06
2.21058e-06
2.21257e-06
2.21355e-06
2.21413e-06
2.21469e-06
2.21482e-06
2.21527e-06
2.21462e-06
2.21493e-06
2.21485e-06
2.21504e-06
2.21495e-06
2.21504e-06
2.21495e-06
2.215e-06
2.21495e-06
2.21497e-06
2.21497e-06
2.21495e-06
2.215e-06
2.21496e-06
2.21505e-06
2.21495e-06
2.21504e-06
2.21485e-06
2.21493e-06
2.21462e-06
2.21527e-06
2.21481e-06
2.21469e-06
2.21413e-06
2.21354e-06
2.21257e-06
2.21059e-06
2.21006e-06
2.20339e-06
2.20192e-06
2.19305e-06
2.18694e-06
2.17436e-06
2.15851e-06
2.14145e-06
2.35804e-06
2.3747e-06
2.38973e-06
2.40157e-06
2.40746e-06
2.41577e-06
2.41688e-06
2.42069e-06
2.42107e-06
2.42297e-06
2.42387e-06
2.42443e-06
2.42494e-06
2.42502e-06
2.42537e-06
2.42488e-06
2.42517e-06
2.42508e-06
2.42527e-06
2.42518e-06
2.42528e-06
2.42518e-06
2.42522e-06
2.42517e-06
2.42519e-06
2.42519e-06
2.42517e-06
2.42523e-06
2.42519e-06
2.42528e-06
2.42519e-06
2.42527e-06
2.42509e-06
2.42517e-06
2.42488e-06
2.42537e-06
2.42501e-06
2.42493e-06
2.42443e-06
2.42386e-06
2.42297e-06
2.42108e-06
2.4207e-06
2.41689e-06
2.41578e-06
2.40747e-06
2.40158e-06
2.38974e-06
2.3747e-06
2.35806e-06
2.57164e-06
2.58719e-06
2.60099e-06
2.61171e-06
2.61433e-06
2.62202e-06
2.62274e-06
2.62641e-06
2.62665e-06
2.62841e-06
2.62922e-06
2.62977e-06
2.63021e-06
2.63025e-06
2.63051e-06
2.63016e-06
2.63043e-06
2.63035e-06
2.63052e-06
2.63045e-06
2.63057e-06
2.63053e-06
2.6306e-06
2.63058e-06
2.6306e-06
2.6306e-06
2.63058e-06
2.6306e-06
2.63054e-06
2.63058e-06
2.63045e-06
2.63052e-06
2.63035e-06
2.63043e-06
2.63016e-06
2.63052e-06
2.63025e-06
2.63021e-06
2.62976e-06
2.62921e-06
2.62841e-06
2.62666e-06
2.62642e-06
2.62275e-06
2.62203e-06
2.61433e-06
2.61171e-06
2.601e-06
2.58719e-06
2.57167e-06
2.77399e-06
2.78818e-06
2.80052e-06
2.81021e-06
2.81232e-06
2.81927e-06
2.81964e-06
2.82308e-06
2.82318e-06
2.82477e-06
2.82546e-06
2.82601e-06
2.82639e-06
2.8264e-06
2.82658e-06
2.82634e-06
2.82658e-06
2.82651e-06
2.82667e-06
2.8266e-06
2.82672e-06
2.82669e-06
2.82675e-06
2.82672e-06
2.82674e-06
2.82675e-06
2.82672e-06
2.82675e-06
2.82669e-06
2.82673e-06
2.82661e-06
2.82667e-06
2.82651e-06
2.82658e-06
2.82634e-06
2.82659e-06
2.82639e-06
2.82638e-06
2.82601e-06
2.82545e-06
2.82477e-06
2.82319e-06
2.82309e-06
2.81965e-06
2.81928e-06
2.81233e-06
2.81021e-06
2.80052e-06
2.78818e-06
2.77401e-06
2.96382e-06
2.97649e-06
2.9872e-06
2.99574e-06
2.99731e-06
3.00341e-06
3.00348e-06
3.00659e-06
3.00658e-06
3.00795e-06
3.00851e-06
3.0091e-06
3.0094e-06
3.00938e-06
3.00952e-06
3.00936e-06
3.00957e-06
3.0095e-06
3.00964e-06
3.00959e-06
3.00969e-06
3.00966e-06
3.00971e-06
3.00969e-06
3.00971e-06
3.00971e-06
3.00969e-06
3.00972e-06
3.00966e-06
3.0097e-06
3.00959e-06
3.00964e-06
3.0095e-06
3.00957e-06
3.00936e-06
3.00953e-06
3.00937e-06
3.0094e-06
3.00909e-06
3.00849e-06
3.00795e-06
3.00659e-06
3.0066e-06
3.00349e-06
3.00342e-06
2.99731e-06
2.99574e-06
2.98721e-06
2.97649e-06
2.96384e-06
3.13729e-06
3.14804e-06
3.15722e-06
3.16452e-06
3.16552e-06
3.17071e-06
3.17054e-06
3.17326e-06
3.17317e-06
3.17429e-06
3.17467e-06
3.17536e-06
3.17559e-06
3.17555e-06
3.17565e-06
3.17554e-06
3.17572e-06
3.17566e-06
3.17578e-06
3.17574e-06
3.17583e-06
3.1758e-06
3.17585e-06
3.17583e-06
3.17584e-06
3.17584e-06
3.17583e-06
3.17585e-06
3.1758e-06
3.17583e-06
3.17574e-06
3.17579e-06
3.17566e-06
3.17572e-06
3.17554e-06
3.17566e-06
3.17554e-06
3.17559e-06
3.17535e-06
3.17466e-06
3.17429e-06
3.17317e-06
3.17327e-06
3.17055e-06
3.17072e-06
3.16552e-06
3.16453e-06
3.15723e-06
3.14804e-06
3.13731e-06
3.291e-06
3.30086e-06
3.30749e-06
3.31354e-06
3.31497e-06
3.31918e-06
3.31889e-06
3.32113e-06
3.32099e-06
3.32185e-06
3.32203e-06
3.3219e-06
3.32207e-06
3.32201e-06
3.3221e-06
3.32202e-06
3.32217e-06
3.32211e-06
3.32221e-06
3.32218e-06
3.32225e-06
3.32223e-06
3.32226e-06
3.32225e-06
3.32226e-06
3.32226e-06
3.32225e-06
3.32227e-06
3.32223e-06
3.32226e-06
3.32218e-06
3.32222e-06
3.32211e-06
3.32217e-06
3.32202e-06
3.3221e-06
3.32201e-06
3.32207e-06
3.3219e-06
3.32203e-06
3.32185e-06
3.321e-06
3.32114e-06
3.31889e-06
3.31919e-06
3.31497e-06
3.31355e-06
3.30749e-06
3.30085e-06
3.29101e-06
3.42385e-06
3.43081e-06
3.43597e-06
3.44081e-06
3.44177e-06
3.44509e-06
3.44469e-06
3.44648e-06
3.44631e-06
3.44692e-06
3.44694e-06
3.4469e-06
3.447e-06
3.44694e-06
3.447e-06
3.44695e-06
3.44706e-06
3.44701e-06
3.44709e-06
3.44707e-06
3.44713e-06
3.44711e-06
3.44713e-06
3.44712e-06
3.44713e-06
3.44713e-06
3.44712e-06
3.44714e-06
3.44711e-06
3.44713e-06
3.44707e-06
3.4471e-06
3.44701e-06
3.44706e-06
3.44695e-06
3.447e-06
3.44694e-06
3.447e-06
3.4469e-06
3.44695e-06
3.44693e-06
3.44632e-06
3.44648e-06
3.4447e-06
3.4451e-06
3.44178e-06
3.44081e-06
3.43598e-06
3.4308e-06
3.42387e-06
3.5326e-06
3.53796e-06
3.54184e-06
3.54552e-06
3.54611e-06
3.5486e-06
3.54816e-06
3.54969e-06
3.54933e-06
3.54992e-06
3.54984e-06
3.54984e-06
3.54989e-06
3.54983e-06
3.54988e-06
3.54983e-06
3.54992e-06
3.54988e-06
3.54994e-06
3.54992e-06
3.54997e-06
3.54995e-06
3.54997e-06
3.54996e-06
3.54997e-06
3.54997e-06
3.54996e-06
3.54997e-06
3.54995e-06
3.54997e-06
3.54992e-06
3.54994e-06
3.54988e-06
3.54992e-06
3.54983e-06
3.54988e-06
3.54983e-06
3.54989e-06
3.54984e-06
3.54985e-06
3.54993e-06
3.54933e-06
3.5497e-06
3.54816e-06
3.54861e-06
3.54611e-06
3.54552e-06
3.54184e-06
3.53796e-06
3.53261e-06
3.61845e-06
3.62245e-06
3.62521e-06
3.62789e-06
3.62819e-06
3.62997e-06
3.62952e-06
3.63065e-06
3.6303e-06
3.63071e-06
3.63057e-06
3.63057e-06
3.63059e-06
3.63053e-06
3.63056e-06
3.63053e-06
3.63059e-06
3.63055e-06
3.6306e-06
3.63058e-06
3.63062e-06
3.6306e-06
3.63062e-06
3.63061e-06
3.63061e-06
3.63061e-06
3.63061e-06
3.63062e-06
3.6306e-06
3.63062e-06
3.63058e-06
3.6306e-06
3.63056e-06
3.63059e-06
3.63053e-06
3.63056e-06
3.63053e-06
3.63059e-06
3.63057e-06
3.63058e-06
3.63071e-06
3.63031e-06
3.63066e-06
3.62952e-06
3.62998e-06
3.62819e-06
3.62789e-06
3.62521e-06
3.62245e-06
3.61846e-06
3.68231e-06
3.68525e-06
3.6871e-06
3.68895e-06
3.68905e-06
3.69024e-06
3.68982e-06
3.69061e-06
3.69029e-06
3.69054e-06
3.69038e-06
3.69037e-06
3.69036e-06
3.6903e-06
3.69033e-06
3.6903e-06
3.69033e-06
3.6903e-06
3.69034e-06
3.69032e-06
3.69035e-06
3.69033e-06
3.69034e-06
3.69033e-06
3.69034e-06
3.69034e-06
3.69033e-06
3.69034e-06
3.69033e-06
3.69035e-06
3.69032e-06
3.69034e-06
3.6903e-06
3.69033e-06
3.6903e-06
3.69033e-06
3.6903e-06
3.69036e-06
3.69037e-06
3.69038e-06
3.69054e-06
3.69029e-06
3.69061e-06
3.68983e-06
3.69025e-06
3.68905e-06
3.68895e-06
3.6871e-06
3.68525e-06
3.68232e-06
3.72593e-06
3.72798e-06
3.72922e-06
3.73044e-06
3.73043e-06
3.73119e-06
3.73082e-06
3.73134e-06
3.73105e-06
3.73118e-06
3.73103e-06
3.731e-06
3.73097e-06
3.73091e-06
3.7309e-06
3.73085e-06
3.73087e-06
3.73084e-06
3.73087e-06
3.73085e-06
3.73087e-06
3.73086e-06
3.73087e-06
3.73086e-06
3.73086e-06
3.73086e-06
3.73086e-06
3.73087e-06
3.73086e-06
3.73087e-06
3.73085e-06
3.73087e-06
3.73084e-06
3.73087e-06
3.73085e-06
3.7309e-06
3.73091e-06
3.73097e-06
3.731e-06
3.73103e-06
3.73119e-06
3.73105e-06
3.73134e-06
3.73082e-06
3.73119e-06
3.73043e-06
3.73044e-06
3.72922e-06
3.72798e-06
3.72594e-06
3.75181e-06
3.75328e-06
3.75411e-06
3.75489e-06
3.75483e-06
3.75528e-06
3.75498e-06
3.7553e-06
3.75504e-06
3.7551e-06
3.75495e-06
3.75491e-06
3.75487e-06
3.75482e-06
3.7548e-06
3.75476e-06
3.75476e-06
3.75474e-06
3.75475e-06
3.75474e-06
3.75475e-06
3.75474e-06
3.75475e-06
3.75474e-06
3.75474e-06
3.75474e-06
3.75474e-06
3.75475e-06
3.75474e-06
3.75475e-06
3.75474e-06
3.75475e-06
3.75474e-06
3.75476e-06
3.75476e-06
3.7548e-06
3.75481e-06
3.75487e-06
3.75491e-06
3.75495e-06
3.7551e-06
3.75504e-06
3.7553e-06
3.75498e-06
3.75528e-06
3.75483e-06
3.75489e-06
3.75411e-06
3.75328e-06
3.75181e-06
3.76382e-06
3.76502e-06
3.76563e-06
3.76615e-06
3.76609e-06
3.76635e-06
3.76611e-06
3.76631e-06
3.76608e-06
3.76609e-06
3.76596e-06
3.76591e-06
3.76586e-06
3.76581e-06
3.7658e-06
3.76576e-06
3.76575e-06
3.76573e-06
3.76574e-06
3.76573e-06
3.76574e-06
3.76573e-06
3.76573e-06
3.76573e-06
3.76573e-06
3.76573e-06
3.76573e-06
3.76573e-06
3.76573e-06
3.76574e-06
3.76573e-06
3.76574e-06
3.76573e-06
3.76575e-06
3.76576e-06
3.7658e-06
3.76581e-06
3.76586e-06
3.76591e-06
3.76596e-06
3.76609e-06
3.76608e-06
3.76631e-06
3.76611e-06
3.76635e-06
3.76609e-06
3.76615e-06
3.76563e-06
3.76502e-06
3.76382e-06
3.76718e-06
3.76834e-06
3.76882e-06
3.76924e-06
3.7692e-06
3.76939e-06
3.76919e-06
3.76933e-06
3.76913e-06
3.76911e-06
3.76899e-06
3.76894e-06
3.76889e-06
3.76884e-06
3.76883e-06
3.76879e-06
3.76878e-06
3.76876e-06
3.76877e-06
3.76876e-06
3.76877e-06
3.76876e-06
3.76876e-06
3.76875e-06
3.76876e-06
3.76876e-06
3.76876e-06
3.76876e-06
3.76876e-06
3.76877e-06
3.76876e-06
3.76877e-06
3.76876e-06
3.76878e-06
3.76879e-06
3.76883e-06
3.76884e-06
3.76889e-06
3.76894e-06
3.76899e-06
3.76912e-06
3.76913e-06
3.76933e-06
3.76919e-06
3.76939e-06
3.7692e-06
3.76924e-06
3.76882e-06
3.76834e-06
3.76718e-06
)
;

boundaryField
{
    fuel
    {
        type            fixedValue;
        value           uniform 0;
    }
    wall
    {
        type            zeroGradient;
    }
    outlet
    {
        type            zeroGradient;
    }
    frontAndBack
    {
        type            empty;
    }
}


// ************************************************************************* //
