/*--------------------------------*- C++ -*----------------------------------*\
| =========                 |                                                 |
| \\      /  F ield         | OpenFOAM: The Open Source CFD Toolbox           |
|  \\    /   O peration     | Version:  dev                                   |
|   \\  /    A nd           | Web:      www.OpenFOAM.org                      |
|    \\/     M anipulation  |                                                 |
\*---------------------------------------------------------------------------*/
FoamFile
{
    version     2.0;
    format      ascii;
    class       volScalarField;
    location    "0.13";
    object      C2H4;
}
// * * * * * * * * * * * * * * * * * * * * * * * * * * * * * * * * * * * * * //

dimensions      [0 0 0 0 0 0 0];

internalField   nonuniform List<scalar> 
250
(
0.0151383
0.0151366
0.0151381
0.0151366
0.0151383
0.0151383
0.0151385
0.0151377
0.015152
0.0156956
0.0898451
0.00285508
0.00285487
0.00285504
0.00285465
0.00285546
0.00285467
0.00285618
0.00285542
0.00285965
0.00314076
0.0541939
0.000613186
0.000613308
0.000613244
0.000613195
0.000613456
0.0006131
0.000613799
0.000613865
0.00061727
0.000843016
0.0299933
0.000162419
0.000162501
0.000162454
0.000162454
0.000162528
0.000162411
0.000162676
0.000162956
0.000165636
0.000324694
0.0159482
6.02611e-05
6.03005e-05
6.02738e-05
6.02817e-05
6.02976e-05
6.02651e-05
6.03425e-05
6.05234e-05
6.24774e-05
0.000167731
0.00840735
3.26267e-05
3.26543e-05
3.26485e-05
3.26403e-05
3.26562e-05
3.26449e-05
3.27583e-05
3.31169e-05
3.45011e-05
0.000103625
0.0045005
2.40361e-05
2.40529e-05
2.40501e-05
2.40447e-05
2.4052e-05
2.4051e-05
2.4123e-05
2.44001e-05
2.55115e-05
6.79843e-05
0.00250624
2.05666e-05
2.05785e-05
2.05775e-05
2.05734e-05
2.05749e-05
2.05805e-05
2.06429e-05
2.092e-05
2.18709e-05
4.99525e-05
0.00149354
1.88175e-05
1.8825e-05
1.883e-05
1.8816e-05
1.88359e-05
1.88293e-05
1.88888e-05
1.91339e-05
1.99872e-05
3.87573e-05
0.000973713
1.77834e-05
1.77883e-05
1.7795e-05
1.7779e-05
1.77994e-05
1.77943e-05
1.78564e-05
1.80063e-05
1.88086e-05
3.20685e-05
0.000690482
1.70538e-05
1.70638e-05
1.70406e-05
1.70713e-05
1.70627e-05
1.71485e-05
1.73305e-05
1.8106e-05
2.78374e-05
0.00051552
1.64374e-05
1.64504e-05
1.64196e-05
1.64603e-05
1.64476e-05
1.65429e-05
1.67522e-05
1.75457e-05
2.52766e-05
0.00038467
1.59217e-05
1.59377e-05
1.58962e-05
1.59509e-05
1.5933e-05
1.60386e-05
1.62629e-05
1.70678e-05
2.33187e-05
0.000274617
1.54676e-05
1.54863e-05
1.54306e-05
1.55033e-05
1.54798e-05
1.55953e-05
1.58306e-05
1.66533e-05
2.17814e-05
0.000185397
1.50565e-05
1.50777e-05
1.50618e-05
1.50984e-05
1.50693e-05
1.51937e-05
1.54362e-05
1.62798e-05
2.05813e-05
0.000119259
1.46797e-05
1.47027e-05
1.46819e-05
1.47265e-05
1.46929e-05
1.48244e-05
1.50708e-05
1.59357e-05
1.96025e-05
7.52044e-05
1.43339e-05
1.43576e-05
1.43321e-05
1.43836e-05
1.4347e-05
1.44835e-05
1.47309e-05
1.5615e-05
1.88696e-05
4.87357e-05
1.4018e-05
1.40414e-05
1.40114e-05
1.40687e-05
1.40306e-05
1.41697e-05
1.44153e-05
1.53143e-05
1.83002e-05
3.416e-05
1.37323e-05
1.37543e-05
1.37199e-05
1.37821e-05
1.37441e-05
1.3883e-05
1.41251e-05
1.5031e-05
1.78522e-05
2.66369e-05
1.3478e-05
1.34975e-05
1.34585e-05
1.35248e-05
1.34887e-05
1.36243e-05
1.38599e-05
1.48007e-05
1.74937e-05
2.29183e-05
1.32567e-05
1.32724e-05
1.32594e-05
1.32989e-05
1.32659e-05
1.3395e-05
1.3621e-05
1.45838e-05
1.72014e-05
2.11411e-05
1.30708e-05
1.30811e-05
1.30726e-05
1.31062e-05
1.30783e-05
1.31978e-05
1.34422e-05
1.43757e-05
1.69598e-05
2.03351e-05
1.29443e-05
1.29488e-05
1.29453e-05
1.29723e-05
1.29502e-05
1.30584e-05
1.32992e-05
1.42204e-05
1.67316e-05
2.00189e-05
1.28507e-05
1.28587e-05
1.2852e-05
1.28708e-05
1.28549e-05
1.29515e-05
1.31867e-05
1.40965e-05
1.6543e-05
1.99611e-05
)
;

boundaryField
{
    fuel
    {
        type            fixedValue;
        value           uniform 0.116;
    }
    wall
    {
        type            zeroGradient;
    }
    outlet
    {
        type            inletOutlet;
        inletValue      uniform 0;
        value           nonuniform List<scalar> 
24
(
0
0
0
0
0
0
0
0
0
0
0
0.00038467
0.000274617
0.000185397
0.000119259
7.52044e-05
4.87357e-05
3.416e-05
2.66369e-05
2.29183e-05
2.11411e-05
2.03351e-05
2.00189e-05
1.99611e-05
)
;
    }
    frontAndBack
    {
        type            empty;
    }
    procBoundary3to0
    {
        type            processor;
        value           nonuniform List<scalar> 10(1.28142e-05 1.28161e-05 1.28155e-05 1.28236e-05 1.28164e-05 1.28963e-05 1.31268e-05 1.40025e-05 1.64065e-05 2.00131e-05);
    }
    procBoundary3to2
    {
        type            processor;
        value           nonuniform List<scalar> 
25
(
0.0151384
0.00285544
0.00061344
0.000162531
6.03079e-05
3.26536e-05
2.40517e-05
2.05774e-05
1.88249e-05
1.77888e-05
1.70507e-05
1.70507e-05
1.64361e-05
1.59222e-05
1.54698e-05
1.50601e-05
1.46846e-05
1.43398e-05
1.40247e-05
1.37398e-05
1.34861e-05
1.3265e-05
1.30791e-05
1.29521e-05
1.28576e-05
)
;
    }
}


// ************************************************************************* //
