/*--------------------------------*- C++ -*----------------------------------*\
| =========                 |                                                 |
| \\      /  F ield         | OpenFOAM: The Open Source CFD Toolbox           |
|  \\    /   O peration     | Version:  dev                                   |
|   \\  /    A nd           | Web:      www.OpenFOAM.org                      |
|    \\/     M anipulation  |                                                 |
\*---------------------------------------------------------------------------*/
FoamFile
{
    version     2.0;
    format      ascii;
    class       volScalarField;
    location    "0.075";
    object      A2C2H22;
}
// * * * * * * * * * * * * * * * * * * * * * * * * * * * * * * * * * * * * * //

dimensions      [0 0 0 0 0 0 0];

internalField   nonuniform List<scalar> 
2000
(
3.37389e-14
3.3801e-14
3.38879e-14
3.39154e-14
3.39179e-14
3.39228e-14
3.39194e-14
3.39221e-14
3.39193e-14
3.39213e-14
3.39195e-14
3.39209e-14
3.39197e-14
3.39206e-14
3.39199e-14
3.39205e-14
3.392e-14
3.39205e-14
3.39201e-14
3.39204e-14
3.39202e-14
3.39204e-14
3.39202e-14
3.39203e-14
3.39203e-14
3.39203e-14
3.39203e-14
3.39202e-14
3.39204e-14
3.39202e-14
3.39204e-14
3.39201e-14
3.39205e-14
3.392e-14
3.39205e-14
3.39199e-14
3.39206e-14
3.39198e-14
3.39209e-14
3.39195e-14
3.39213e-14
3.39193e-14
3.39221e-14
3.39194e-14
3.39228e-14
3.39179e-14
3.39154e-14
3.3888e-14
3.38011e-14
3.37391e-14
1.68028e-13
1.68262e-13
1.68644e-13
1.68758e-13
1.68764e-13
1.68785e-13
1.68769e-13
1.68781e-13
1.68768e-13
1.68778e-13
1.68769e-13
1.68776e-13
1.6877e-13
1.68775e-13
1.68771e-13
1.68774e-13
1.68772e-13
1.68774e-13
1.68772e-13
1.68774e-13
1.68773e-13
1.68773e-13
1.68773e-13
1.68773e-13
1.68773e-13
1.68773e-13
1.68773e-13
1.68773e-13
1.68773e-13
1.68773e-13
1.68774e-13
1.68772e-13
1.68774e-13
1.68772e-13
1.68774e-13
1.68771e-13
1.68775e-13
1.6877e-13
1.68776e-13
1.68769e-13
1.68778e-13
1.68768e-13
1.68781e-13
1.68769e-13
1.68785e-13
1.68765e-13
1.68758e-13
1.68644e-13
1.68263e-13
1.68029e-13
4.83657e-13
4.84237e-13
4.8518e-13
4.85443e-13
4.85427e-13
4.85485e-13
4.8543e-13
4.85469e-13
4.85429e-13
4.85459e-13
4.85432e-13
4.85453e-13
4.85436e-13
4.8545e-13
4.85439e-13
4.85449e-13
4.8544e-13
4.85448e-13
4.85443e-13
4.85447e-13
4.85444e-13
4.85446e-13
4.85444e-13
4.85446e-13
4.85445e-13
4.85445e-13
4.85446e-13
4.85444e-13
4.85446e-13
4.85444e-13
4.85447e-13
4.85443e-13
4.85448e-13
4.8544e-13
4.85449e-13
4.85439e-13
4.8545e-13
4.85436e-13
4.85453e-13
4.85433e-13
4.85459e-13
4.85429e-13
4.85469e-13
4.8543e-13
4.85485e-13
4.85427e-13
4.85443e-13
4.8518e-13
4.84237e-13
4.83657e-13
8.89881e-13
8.90643e-13
8.91998e-13
8.92287e-13
8.9218e-13
8.92268e-13
8.92153e-13
8.92227e-13
8.9215e-13
8.92208e-13
8.92158e-13
8.92199e-13
8.92166e-13
8.92193e-13
8.92172e-13
8.9219e-13
8.92175e-13
8.92189e-13
8.92179e-13
8.92187e-13
8.92181e-13
8.92185e-13
8.92182e-13
8.92184e-13
8.92184e-13
8.92184e-13
8.92184e-13
8.92182e-13
8.92185e-13
8.92181e-13
8.92187e-13
8.92179e-13
8.92188e-13
8.92175e-13
8.9219e-13
8.92172e-13
8.92193e-13
8.92166e-13
8.92198e-13
8.92158e-13
8.92208e-13
8.9215e-13
8.92227e-13
8.92153e-13
8.92268e-13
8.9218e-13
8.92287e-13
8.91998e-13
8.90643e-13
8.89881e-13
1.16502e-12
1.16551e-12
1.16681e-12
1.1669e-12
1.16667e-12
1.16674e-12
1.16658e-12
1.16667e-12
1.16657e-12
1.16665e-12
1.16659e-12
1.16664e-12
1.1666e-12
1.16663e-12
1.1666e-12
1.16663e-12
1.16661e-12
1.16663e-12
1.16661e-12
1.16662e-12
1.16662e-12
1.16662e-12
1.16662e-12
1.16662e-12
1.16662e-12
1.16662e-12
1.16662e-12
1.16662e-12
1.16662e-12
1.16662e-12
1.16662e-12
1.16661e-12
1.16663e-12
1.16661e-12
1.16663e-12
1.1666e-12
1.16663e-12
1.1666e-12
1.16664e-12
1.16659e-12
1.16665e-12
1.16657e-12
1.16667e-12
1.16658e-12
1.16674e-12
1.16667e-12
1.16689e-12
1.16681e-12
1.16551e-12
1.16502e-12
1.26485e-12
1.265e-12
1.26616e-12
1.26605e-12
1.26574e-12
1.26578e-12
1.2656e-12
1.26569e-12
1.26559e-12
1.26566e-12
1.2656e-12
1.26565e-12
1.26561e-12
1.26565e-12
1.26562e-12
1.26564e-12
1.26562e-12
1.26564e-12
1.26563e-12
1.26564e-12
1.26563e-12
1.26564e-12
1.26563e-12
1.26564e-12
1.26564e-12
1.26564e-12
1.26564e-12
1.26563e-12
1.26564e-12
1.26563e-12
1.26564e-12
1.26563e-12
1.26564e-12
1.26562e-12
1.26564e-12
1.26562e-12
1.26565e-12
1.26561e-12
1.26565e-12
1.2656e-12
1.26566e-12
1.26559e-12
1.26569e-12
1.2656e-12
1.26578e-12
1.26574e-12
1.26605e-12
1.26616e-12
1.265e-12
1.26485e-12
1.2514e-12
1.25137e-12
1.25252e-12
1.25233e-12
1.25198e-12
1.25201e-12
1.25182e-12
1.25191e-12
1.2518e-12
1.25188e-12
1.25181e-12
1.25187e-12
1.25183e-12
1.25186e-12
1.25184e-12
1.25186e-12
1.25184e-12
1.25186e-12
1.25185e-12
1.25186e-12
1.25185e-12
1.25186e-12
1.25185e-12
1.25185e-12
1.25185e-12
1.25185e-12
1.25185e-12
1.25185e-12
1.25186e-12
1.25185e-12
1.25186e-12
1.25185e-12
1.25186e-12
1.25184e-12
1.25186e-12
1.25184e-12
1.25186e-12
1.25183e-12
1.25187e-12
1.25181e-12
1.25188e-12
1.2518e-12
1.25191e-12
1.25182e-12
1.25201e-12
1.25198e-12
1.25233e-12
1.25252e-12
1.25137e-12
1.2514e-12
1.18443e-12
1.1844e-12
1.18569e-12
1.18551e-12
1.18517e-12
1.1852e-12
1.185e-12
1.18509e-12
1.18498e-12
1.18506e-12
1.18499e-12
1.18505e-12
1.185e-12
1.18504e-12
1.18501e-12
1.18504e-12
1.18502e-12
1.18504e-12
1.18502e-12
1.18503e-12
1.18503e-12
1.18503e-12
1.18503e-12
1.18503e-12
1.18503e-12
1.18503e-12
1.18503e-12
1.18503e-12
1.18503e-12
1.18503e-12
1.18503e-12
1.18502e-12
1.18504e-12
1.18502e-12
1.18504e-12
1.18501e-12
1.18504e-12
1.185e-12
1.18505e-12
1.18499e-12
1.18506e-12
1.18498e-12
1.18509e-12
1.185e-12
1.1852e-12
1.18517e-12
1.18551e-12
1.18569e-12
1.1844e-12
1.18443e-12
1.09809e-12
1.0982e-12
1.09969e-12
1.09961e-12
1.09929e-12
1.09933e-12
1.09913e-12
1.09922e-12
1.0991e-12
1.09919e-12
1.09911e-12
1.09917e-12
1.09913e-12
1.09917e-12
1.09913e-12
1.09916e-12
1.09914e-12
1.09916e-12
1.09915e-12
1.09916e-12
1.09915e-12
1.09916e-12
1.09915e-12
1.09915e-12
1.09915e-12
1.09915e-12
1.09915e-12
1.09915e-12
1.09916e-12
1.09915e-12
1.09916e-12
1.09915e-12
1.09916e-12
1.09914e-12
1.09916e-12
1.09913e-12
1.09917e-12
1.09913e-12
1.09917e-12
1.09911e-12
1.09919e-12
1.0991e-12
1.09922e-12
1.09913e-12
1.09933e-12
1.09929e-12
1.09961e-12
1.09969e-12
1.0982e-12
1.09809e-12
1.00909e-12
1.0094e-12
1.01114e-12
1.01119e-12
1.01091e-12
1.01097e-12
1.01076e-12
1.01086e-12
1.01073e-12
1.01082e-12
1.01074e-12
1.01081e-12
1.01076e-12
1.0108e-12
1.01076e-12
1.01079e-12
1.01077e-12
1.01079e-12
1.01078e-12
1.01079e-12
1.01078e-12
1.01079e-12
1.01078e-12
1.01078e-12
1.01078e-12
1.01078e-12
1.01078e-12
1.01078e-12
1.01079e-12
1.01078e-12
1.01079e-12
1.01078e-12
1.01079e-12
1.01077e-12
1.01079e-12
1.01076e-12
1.0108e-12
1.01076e-12
1.01081e-12
1.01074e-12
1.01082e-12
1.01073e-12
1.01086e-12
1.01076e-12
1.01097e-12
1.01091e-12
1.01119e-12
1.01114e-12
1.0094e-12
1.00909e-12
9.24279e-13
9.24839e-13
9.26831e-13
9.27022e-13
9.26786e-13
9.26869e-13
9.26654e-13
9.26763e-13
9.26625e-13
9.26719e-13
9.26635e-13
9.26702e-13
9.26648e-13
9.26692e-13
9.26657e-13
9.26687e-13
9.26662e-13
9.26684e-13
9.26668e-13
9.26681e-13
9.26671e-13
9.26679e-13
9.26673e-13
9.26677e-13
9.26675e-13
9.26675e-13
9.26677e-13
9.26673e-13
9.26679e-13
9.26671e-13
9.26681e-13
9.26668e-13
9.26684e-13
9.26662e-13
9.26687e-13
9.26657e-13
9.26692e-13
9.26648e-13
9.26701e-13
9.26636e-13
9.26719e-13
9.26625e-13
9.26763e-13
9.26654e-13
9.26869e-13
9.26786e-13
9.27022e-13
9.26831e-13
9.24838e-13
9.2428e-13
8.42818e-13
8.43596e-13
8.4575e-13
8.46069e-13
8.4588e-13
8.45979e-13
8.45766e-13
8.45877e-13
8.45736e-13
8.4583e-13
8.45745e-13
8.45812e-13
8.45757e-13
8.45801e-13
8.45765e-13
8.45796e-13
8.4577e-13
8.45792e-13
8.45776e-13
8.45789e-13
8.45779e-13
8.45787e-13
8.45781e-13
8.45785e-13
8.45783e-13
8.45783e-13
8.45785e-13
8.45781e-13
8.45787e-13
8.45779e-13
8.45789e-13
8.45776e-13
8.45792e-13
8.4577e-13
8.45796e-13
8.45765e-13
8.45801e-13
8.45757e-13
8.45811e-13
8.45745e-13
8.4583e-13
8.45736e-13
8.45876e-13
8.45766e-13
8.45979e-13
8.4588e-13
8.46069e-13
8.4575e-13
8.43596e-13
8.42819e-13
7.71444e-13
7.72468e-13
7.74817e-13
7.75274e-13
7.75127e-13
7.75249e-13
7.75033e-13
7.75149e-13
7.75003e-13
7.751e-13
7.75011e-13
7.7508e-13
7.75022e-13
7.75068e-13
7.75031e-13
7.75062e-13
7.75035e-13
7.75058e-13
7.75041e-13
7.75055e-13
7.75045e-13
7.75053e-13
7.75046e-13
7.75051e-13
7.75049e-13
7.75049e-13
7.75051e-13
7.75046e-13
7.75053e-13
7.75045e-13
7.75055e-13
7.75041e-13
7.75058e-13
7.75035e-13
7.75062e-13
7.75031e-13
7.75068e-13
7.75023e-13
7.75079e-13
7.75011e-13
7.751e-13
7.75003e-13
7.75149e-13
7.75033e-13
7.75249e-13
7.75127e-13
7.75274e-13
7.74817e-13
7.72468e-13
7.71444e-13
7.0635e-13
7.07315e-13
7.09575e-13
7.10082e-13
7.10017e-13
7.10134e-13
7.09947e-13
7.10047e-13
7.09916e-13
7.09999e-13
7.0992e-13
7.09979e-13
7.09929e-13
7.09968e-13
7.09935e-13
7.09962e-13
7.09939e-13
7.09959e-13
7.09944e-13
7.09956e-13
7.09947e-13
7.09954e-13
7.09948e-13
7.09952e-13
7.0995e-13
7.0995e-13
7.09952e-13
7.09948e-13
7.09954e-13
7.09947e-13
7.09956e-13
7.09944e-13
7.09959e-13
7.09939e-13
7.09963e-13
7.09935e-13
7.09968e-13
7.09929e-13
7.09979e-13
7.0992e-13
7.09999e-13
7.09916e-13
7.10047e-13
7.09947e-13
7.10134e-13
7.10017e-13
7.10082e-13
7.09575e-13
7.07314e-13
7.0635e-13
6.45398e-13
6.46528e-13
6.48839e-13
6.49433e-13
6.49407e-13
6.49536e-13
6.49355e-13
6.49453e-13
6.49323e-13
6.49404e-13
6.49326e-13
6.49384e-13
6.49334e-13
6.49372e-13
6.49339e-13
6.49366e-13
6.49342e-13
6.49363e-13
6.49348e-13
6.4936e-13
6.4935e-13
6.49357e-13
6.49352e-13
6.49355e-13
6.49354e-13
6.49354e-13
6.49355e-13
6.49352e-13
6.49357e-13
6.4935e-13
6.4936e-13
6.49348e-13
6.49363e-13
6.49343e-13
6.49366e-13
6.49339e-13
6.49372e-13
6.49334e-13
6.49384e-13
6.49326e-13
6.49404e-13
6.49323e-13
6.49453e-13
6.49355e-13
6.49535e-13
6.49407e-13
6.49433e-13
6.48839e-13
6.46528e-13
6.45398e-13
5.92143e-13
5.93442e-13
5.95822e-13
5.965e-13
5.96511e-13
5.96653e-13
5.96475e-13
5.96574e-13
5.96443e-13
5.96524e-13
5.96445e-13
5.96502e-13
5.96452e-13
5.9649e-13
5.96457e-13
5.96484e-13
5.9646e-13
5.9648e-13
5.96465e-13
5.96477e-13
5.96468e-13
5.96475e-13
5.96469e-13
5.96473e-13
5.96471e-13
5.96471e-13
5.96473e-13
5.96469e-13
5.96475e-13
5.96468e-13
5.96477e-13
5.96465e-13
5.9648e-13
5.9646e-13
5.96484e-13
5.96457e-13
5.9649e-13
5.96452e-13
5.96502e-13
5.96445e-13
5.96524e-13
5.96443e-13
5.96574e-13
5.96476e-13
5.96652e-13
5.96511e-13
5.965e-13
5.95822e-13
5.93442e-13
5.92144e-13
5.42043e-13
5.43572e-13
5.46081e-13
5.4689e-13
5.46956e-13
5.47119e-13
5.46945e-13
5.47045e-13
5.46912e-13
5.46992e-13
5.46912e-13
5.46969e-13
5.46917e-13
5.46955e-13
5.46922e-13
5.46948e-13
5.46924e-13
5.46945e-13
5.46929e-13
5.46941e-13
5.46932e-13
5.46939e-13
5.46933e-13
5.46937e-13
5.46935e-13
5.46935e-13
5.46937e-13
5.46933e-13
5.46939e-13
5.46932e-13
5.46941e-13
5.46929e-13
5.46944e-13
5.46924e-13
5.46949e-13
5.46922e-13
5.46955e-13
5.46917e-13
5.46969e-13
5.46912e-13
5.46992e-13
5.46912e-13
5.47045e-13
5.46946e-13
5.47119e-13
5.46956e-13
5.4689e-13
5.46081e-13
5.43572e-13
5.42044e-13
4.97962e-13
4.99623e-13
5.02141e-13
5.03006e-13
5.03102e-13
5.03273e-13
5.03105e-13
5.03203e-13
5.03072e-13
5.03149e-13
5.0307e-13
5.03126e-13
5.03074e-13
5.03111e-13
5.03078e-13
5.03104e-13
5.0308e-13
5.03101e-13
5.03085e-13
5.03097e-13
5.03088e-13
5.03095e-13
5.03089e-13
5.03093e-13
5.03091e-13
5.03091e-13
5.03093e-13
5.03089e-13
5.03095e-13
5.03088e-13
5.03097e-13
5.03085e-13
5.031e-13
5.03081e-13
5.03105e-13
5.03078e-13
5.03111e-13
5.03075e-13
5.03125e-13
5.0307e-13
5.0315e-13
5.03071e-13
5.03203e-13
5.03105e-13
5.03273e-13
5.03102e-13
5.03006e-13
5.02141e-13
4.99623e-13
4.97962e-13
4.56267e-13
4.58141e-13
4.60763e-13
4.61726e-13
4.61841e-13
4.62032e-13
4.61857e-13
4.61961e-13
4.61823e-13
4.61905e-13
4.61822e-13
4.6188e-13
4.61826e-13
4.61865e-13
4.6183e-13
4.61858e-13
4.61832e-13
4.61854e-13
4.61838e-13
4.6185e-13
4.6184e-13
4.61847e-13
4.61841e-13
4.61845e-13
4.61843e-13
4.61843e-13
4.61845e-13
4.61841e-13
4.61847e-13
4.6184e-13
4.6185e-13
4.61838e-13
4.61854e-13
4.61833e-13
4.61858e-13
4.6183e-13
4.61865e-13
4.61826e-13
4.6188e-13
4.61822e-13
4.61906e-13
4.61823e-13
4.61961e-13
4.61857e-13
4.62031e-13
4.61841e-13
4.61726e-13
4.60763e-13
4.58141e-13
4.56267e-13
4.18142e-13
4.20104e-13
4.22653e-13
4.23632e-13
4.23768e-13
4.23958e-13
4.23792e-13
4.23891e-13
4.23759e-13
4.23836e-13
4.23756e-13
4.23811e-13
4.23759e-13
4.23796e-13
4.23763e-13
4.23789e-13
4.23764e-13
4.23785e-13
4.23769e-13
4.23781e-13
4.23772e-13
4.23779e-13
4.23773e-13
4.23776e-13
4.23775e-13
4.23775e-13
4.23776e-13
4.23773e-13
4.23779e-13
4.23772e-13
4.23781e-13
4.23769e-13
4.23785e-13
4.23765e-13
4.23789e-13
4.23763e-13
4.23796e-13
4.23759e-13
4.23811e-13
4.23756e-13
4.23836e-13
4.23758e-13
4.23891e-13
4.23792e-13
4.23957e-13
4.23767e-13
4.23632e-13
4.22653e-13
4.20104e-13
4.18142e-13
3.8461e-13
3.86676e-13
3.89171e-13
3.90167e-13
3.9032e-13
3.90512e-13
3.90352e-13
3.90449e-13
3.90319e-13
3.90394e-13
3.90315e-13
3.90369e-13
3.90318e-13
3.90353e-13
3.90321e-13
3.90346e-13
3.90323e-13
3.90342e-13
3.90327e-13
3.90339e-13
3.90329e-13
3.90336e-13
3.9033e-13
3.90334e-13
3.90332e-13
3.90332e-13
3.90334e-13
3.9033e-13
3.90336e-13
3.90329e-13
3.90339e-13
3.90327e-13
3.90342e-13
3.90323e-13
3.90346e-13
3.90321e-13
3.90354e-13
3.90318e-13
3.90368e-13
3.90316e-13
3.90394e-13
3.90319e-13
3.90448e-13
3.90352e-13
3.90512e-13
3.9032e-13
3.90166e-13
3.8917e-13
3.86676e-13
3.8461e-13
3.54024e-13
3.56188e-13
3.58619e-13
3.59622e-13
3.59788e-13
3.59981e-13
3.59827e-13
3.59921e-13
3.59795e-13
3.59866e-13
3.5979e-13
3.59841e-13
3.59792e-13
3.59826e-13
3.59794e-13
3.59819e-13
3.59796e-13
3.59815e-13
3.598e-13
3.59812e-13
3.59802e-13
3.59809e-13
3.59803e-13
3.59807e-13
3.59805e-13
3.59805e-13
3.59807e-13
3.59803e-13
3.59809e-13
3.59802e-13
3.59812e-13
3.598e-13
3.59815e-13
3.59796e-13
3.59819e-13
3.59794e-13
3.59826e-13
3.59792e-13
3.59841e-13
3.5979e-13
3.59866e-13
3.59795e-13
3.59921e-13
3.59828e-13
3.59981e-13
3.59788e-13
3.59622e-13
3.58618e-13
3.56188e-13
3.54024e-13
3.26135e-13
3.27571e-13
3.29825e-13
3.30799e-13
3.30995e-13
3.31184e-13
3.31048e-13
3.3113e-13
3.31014e-13
3.31076e-13
3.31005e-13
3.3105e-13
3.31004e-13
3.31034e-13
3.31005e-13
3.31026e-13
3.31005e-13
3.31022e-13
3.31009e-13
3.31019e-13
3.3101e-13
3.31016e-13
3.31011e-13
3.31014e-13
3.31013e-13
3.31013e-13
3.31014e-13
3.31011e-13
3.31016e-13
3.3101e-13
3.31019e-13
3.31009e-13
3.31022e-13
3.31005e-13
3.31026e-13
3.31005e-13
3.31034e-13
3.31004e-13
3.31049e-13
3.31005e-13
3.31076e-13
3.31014e-13
3.3113e-13
3.31048e-13
3.31184e-13
3.30995e-13
3.30799e-13
3.29825e-13
3.2757e-13
3.26135e-13
3.00723e-13
3.02193e-13
3.04361e-13
3.05324e-13
3.05528e-13
3.05715e-13
3.05585e-13
3.05664e-13
3.05551e-13
3.0561e-13
3.05542e-13
3.05584e-13
3.0554e-13
3.05568e-13
3.0554e-13
3.0556e-13
3.0554e-13
3.05556e-13
3.05544e-13
3.05553e-13
3.05545e-13
3.05551e-13
3.05546e-13
3.05549e-13
3.05547e-13
3.05547e-13
3.05549e-13
3.05546e-13
3.05551e-13
3.05545e-13
3.05553e-13
3.05544e-13
3.05556e-13
3.0554e-13
3.05561e-13
3.0554e-13
3.05568e-13
3.0554e-13
3.05583e-13
3.05542e-13
3.0561e-13
3.05551e-13
3.05663e-13
3.05585e-13
3.05714e-13
3.05528e-13
3.05324e-13
3.04361e-13
3.02192e-13
3.00723e-13
2.76685e-13
2.78191e-13
2.80311e-13
2.81285e-13
2.81503e-13
2.81692e-13
2.81567e-13
2.81643e-13
2.81533e-13
2.81588e-13
2.81522e-13
2.81562e-13
2.81519e-13
2.81546e-13
2.81518e-13
2.81538e-13
2.81518e-13
2.81534e-13
2.81522e-13
2.81531e-13
2.81523e-13
2.81529e-13
2.81524e-13
2.81527e-13
2.81525e-13
2.81525e-13
2.81527e-13
2.81524e-13
2.81529e-13
2.81523e-13
2.81531e-13
2.81522e-13
2.81534e-13
2.81519e-13
2.81539e-13
2.81518e-13
2.81546e-13
2.81519e-13
2.81562e-13
2.81522e-13
2.81588e-13
2.81533e-13
2.81643e-13
2.81567e-13
2.81692e-13
2.81503e-13
2.81285e-13
2.80311e-13
2.78191e-13
2.76685e-13
2.54763e-13
2.56262e-13
2.58266e-13
2.59211e-13
2.5943e-13
2.59613e-13
2.59495e-13
2.59566e-13
2.59461e-13
2.59513e-13
2.59449e-13
2.59487e-13
2.59446e-13
2.59471e-13
2.59445e-13
2.59464e-13
2.59445e-13
2.5946e-13
2.59448e-13
2.59457e-13
2.59449e-13
2.59454e-13
2.5945e-13
2.59452e-13
2.59451e-13
2.59451e-13
2.59452e-13
2.5945e-13
2.59454e-13
2.59449e-13
2.59457e-13
2.59448e-13
2.5946e-13
2.59445e-13
2.59464e-13
2.59445e-13
2.59471e-13
2.59446e-13
2.59486e-13
2.5945e-13
2.59513e-13
2.59461e-13
2.59566e-13
2.59495e-13
2.59613e-13
2.5943e-13
2.5921e-13
2.58266e-13
2.56261e-13
2.54763e-13
2.34774e-13
2.36258e-13
2.38148e-13
2.39057e-13
2.39276e-13
2.39452e-13
2.39342e-13
2.39407e-13
2.39309e-13
2.39355e-13
2.39296e-13
2.3933e-13
2.39292e-13
2.39315e-13
2.3929e-13
2.39308e-13
2.3929e-13
2.39304e-13
2.39293e-13
2.39301e-13
2.39294e-13
2.39299e-13
2.39294e-13
2.39297e-13
2.39296e-13
2.39296e-13
2.39297e-13
2.39294e-13
2.39299e-13
2.39294e-13
2.39301e-13
2.39293e-13
2.39304e-13
2.3929e-13
2.39308e-13
2.3929e-13
2.39315e-13
2.39292e-13
2.3933e-13
2.39296e-13
2.39356e-13
2.39308e-13
2.39407e-13
2.39342e-13
2.39452e-13
2.39276e-13
2.39057e-13
2.38148e-13
2.36258e-13
2.34774e-13
2.16554e-13
2.18013e-13
2.19793e-13
2.20663e-13
2.20879e-13
2.21048e-13
2.20945e-13
2.21005e-13
2.20912e-13
2.20955e-13
2.20899e-13
2.2093e-13
2.20894e-13
2.20916e-13
2.20892e-13
2.20909e-13
2.20892e-13
2.20905e-13
2.20894e-13
2.20902e-13
2.20895e-13
2.209e-13
2.20896e-13
2.20898e-13
2.20897e-13
2.20897e-13
2.20898e-13
2.20896e-13
2.209e-13
2.20895e-13
2.20902e-13
2.20894e-13
2.20905e-13
2.20892e-13
2.20909e-13
2.20893e-13
2.20916e-13
2.20894e-13
2.2093e-13
2.20899e-13
2.20955e-13
2.20912e-13
2.21005e-13
2.20945e-13
2.21048e-13
2.20879e-13
2.20663e-13
2.19793e-13
2.18013e-13
2.16554e-13
1.9995e-13
2.01374e-13
2.03049e-13
2.03878e-13
2.0409e-13
2.04252e-13
2.04155e-13
2.04211e-13
2.04123e-13
2.04162e-13
2.04109e-13
2.04138e-13
2.04104e-13
2.04124e-13
2.04102e-13
2.04117e-13
2.04101e-13
2.04113e-13
2.04103e-13
2.0411e-13
2.04104e-13
2.04108e-13
2.04104e-13
2.04107e-13
2.04106e-13
2.04106e-13
2.04107e-13
2.04104e-13
2.04108e-13
2.04104e-13
2.0411e-13
2.04103e-13
2.04113e-13
2.04101e-13
2.04117e-13
2.04102e-13
2.04124e-13
2.04104e-13
2.04138e-13
2.04109e-13
2.04162e-13
2.04123e-13
2.04211e-13
2.04155e-13
2.04252e-13
2.0409e-13
2.03878e-13
2.03049e-13
2.01374e-13
1.9995e-13
1.84819e-13
1.86203e-13
1.87777e-13
1.88563e-13
1.8877e-13
1.88924e-13
1.88833e-13
1.88884e-13
1.88802e-13
1.88837e-13
1.88787e-13
1.88813e-13
1.88781e-13
1.888e-13
1.88779e-13
1.88793e-13
1.88778e-13
1.88789e-13
1.8878e-13
1.88787e-13
1.88781e-13
1.88785e-13
1.88781e-13
1.88783e-13
1.88782e-13
1.88782e-13
1.88783e-13
1.88781e-13
1.88785e-13
1.88781e-13
1.88787e-13
1.8878e-13
1.88789e-13
1.88778e-13
1.88793e-13
1.88779e-13
1.888e-13
1.88781e-13
1.88813e-13
1.88787e-13
1.88837e-13
1.88802e-13
1.88884e-13
1.88833e-13
1.88923e-13
1.8877e-13
1.88563e-13
1.87777e-13
1.86203e-13
1.84819e-13
1.7103e-13
1.72368e-13
1.73846e-13
1.74589e-13
1.74789e-13
1.74936e-13
1.74851e-13
1.74897e-13
1.7482e-13
1.74852e-13
1.74805e-13
1.74829e-13
1.74799e-13
1.74816e-13
1.74796e-13
1.74809e-13
1.74795e-13
1.74806e-13
1.74797e-13
1.74803e-13
1.74798e-13
1.74801e-13
1.74798e-13
1.748e-13
1.74799e-13
1.74799e-13
1.748e-13
1.74798e-13
1.74801e-13
1.74798e-13
1.74803e-13
1.74797e-13
1.74806e-13
1.74795e-13
1.74809e-13
1.74796e-13
1.74816e-13
1.74799e-13
1.74829e-13
1.74805e-13
1.74852e-13
1.7482e-13
1.74897e-13
1.74851e-13
1.74935e-13
1.74789e-13
1.74589e-13
1.73846e-13
1.72368e-13
1.7103e-13
1.58462e-13
1.59752e-13
1.61137e-13
1.61838e-13
1.62031e-13
1.62169e-13
1.6209e-13
1.62132e-13
1.6206e-13
1.62088e-13
1.62045e-13
1.62066e-13
1.62038e-13
1.62053e-13
1.62035e-13
1.62047e-13
1.62034e-13
1.62043e-13
1.62035e-13
1.62041e-13
1.62036e-13
1.62039e-13
1.62036e-13
1.62038e-13
1.62037e-13
1.62037e-13
1.62038e-13
1.62036e-13
1.62039e-13
1.62036e-13
1.62041e-13
1.62035e-13
1.62043e-13
1.62034e-13
1.62047e-13
1.62035e-13
1.62053e-13
1.62038e-13
1.62066e-13
1.62045e-13
1.62088e-13
1.6206e-13
1.62132e-13
1.6209e-13
1.62169e-13
1.62031e-13
1.61838e-13
1.61137e-13
1.59752e-13
1.58463e-13
1.47006e-13
1.48243e-13
1.4954e-13
1.502e-13
1.50385e-13
1.50515e-13
1.50442e-13
1.5048e-13
1.50412e-13
1.50437e-13
1.50396e-13
1.50415e-13
1.50389e-13
1.50403e-13
1.50386e-13
1.50397e-13
1.50385e-13
1.50394e-13
1.50386e-13
1.50392e-13
1.50387e-13
1.5039e-13
1.50387e-13
1.50389e-13
1.50388e-13
1.50388e-13
1.50389e-13
1.50387e-13
1.5039e-13
1.50387e-13
1.50392e-13
1.50386e-13
1.50394e-13
1.50385e-13
1.50397e-13
1.50386e-13
1.50403e-13
1.50389e-13
1.50415e-13
1.50396e-13
1.50437e-13
1.50412e-13
1.5048e-13
1.50442e-13
1.50515e-13
1.50385e-13
1.50199e-13
1.4954e-13
1.48243e-13
1.47006e-13
1.36557e-13
1.37741e-13
1.38954e-13
1.39574e-13
1.39751e-13
1.39874e-13
1.39805e-13
1.39839e-13
1.39776e-13
1.39798e-13
1.3976e-13
1.39777e-13
1.39752e-13
1.39765e-13
1.39749e-13
1.39759e-13
1.39748e-13
1.39756e-13
1.39749e-13
1.39754e-13
1.39749e-13
1.39752e-13
1.3975e-13
1.39751e-13
1.3975e-13
1.3975e-13
1.39751e-13
1.3975e-13
1.39752e-13
1.39749e-13
1.39754e-13
1.39749e-13
1.39756e-13
1.39748e-13
1.39759e-13
1.39749e-13
1.39765e-13
1.39753e-13
1.39777e-13
1.3976e-13
1.39798e-13
1.39775e-13
1.39839e-13
1.39805e-13
1.39874e-13
1.39751e-13
1.39574e-13
1.38954e-13
1.37741e-13
1.36557e-13
1.27025e-13
1.28153e-13
1.29287e-13
1.29869e-13
1.30037e-13
1.30153e-13
1.30088e-13
1.30119e-13
1.30059e-13
1.30079e-13
1.30043e-13
1.30059e-13
1.30036e-13
1.30047e-13
1.30032e-13
1.30041e-13
1.30031e-13
1.30038e-13
1.30032e-13
1.30036e-13
1.30032e-13
1.30035e-13
1.30032e-13
1.30034e-13
1.30033e-13
1.30033e-13
1.30034e-13
1.30032e-13
1.30035e-13
1.30032e-13
1.30036e-13
1.30032e-13
1.30038e-13
1.30031e-13
1.30041e-13
1.30032e-13
1.30047e-13
1.30036e-13
1.30059e-13
1.30043e-13
1.30079e-13
1.30059e-13
1.30119e-13
1.30088e-13
1.30152e-13
1.30037e-13
1.29868e-13
1.29287e-13
1.28153e-13
1.27025e-13
1.18322e-13
1.19395e-13
1.20455e-13
1.20999e-13
1.21158e-13
1.21267e-13
1.21207e-13
1.21235e-13
1.21179e-13
1.21196e-13
1.21162e-13
1.21176e-13
1.21155e-13
1.21165e-13
1.21151e-13
1.21159e-13
1.2115e-13
1.21157e-13
1.2115e-13
1.21155e-13
1.21151e-13
1.21153e-13
1.21151e-13
1.21152e-13
1.21151e-13
1.21151e-13
1.21152e-13
1.21151e-13
1.21153e-13
1.21151e-13
1.21155e-13
1.2115e-13
1.21156e-13
1.2115e-13
1.21159e-13
1.21151e-13
1.21165e-13
1.21155e-13
1.21176e-13
1.21162e-13
1.21196e-13
1.21178e-13
1.21235e-13
1.21207e-13
1.21267e-13
1.21158e-13
1.20999e-13
1.20454e-13
1.19395e-13
1.18322e-13
1.10373e-13
1.11389e-13
1.12379e-13
1.12889e-13
1.13039e-13
1.13141e-13
1.13084e-13
1.13109e-13
1.13056e-13
1.13072e-13
1.1304e-13
1.13053e-13
1.13032e-13
1.13042e-13
1.13029e-13
1.13036e-13
1.13027e-13
1.13033e-13
1.13028e-13
1.13032e-13
1.13028e-13
1.1303e-13
1.13028e-13
1.13029e-13
1.13029e-13
1.13029e-13
1.13029e-13
1.13028e-13
1.1303e-13
1.13028e-13
1.13032e-13
1.13028e-13
1.13033e-13
1.13027e-13
1.13036e-13
1.13029e-13
1.13042e-13
1.13032e-13
1.13053e-13
1.1304e-13
1.13072e-13
1.13056e-13
1.13109e-13
1.13084e-13
1.13141e-13
1.13039e-13
1.12888e-13
1.12379e-13
1.11389e-13
1.10373e-13
1.03106e-13
1.04065e-13
1.0499e-13
1.05466e-13
1.05608e-13
1.05703e-13
1.0565e-13
1.05672e-13
1.05623e-13
1.05636e-13
1.05607e-13
1.05618e-13
1.05599e-13
1.05607e-13
1.05595e-13
1.05602e-13
1.05593e-13
1.05599e-13
1.05594e-13
1.05597e-13
1.05594e-13
1.05596e-13
1.05594e-13
1.05595e-13
1.05595e-13
1.05595e-13
1.05595e-13
1.05594e-13
1.05596e-13
1.05594e-13
1.05597e-13
1.05594e-13
1.05599e-13
1.05593e-13
1.05602e-13
1.05595e-13
1.05607e-13
1.05599e-13
1.05618e-13
1.05607e-13
1.05636e-13
1.05623e-13
1.05672e-13
1.0565e-13
1.05703e-13
1.05608e-13
1.05466e-13
1.04989e-13
1.04065e-13
1.03106e-13
9.64573e-14
9.73584e-14
9.82231e-14
9.86687e-14
9.88018e-14
9.88907e-14
9.8841e-14
9.88603e-14
9.8814e-14
9.88257e-14
9.87977e-14
9.88074e-14
9.87896e-14
9.87971e-14
9.87858e-14
9.8792e-14
9.87842e-14
9.87895e-14
9.87845e-14
9.87879e-14
9.87846e-14
9.87866e-14
9.87847e-14
9.87858e-14
9.87852e-14
9.87852e-14
9.87858e-14
9.87847e-14
9.87866e-14
9.87846e-14
9.87879e-14
9.87845e-14
9.87895e-14
9.87842e-14
9.8792e-14
9.87858e-14
9.87971e-14
9.87897e-14
9.88073e-14
9.87978e-14
9.88257e-14
9.8814e-14
9.88603e-14
9.88409e-14
9.88905e-14
9.88018e-14
9.86686e-14
9.8223e-14
9.73583e-14
9.64573e-14
9.03665e-14
9.1214e-14
9.20213e-14
9.24373e-14
9.25621e-14
9.26449e-14
9.25981e-14
9.26151e-14
9.25717e-14
9.25817e-14
9.25554e-14
9.25638e-14
9.25472e-14
9.25539e-14
9.25433e-14
9.25489e-14
9.25416e-14
9.25465e-14
9.25419e-14
9.2545e-14
9.2542e-14
9.25438e-14
9.2542e-14
9.2543e-14
9.25425e-14
9.25425e-14
9.2543e-14
9.2542e-14
9.25438e-14
9.2542e-14
9.2545e-14
9.25419e-14
9.25465e-14
9.25417e-14
9.2549e-14
9.25433e-14
9.25539e-14
9.25472e-14
9.25638e-14
9.25555e-14
9.25817e-14
9.25716e-14
9.26151e-14
9.25981e-14
9.26448e-14
9.25621e-14
9.24372e-14
9.20212e-14
9.1214e-14
9.03666e-14
)
;

boundaryField
{
    fuel
    {
        type            fixedValue;
        value           uniform 0;
    }
    wall
    {
        type            zeroGradient;
    }
    outlet
    {
        type            zeroGradient;
    }
    frontAndBack
    {
        type            empty;
    }
    procBoundary1to0
    {
        type            processor;
        value           nonuniform List<scalar> 
50
(
8.47812e-14
8.55791e-14
8.63315e-14
8.67195e-14
8.68364e-14
8.69133e-14
8.68693e-14
8.68841e-14
8.68433e-14
8.68517e-14
8.6827e-14
8.68344e-14
8.68188e-14
8.68248e-14
8.68148e-14
8.682e-14
8.68132e-14
8.68176e-14
8.68133e-14
8.68162e-14
8.68133e-14
8.6815e-14
8.68133e-14
8.68143e-14
8.68138e-14
8.68138e-14
8.68143e-14
8.68134e-14
8.6815e-14
8.68134e-14
8.68162e-14
8.68133e-14
8.68176e-14
8.68132e-14
8.682e-14
8.68149e-14
8.68248e-14
8.68188e-14
8.68344e-14
8.68271e-14
8.68518e-14
8.68432e-14
8.68841e-14
8.68693e-14
8.69132e-14
8.68363e-14
8.67194e-14
8.63314e-14
8.55791e-14
8.47812e-14
)
;
    }
}


// ************************************************************************* //
