/*--------------------------------*- C++ -*----------------------------------*\
| =========                 |                                                 |
| \\      /  F ield         | OpenFOAM: The Open Source CFD Toolbox           |
|  \\    /   O peration     | Version:  dev                                   |
|   \\  /    A nd           | Web:      www.OpenFOAM.org                      |
|    \\/     M anipulation  |                                                 |
\*---------------------------------------------------------------------------*/
FoamFile
{
    version     2.0;
    format      ascii;
    class       volScalarField;
    location    "0.04";
    object      C4H6;
}
// * * * * * * * * * * * * * * * * * * * * * * * * * * * * * * * * * * * * * //

dimensions      [0 0 0 0 0 0 0];

internalField   nonuniform List<scalar> 
1997
(
1.13244e-09
1.134e-09
1.13539e-09
1.13636e-09
1.13697e-09
1.1374e-09
1.13768e-09
1.13788e-09
1.138e-09
1.13809e-09
1.13814e-09
1.13819e-09
1.1382e-09
1.13823e-09
1.13823e-09
1.13824e-09
1.13824e-09
1.13825e-09
1.1318e-09
1.13332e-09
1.13473e-09
1.13573e-09
1.13638e-09
1.13684e-09
1.13715e-09
1.13736e-09
1.1375e-09
1.1376e-09
1.13766e-09
1.13771e-09
1.13773e-09
1.13776e-09
1.13777e-09
1.13778e-09
1.13778e-09
1.13779e-09
1.13778e-09
1.13778e-09
1.13778e-09
1.13778e-09
1.13778e-09
1.13778e-09
1.13778e-09
1.13778e-09
1.13778e-09
1.13778e-09
1.13196e-09
1.13345e-09
1.13488e-09
1.13591e-09
1.1366e-09
1.13709e-09
1.13744e-09
1.13767e-09
1.13783e-09
1.13795e-09
1.13801e-09
1.13807e-09
1.1381e-09
1.13813e-09
1.13814e-09
1.13815e-09
1.13816e-09
1.13816e-09
1.13815e-09
1.13816e-09
1.13816e-09
1.13816e-09
1.13816e-09
1.13816e-09
1.13816e-09
1.13816e-09
1.13816e-09
1.13816e-09
1.13815e-09
1.13814e-09
1.13815e-09
1.13814e-09
1.13814e-09
1.13814e-09
1.13813e-09
1.13812e-09
1.13811e-09
1.13808e-09
1.13805e-09
1.13799e-09
1.13293e-09
1.13439e-09
1.13586e-09
1.13692e-09
1.13766e-09
1.13819e-09
1.13857e-09
1.13882e-09
1.13901e-09
1.13913e-09
1.13921e-09
1.13927e-09
1.13931e-09
1.13934e-09
1.13936e-09
1.13937e-09
1.13938e-09
1.13938e-09
1.13938e-09
1.13938e-09
1.13938e-09
1.13938e-09
1.13938e-09
1.13938e-09
1.13938e-09
1.13938e-09
1.13938e-09
1.13938e-09
1.13937e-09
1.13937e-09
1.13937e-09
1.13937e-09
1.13936e-09
1.13936e-09
1.13935e-09
1.13934e-09
1.13932e-09
1.13929e-09
1.13925e-09
1.13919e-09
1.1391e-09
1.13898e-09
1.13879e-09
1.13854e-09
1.13816e-09
1.13763e-09
1.13689e-09
1.13583e-09
1.13435e-09
1.1329e-09
1.13474e-09
1.13617e-09
1.1377e-09
1.1388e-09
1.13959e-09
1.14016e-09
1.14058e-09
1.14085e-09
1.14106e-09
1.1412e-09
1.14129e-09
1.14136e-09
1.1414e-09
1.14144e-09
1.14146e-09
1.14148e-09
1.14148e-09
1.14149e-09
1.14148e-09
1.14149e-09
1.14149e-09
1.14149e-09
1.14149e-09
1.14149e-09
1.14149e-09
1.14149e-09
1.14149e-09
1.14149e-09
1.14148e-09
1.14148e-09
1.14147e-09
1.14147e-09
1.14147e-09
1.14146e-09
1.14145e-09
1.14144e-09
1.14142e-09
1.14138e-09
1.14134e-09
1.14127e-09
1.14117e-09
1.14103e-09
1.14082e-09
1.14054e-09
1.14012e-09
1.13956e-09
1.13876e-09
1.13766e-09
1.13613e-09
1.1347e-09
1.13742e-09
1.13884e-09
1.14043e-09
1.14158e-09
1.14244e-09
1.14305e-09
1.14351e-09
1.14381e-09
1.14404e-09
1.1442e-09
1.1443e-09
1.14438e-09
1.14443e-09
1.14446e-09
1.14449e-09
1.14451e-09
1.14452e-09
1.14452e-09
1.14452e-09
1.14452e-09
1.14452e-09
1.14452e-09
1.14453e-09
1.14453e-09
1.14453e-09
1.14453e-09
1.14453e-09
1.14453e-09
1.14452e-09
1.14451e-09
1.14451e-09
1.14451e-09
1.1445e-09
1.1445e-09
1.14449e-09
1.14447e-09
1.14444e-09
1.1444e-09
1.14435e-09
1.14428e-09
1.14417e-09
1.14401e-09
1.14377e-09
1.14347e-09
1.14301e-09
1.1424e-09
1.14154e-09
1.14039e-09
1.1388e-09
1.13739e-09
1.14104e-09
1.14244e-09
1.14411e-09
1.14531e-09
1.14624e-09
1.1469e-09
1.14741e-09
1.14773e-09
1.148e-09
1.14817e-09
1.14829e-09
1.14837e-09
1.14842e-09
1.14847e-09
1.14849e-09
1.14852e-09
1.14853e-09
1.14853e-09
1.14853e-09
1.14854e-09
1.14854e-09
1.14854e-09
1.14854e-09
1.14854e-09
1.14854e-09
1.14854e-09
1.14854e-09
1.14854e-09
1.14853e-09
1.14853e-09
1.14853e-09
1.14852e-09
1.14852e-09
1.14851e-09
1.14849e-09
1.14847e-09
1.14845e-09
1.1484e-09
1.14835e-09
1.14826e-09
1.14814e-09
1.14796e-09
1.1477e-09
1.14737e-09
1.14686e-09
1.1462e-09
1.14528e-09
1.14407e-09
1.14241e-09
1.141e-09
1.14563e-09
1.14703e-09
1.14878e-09
1.15005e-09
1.15105e-09
1.15176e-09
1.15234e-09
1.1527e-09
1.15299e-09
1.15318e-09
1.15331e-09
1.1534e-09
1.15346e-09
1.15351e-09
1.15354e-09
1.15356e-09
1.15358e-09
1.15359e-09
1.15359e-09
1.15359e-09
1.15359e-09
1.1536e-09
1.1536e-09
1.1536e-09
1.1536e-09
1.1536e-09
1.1536e-09
1.1536e-09
1.15359e-09
1.15358e-09
1.15358e-09
1.15358e-09
1.15357e-09
1.15356e-09
1.15354e-09
1.15352e-09
1.15349e-09
1.15344e-09
1.15338e-09
1.15329e-09
1.15315e-09
1.15295e-09
1.15266e-09
1.15231e-09
1.15173e-09
1.15101e-09
1.15002e-09
1.14875e-09
1.14699e-09
1.14559e-09
1.15134e-09
1.15273e-09
1.15459e-09
1.15593e-09
1.15702e-09
1.15779e-09
1.15837e-09
1.15876e-09
1.15908e-09
1.15929e-09
1.15944e-09
1.15954e-09
1.15961e-09
1.15966e-09
1.1597e-09
1.15972e-09
1.15974e-09
1.15975e-09
1.15975e-09
1.15976e-09
1.15976e-09
1.15976e-09
1.15976e-09
1.15976e-09
1.15977e-09
1.15977e-09
1.15977e-09
1.15976e-09
1.15975e-09
1.15975e-09
1.15975e-09
1.15974e-09
1.15974e-09
1.15972e-09
1.1597e-09
1.15968e-09
1.15964e-09
1.15959e-09
1.15952e-09
1.15942e-09
1.15927e-09
1.15905e-09
1.15873e-09
1.15834e-09
1.15776e-09
1.15698e-09
1.1559e-09
1.15456e-09
1.15269e-09
1.1513e-09
1.15811e-09
1.15949e-09
1.16148e-09
1.1629e-09
1.16408e-09
1.16492e-09
1.16558e-09
1.16601e-09
1.16636e-09
1.1666e-09
1.16677e-09
1.16687e-09
1.16696e-09
1.16701e-09
1.16706e-09
1.16708e-09
1.16711e-09
1.16712e-09
1.16712e-09
1.16713e-09
1.16713e-09
1.16713e-09
1.16714e-09
1.16714e-09
1.16714e-09
1.16714e-09
1.16714e-09
1.16714e-09
1.16713e-09
1.16712e-09
1.16712e-09
1.16712e-09
1.16711e-09
1.16709e-09
1.16706e-09
1.16704e-09
1.16699e-09
1.16694e-09
1.16686e-09
1.16675e-09
1.16658e-09
1.16633e-09
1.16598e-09
1.16555e-09
1.16488e-09
1.16405e-09
1.16287e-09
1.16145e-09
1.15946e-09
1.15808e-09
1.16612e-09
1.16769e-09
1.16984e-09
1.17135e-09
1.17264e-09
1.17355e-09
1.17428e-09
1.17475e-09
1.17513e-09
1.17541e-09
1.1756e-09
1.17571e-09
1.1758e-09
1.17586e-09
1.17592e-09
1.17594e-09
1.17598e-09
1.17599e-09
1.176e-09
1.176e-09
1.176e-09
1.17601e-09
1.17601e-09
1.17601e-09
1.17601e-09
1.17601e-09
1.17601e-09
1.17601e-09
1.176e-09
1.176e-09
1.17599e-09
1.17599e-09
1.17597e-09
1.17595e-09
1.17592e-09
1.1759e-09
1.17585e-09
1.17579e-09
1.1757e-09
1.17558e-09
1.17539e-09
1.17511e-09
1.17473e-09
1.17426e-09
1.17352e-09
1.17261e-09
1.17132e-09
1.16981e-09
1.16766e-09
1.16609e-09
1.17558e-09
1.17705e-09
1.17939e-09
1.18101e-09
1.18241e-09
1.18341e-09
1.18422e-09
1.18473e-09
1.18514e-09
1.18545e-09
1.18567e-09
1.18579e-09
1.18589e-09
1.18595e-09
1.18602e-09
1.18603e-09
1.18608e-09
1.1861e-09
1.18611e-09
1.18611e-09
1.18612e-09
1.18612e-09
1.18612e-09
1.18613e-09
1.18613e-09
1.18613e-09
1.18613e-09
1.18612e-09
1.18611e-09
1.18611e-09
1.1861e-09
1.1861e-09
1.18609e-09
1.18605e-09
1.18602e-09
1.18601e-09
1.18594e-09
1.18588e-09
1.18578e-09
1.18564e-09
1.18544e-09
1.18512e-09
1.1847e-09
1.18419e-09
1.18338e-09
1.18238e-09
1.18098e-09
1.17936e-09
1.17702e-09
1.17555e-09
1.18637e-09
1.1879e-09
1.19048e-09
1.19223e-09
1.19377e-09
1.19486e-09
1.19574e-09
1.1963e-09
1.19674e-09
1.19711e-09
1.19734e-09
1.19749e-09
1.19758e-09
1.19765e-09
1.19774e-09
1.19774e-09
1.19779e-09
1.19782e-09
1.19784e-09
1.19784e-09
1.19785e-09
1.19785e-09
1.19785e-09
1.19786e-09
1.19786e-09
1.19786e-09
1.19786e-09
1.19786e-09
1.19785e-09
1.19784e-09
1.19783e-09
1.19783e-09
1.19781e-09
1.19775e-09
1.19774e-09
1.19773e-09
1.19765e-09
1.19758e-09
1.19748e-09
1.1973e-09
1.19709e-09
1.19673e-09
1.19627e-09
1.19571e-09
1.19483e-09
1.19374e-09
1.1922e-09
1.19045e-09
1.18787e-09
1.18634e-09
1.1991e-09
1.20069e-09
1.20326e-09
1.20515e-09
1.20684e-09
1.20804e-09
1.20899e-09
1.20961e-09
1.21009e-09
1.21053e-09
1.21076e-09
1.21095e-09
1.21105e-09
1.21112e-09
1.21123e-09
1.21122e-09
1.21125e-09
1.21132e-09
1.21134e-09
1.21134e-09
1.21135e-09
1.21135e-09
1.21136e-09
1.21136e-09
1.21136e-09
1.21136e-09
1.21136e-09
1.21136e-09
1.21135e-09
1.21135e-09
1.21133e-09
1.21133e-09
1.21131e-09
1.21121e-09
1.21123e-09
1.21122e-09
1.21113e-09
1.21106e-09
1.21095e-09
1.21071e-09
1.21048e-09
1.21007e-09
1.20958e-09
1.20896e-09
1.20801e-09
1.20681e-09
1.20512e-09
1.20323e-09
1.20066e-09
1.19907e-09
1.21332e-09
1.215e-09
1.21786e-09
1.21995e-09
1.22182e-09
1.22316e-09
1.22423e-09
1.22493e-09
1.22545e-09
1.22604e-09
1.22621e-09
1.22652e-09
1.22663e-09
1.22671e-09
1.22682e-09
1.22682e-09
1.22676e-09
1.22692e-09
1.22694e-09
1.22694e-09
1.22696e-09
1.22696e-09
1.22697e-09
1.22697e-09
1.22697e-09
1.22697e-09
1.22697e-09
1.22697e-09
1.22695e-09
1.22695e-09
1.22694e-09
1.22693e-09
1.22691e-09
1.22672e-09
1.22683e-09
1.22681e-09
1.22672e-09
1.22664e-09
1.22651e-09
1.22616e-09
1.2259e-09
1.22543e-09
1.2249e-09
1.2242e-09
1.22313e-09
1.22179e-09
1.21992e-09
1.21783e-09
1.21497e-09
1.21329e-09
1.22995e-09
1.23174e-09
1.23494e-09
1.2373e-09
1.2394e-09
1.24088e-09
1.24204e-09
1.24282e-09
1.24338e-09
1.24374e-09
1.24416e-09
1.24419e-09
1.24438e-09
1.24447e-09
1.24453e-09
1.24459e-09
1.24477e-09
1.24464e-09
1.24466e-09
1.24467e-09
1.24468e-09
1.24468e-09
1.24469e-09
1.24469e-09
1.24469e-09
1.24469e-09
1.24469e-09
1.24469e-09
1.24468e-09
1.24467e-09
1.24466e-09
1.24466e-09
1.24463e-09
1.24479e-09
1.24453e-09
1.24452e-09
1.24441e-09
1.24432e-09
1.24419e-09
1.24417e-09
1.24382e-09
1.24335e-09
1.24279e-09
1.24201e-09
1.24085e-09
1.23937e-09
1.23727e-09
1.23491e-09
1.23171e-09
1.22992e-09
1.24903e-09
1.25098e-09
1.25452e-09
1.25665e-09
1.259e-09
1.26064e-09
1.26192e-09
1.26278e-09
1.26339e-09
1.2639e-09
1.26426e-09
1.26446e-09
1.26465e-09
1.26475e-09
1.2648e-09
1.26489e-09
1.26494e-09
1.2649e-09
1.26493e-09
1.26493e-09
1.26495e-09
1.26495e-09
1.26496e-09
1.26497e-09
1.26497e-09
1.26497e-09
1.26497e-09
1.26497e-09
1.26495e-09
1.26495e-09
1.26493e-09
1.26492e-09
1.26489e-09
1.26496e-09
1.26487e-09
1.26477e-09
1.26472e-09
1.26462e-09
1.26442e-09
1.26428e-09
1.2639e-09
1.26335e-09
1.26275e-09
1.26189e-09
1.26061e-09
1.25897e-09
1.25662e-09
1.25449e-09
1.25094e-09
1.249e-09
1.27031e-09
1.27242e-09
1.27639e-09
1.27898e-09
1.28143e-09
1.28325e-09
1.28466e-09
1.28561e-09
1.28628e-09
1.2869e-09
1.28728e-09
1.28753e-09
1.28773e-09
1.28784e-09
1.28792e-09
1.28799e-09
1.28803e-09
1.28803e-09
1.28806e-09
1.28807e-09
1.28809e-09
1.28809e-09
1.2881e-09
1.28811e-09
1.28811e-09
1.28811e-09
1.28811e-09
1.2881e-09
1.28809e-09
1.28808e-09
1.28806e-09
1.28805e-09
1.28802e-09
1.28805e-09
1.28797e-09
1.28789e-09
1.28782e-09
1.28771e-09
1.2875e-09
1.28729e-09
1.28688e-09
1.28624e-09
1.28558e-09
1.28463e-09
1.28322e-09
1.2814e-09
1.27895e-09
1.27635e-09
1.27239e-09
1.27028e-09
1.29465e-09
1.29697e-09
1.30142e-09
1.30431e-09
1.30713e-09
1.3092e-09
1.31079e-09
1.31187e-09
1.31262e-09
1.31339e-09
1.31382e-09
1.3141e-09
1.31432e-09
1.31444e-09
1.31455e-09
1.31462e-09
1.31467e-09
1.31468e-09
1.31472e-09
1.31472e-09
1.31475e-09
1.31475e-09
1.31476e-09
1.31477e-09
1.31477e-09
1.31477e-09
1.31477e-09
1.31477e-09
1.31475e-09
1.31474e-09
1.31472e-09
1.31471e-09
1.31467e-09
1.31467e-09
1.3146e-09
1.31453e-09
1.31443e-09
1.31431e-09
1.31408e-09
1.31381e-09
1.31335e-09
1.31258e-09
1.31184e-09
1.31076e-09
1.30917e-09
1.3071e-09
1.30428e-09
1.30138e-09
1.29694e-09
1.29461e-09
1.32246e-09
1.32504e-09
1.33007e-09
1.3333e-09
1.33647e-09
1.33879e-09
1.34054e-09
1.34175e-09
1.34257e-09
1.34349e-09
1.34398e-09
1.3443e-09
1.34454e-09
1.34467e-09
1.34481e-09
1.34487e-09
1.34494e-09
1.34496e-09
1.345e-09
1.34501e-09
1.34504e-09
1.34504e-09
1.34506e-09
1.34506e-09
1.34507e-09
1.34507e-09
1.34506e-09
1.34506e-09
1.34504e-09
1.34503e-09
1.345e-09
1.34499e-09
1.34495e-09
1.34494e-09
1.34486e-09
1.34479e-09
1.34466e-09
1.34453e-09
1.34428e-09
1.34397e-09
1.34346e-09
1.34253e-09
1.34172e-09
1.34051e-09
1.33876e-09
1.33643e-09
1.33326e-09
1.33004e-09
1.32501e-09
1.32242e-09
1.35454e-09
1.35735e-09
1.36311e-09
1.36672e-09
1.37033e-09
1.37299e-09
1.37496e-09
1.37633e-09
1.37725e-09
1.37842e-09
1.37898e-09
1.37933e-09
1.37961e-09
1.37976e-09
1.37992e-09
1.37998e-09
1.38006e-09
1.38008e-09
1.38013e-09
1.38014e-09
1.38017e-09
1.38017e-09
1.38019e-09
1.38019e-09
1.3802e-09
1.3802e-09
1.3802e-09
1.3802e-09
1.38017e-09
1.38017e-09
1.38014e-09
1.38013e-09
1.38007e-09
1.38006e-09
1.37997e-09
1.3799e-09
1.37975e-09
1.3796e-09
1.37932e-09
1.37897e-09
1.37838e-09
1.37722e-09
1.3763e-09
1.37492e-09
1.37296e-09
1.3703e-09
1.36669e-09
1.36308e-09
1.35732e-09
1.35451e-09
1.39208e-09
1.39529e-09
1.40189e-09
1.40597e-09
1.41002e-09
1.41307e-09
1.41524e-09
1.41681e-09
1.41782e-09
1.41821e-09
1.41886e-09
1.41925e-09
1.41957e-09
1.41974e-09
1.41992e-09
1.41999e-09
1.42009e-09
1.42011e-09
1.42017e-09
1.42018e-09
1.42021e-09
1.42022e-09
1.42024e-09
1.42024e-09
1.42025e-09
1.42025e-09
1.42025e-09
1.42024e-09
1.42022e-09
1.42021e-09
1.42017e-09
1.42017e-09
1.4201e-09
1.42008e-09
1.41998e-09
1.41991e-09
1.41973e-09
1.41956e-09
1.41924e-09
1.41884e-09
1.41818e-09
1.41779e-09
1.41678e-09
1.4152e-09
1.41303e-09
1.40999e-09
1.40593e-09
1.40186e-09
1.39526e-09
1.39204e-09
1.43426e-09
1.43791e-09
1.44554e-09
1.45015e-09
1.45471e-09
1.45821e-09
1.46063e-09
1.46241e-09
1.46355e-09
1.46416e-09
1.46491e-09
1.46535e-09
1.46571e-09
1.4659e-09
1.46611e-09
1.46619e-09
1.46631e-09
1.46633e-09
1.46641e-09
1.46641e-09
1.46646e-09
1.46646e-09
1.46648e-09
1.46649e-09
1.4665e-09
1.4665e-09
1.46649e-09
1.46649e-09
1.46646e-09
1.46645e-09
1.46641e-09
1.4664e-09
1.46633e-09
1.4663e-09
1.46618e-09
1.4661e-09
1.46589e-09
1.4657e-09
1.46534e-09
1.46489e-09
1.46413e-09
1.46352e-09
1.46238e-09
1.46059e-09
1.45817e-09
1.45467e-09
1.45012e-09
1.44551e-09
1.43788e-09
1.43422e-09
1.48346e-09
1.48764e-09
1.4966e-09
1.50191e-09
1.50714e-09
1.51126e-09
1.514e-09
1.51607e-09
1.51737e-09
1.51822e-09
1.5191e-09
1.5196e-09
1.52002e-09
1.52023e-09
1.52048e-09
1.52057e-09
1.52071e-09
1.52074e-09
1.52083e-09
1.52083e-09
1.52088e-09
1.52089e-09
1.52092e-09
1.52092e-09
1.52093e-09
1.52094e-09
1.52092e-09
1.52092e-09
1.52089e-09
1.52089e-09
1.52083e-09
1.52082e-09
1.52074e-09
1.5207e-09
1.52056e-09
1.52047e-09
1.52022e-09
1.52001e-09
1.51959e-09
1.51907e-09
1.51819e-09
1.51734e-09
1.51604e-09
1.51395e-09
1.51122e-09
1.50711e-09
1.50187e-09
1.49656e-09
1.4876e-09
1.48343e-09
1.5402e-09
1.54504e-09
1.55549e-09
1.56158e-09
1.56751e-09
1.57229e-09
1.57538e-09
1.57776e-09
1.57924e-09
1.58028e-09
1.5813e-09
1.58188e-09
1.58236e-09
1.5826e-09
1.58289e-09
1.58299e-09
1.58316e-09
1.58319e-09
1.58329e-09
1.5833e-09
1.58336e-09
1.58336e-09
1.5834e-09
1.5834e-09
1.58342e-09
1.58342e-09
1.58341e-09
1.5834e-09
1.58336e-09
1.58336e-09
1.5833e-09
1.58329e-09
1.58319e-09
1.58315e-09
1.58298e-09
1.58288e-09
1.58259e-09
1.58235e-09
1.58187e-09
1.58128e-09
1.58025e-09
1.5792e-09
1.57772e-09
1.57533e-09
1.57225e-09
1.56748e-09
1.56154e-09
1.55545e-09
1.54501e-09
1.54016e-09
1.60637e-09
1.61201e-09
1.62433e-09
1.63135e-09
1.63834e-09
1.64418e-09
1.64784e-09
1.65068e-09
1.65243e-09
1.65373e-09
1.65497e-09
1.65566e-09
1.65623e-09
1.65652e-09
1.65687e-09
1.65699e-09
1.65719e-09
1.65724e-09
1.65736e-09
1.65737e-09
1.65744e-09
1.65745e-09
1.65749e-09
1.65749e-09
1.65751e-09
1.65752e-09
1.6575e-09
1.6575e-09
1.65745e-09
1.65745e-09
1.65737e-09
1.65736e-09
1.65723e-09
1.65719e-09
1.65698e-09
1.65686e-09
1.65651e-09
1.65622e-09
1.65565e-09
1.65494e-09
1.6537e-09
1.65239e-09
1.65064e-09
1.64778e-09
1.64414e-09
1.6383e-09
1.63131e-09
1.62429e-09
1.61198e-09
1.60633e-09
1.68533e-09
1.69215e-09
1.70706e-09
1.71536e-09
1.7235e-09
1.73042e-09
1.73463e-09
1.73794e-09
1.73995e-09
1.74149e-09
1.74297e-09
1.74377e-09
1.74443e-09
1.74477e-09
1.74517e-09
1.74531e-09
1.74555e-09
1.7456e-09
1.74574e-09
1.74576e-09
1.74584e-09
1.74585e-09
1.7459e-09
1.74591e-09
1.74593e-09
1.74593e-09
1.74591e-09
1.74591e-09
1.74586e-09
1.74585e-09
1.74576e-09
1.74575e-09
1.7456e-09
1.74555e-09
1.7453e-09
1.74516e-09
1.74476e-09
1.74442e-09
1.74376e-09
1.74294e-09
1.74146e-09
1.7399e-09
1.7379e-09
1.73456e-09
1.73039e-09
1.72347e-09
1.71532e-09
1.70702e-09
1.69211e-09
1.68529e-09
1.77943e-09
1.78754e-09
1.80286e-09
1.81251e-09
1.82189e-09
1.83011e-09
1.83493e-09
1.83885e-09
1.84115e-09
1.843e-09
1.84476e-09
1.84569e-09
1.84647e-09
1.84686e-09
1.84733e-09
1.84749e-09
1.84778e-09
1.84784e-09
1.84801e-09
1.84802e-09
1.84812e-09
1.84813e-09
1.84819e-09
1.8482e-09
1.84822e-09
1.84822e-09
1.8482e-09
1.8482e-09
1.84814e-09
1.84813e-09
1.84802e-09
1.84801e-09
1.84784e-09
1.84778e-09
1.84749e-09
1.84733e-09
1.84685e-09
1.84646e-09
1.84569e-09
1.84473e-09
1.84296e-09
1.8411e-09
1.8388e-09
1.83487e-09
1.83007e-09
1.82185e-09
1.81247e-09
1.80282e-09
1.7875e-09
1.77939e-09
1.88848e-09
1.89811e-09
1.91713e-09
1.92889e-09
1.94016e-09
1.94887e-09
1.95449e-09
1.95914e-09
1.96181e-09
1.96401e-09
1.96615e-09
1.96723e-09
1.96815e-09
1.9686e-09
1.96917e-09
1.96935e-09
1.96969e-09
1.96976e-09
1.96996e-09
1.96998e-09
1.9701e-09
1.97011e-09
1.97019e-09
1.97019e-09
1.97022e-09
1.97022e-09
1.9702e-09
1.9702e-09
1.97012e-09
1.97011e-09
1.96998e-09
1.96997e-09
1.96976e-09
1.9697e-09
1.96935e-09
1.96916e-09
1.9686e-09
1.96814e-09
1.96724e-09
1.96611e-09
1.96397e-09
1.96175e-09
1.95909e-09
1.95443e-09
1.94883e-09
1.94012e-09
1.92885e-09
1.91709e-09
1.89807e-09
1.88843e-09
2.01889e-09
2.03044e-09
2.05371e-09
2.06754e-09
2.08067e-09
2.09123e-09
2.09784e-09
2.10344e-09
2.10654e-09
2.10917e-09
2.11179e-09
2.11307e-09
2.11415e-09
2.11469e-09
2.11536e-09
2.11557e-09
2.11598e-09
2.11606e-09
2.11631e-09
2.11632e-09
2.11647e-09
2.11648e-09
2.11657e-09
2.11658e-09
2.11661e-09
2.11662e-09
2.11659e-09
2.11659e-09
2.1165e-09
2.11648e-09
2.11633e-09
2.11632e-09
2.11607e-09
2.116e-09
2.11558e-09
2.11536e-09
2.11468e-09
2.11415e-09
2.11308e-09
2.11174e-09
2.10912e-09
2.10648e-09
2.10338e-09
2.09778e-09
2.09118e-09
2.08064e-09
2.0675e-09
2.05366e-09
2.0304e-09
2.01884e-09
2.17587e-09
2.18993e-09
2.2184e-09
2.23483e-09
2.25058e-09
2.26387e-09
2.27203e-09
2.27913e-09
2.2829e-09
2.28617e-09
2.28951e-09
2.29107e-09
2.2924e-09
2.29307e-09
2.29391e-09
2.29417e-09
2.29467e-09
2.29478e-09
2.29509e-09
2.2951e-09
2.29529e-09
2.29531e-09
2.29543e-09
2.29543e-09
2.29547e-09
2.29548e-09
2.29544e-09
2.29544e-09
2.29533e-09
2.29531e-09
2.29512e-09
2.2951e-09
2.29479e-09
2.2947e-09
2.29417e-09
2.29391e-09
2.29307e-09
2.29241e-09
2.2911e-09
2.28945e-09
2.28611e-09
2.28283e-09
2.27906e-09
2.27196e-09
2.26382e-09
2.25054e-09
2.23479e-09
2.21836e-09
2.18989e-09
2.17582e-09
2.36985e-09
2.3876e-09
2.41851e-09
2.43825e-09
2.45699e-09
2.47289e-09
2.48239e-09
2.49145e-09
2.49594e-09
2.49985e-09
2.50402e-09
2.50587e-09
2.50747e-09
2.50825e-09
2.50927e-09
2.50957e-09
2.51018e-09
2.51031e-09
2.51068e-09
2.51069e-09
2.51093e-09
2.51096e-09
2.51109e-09
2.5111e-09
2.51115e-09
2.51116e-09
2.51111e-09
2.51112e-09
2.51098e-09
2.51095e-09
2.51072e-09
2.5107e-09
2.51032e-09
2.51023e-09
2.50958e-09
2.50927e-09
2.50826e-09
2.50748e-09
2.50591e-09
2.50394e-09
2.49978e-09
2.49586e-09
2.49138e-09
2.48231e-09
2.47284e-09
2.45695e-09
2.43821e-09
2.41846e-09
2.38757e-09
2.3698e-09
2.60305e-09
2.62518e-09
2.66485e-09
2.68975e-09
2.71309e-09
2.73274e-09
2.74345e-09
2.75212e-09
2.75753e-09
2.76222e-09
2.76751e-09
2.76968e-09
2.77162e-09
2.77256e-09
2.7738e-09
2.77416e-09
2.7749e-09
2.77505e-09
2.77551e-09
2.77552e-09
2.77581e-09
2.77585e-09
2.77602e-09
2.77602e-09
2.77609e-09
2.77609e-09
2.77604e-09
2.77605e-09
2.77588e-09
2.77584e-09
2.77555e-09
2.77554e-09
2.77508e-09
2.77496e-09
2.77418e-09
2.77381e-09
2.77257e-09
2.77164e-09
2.76976e-09
2.76739e-09
2.76214e-09
2.75744e-09
2.75204e-09
2.74338e-09
2.73269e-09
2.71306e-09
2.68972e-09
2.66482e-09
2.62516e-09
2.60301e-09
2.89086e-09
2.9187e-09
2.96812e-09
2.99859e-09
3.02664e-09
3.05074e-09
3.06353e-09
3.07497e-09
3.08153e-09
3.0872e-09
3.09396e-09
3.09656e-09
3.09893e-09
3.10006e-09
3.10157e-09
3.102e-09
3.10291e-09
3.10309e-09
3.10366e-09
3.10366e-09
3.10402e-09
3.10407e-09
3.10428e-09
3.10428e-09
3.10436e-09
3.10437e-09
3.1043e-09
3.10432e-09
3.10411e-09
3.10406e-09
3.1037e-09
3.1037e-09
3.10312e-09
3.103e-09
3.10202e-09
3.10159e-09
3.10008e-09
3.09896e-09
3.09668e-09
3.09381e-09
3.0871e-09
3.08144e-09
3.07489e-09
3.06346e-09
3.0507e-09
3.02662e-09
2.99857e-09
2.9681e-09
2.91869e-09
2.89082e-09
3.24926e-09
3.28463e-09
3.3488e-09
3.38798e-09
3.42334e-09
3.45431e-09
3.47045e-09
3.48529e-09
3.49351e-09
3.50054e-09
3.50222e-09
3.50534e-09
3.50825e-09
3.50961e-09
3.51149e-09
3.51199e-09
3.51313e-09
3.51333e-09
3.51404e-09
3.51404e-09
3.51448e-09
3.51454e-09
3.51481e-09
3.5148e-09
3.51491e-09
3.51492e-09
3.51483e-09
3.51485e-09
3.51459e-09
3.51454e-09
3.51409e-09
3.51409e-09
3.51338e-09
3.51324e-09
3.51203e-09
3.51151e-09
3.50964e-09
3.50829e-09
3.50552e-09
3.50202e-09
3.50042e-09
3.49342e-09
3.48521e-09
3.47039e-09
3.45429e-09
3.42332e-09
3.38797e-09
3.34879e-09
3.28464e-09
3.24924e-09
3.69989e-09
3.74518e-09
3.82608e-09
3.87493e-09
3.91807e-09
3.95729e-09
3.9771e-09
3.99571e-09
4.0058e-09
4.01444e-09
4.0177e-09
4.0215e-09
4.0251e-09
4.02675e-09
4.02908e-09
4.02968e-09
4.03111e-09
4.03133e-09
4.03222e-09
4.03221e-09
4.03277e-09
4.03283e-09
4.03316e-09
4.03316e-09
4.03329e-09
4.0333e-09
4.03319e-09
4.03322e-09
4.0329e-09
4.03284e-09
4.03228e-09
4.03229e-09
4.03139e-09
4.03124e-09
4.02973e-09
4.02912e-09
4.0268e-09
4.02516e-09
4.02175e-09
4.01743e-09
4.01432e-09
4.00571e-09
3.99565e-09
3.97705e-09
3.95729e-09
3.91807e-09
3.87495e-09
3.82611e-09
3.74523e-09
3.69989e-09
4.27209e-09
4.33093e-09
4.43329e-09
4.49521e-09
4.54855e-09
4.59877e-09
4.62321e-09
4.64673e-09
4.65918e-09
4.66998e-09
4.67492e-09
4.67962e-09
4.68411e-09
4.68612e-09
4.68903e-09
4.68974e-09
4.69155e-09
4.69179e-09
4.69292e-09
4.69289e-09
4.6936e-09
4.69365e-09
4.69407e-09
4.69405e-09
4.69422e-09
4.69424e-09
4.6941e-09
4.69414e-09
4.69373e-09
4.69369e-09
4.69298e-09
4.69301e-09
4.69187e-09
4.6917e-09
4.68982e-09
4.68909e-09
4.68618e-09
4.68419e-09
4.67995e-09
4.67459e-09
4.66985e-09
4.65912e-09
4.64669e-09
4.6232e-09
4.59881e-09
4.54858e-09
4.49527e-09
4.43337e-09
4.33103e-09
4.27212e-09
5.01397e-09
5.09296e-09
5.22529e-09
5.30595e-09
5.37354e-09
5.42451e-09
5.45483e-09
5.48482e-09
5.5003e-09
5.51396e-09
5.52087e-09
5.52675e-09
5.53239e-09
5.53486e-09
5.53851e-09
5.53937e-09
5.54167e-09
5.5419e-09
5.54335e-09
5.54329e-09
5.5442e-09
5.5442e-09
5.54474e-09
5.54471e-09
5.54493e-09
5.54495e-09
5.54477e-09
5.54484e-09
5.54431e-09
5.54432e-09
5.54341e-09
5.54347e-09
5.54201e-09
5.54183e-09
5.53947e-09
5.53859e-09
5.53494e-09
5.53251e-09
5.52717e-09
5.5205e-09
5.51385e-09
5.50029e-09
5.48484e-09
5.45489e-09
5.42462e-09
5.37363e-09
5.30608e-09
5.22546e-09
5.09314e-09
5.01407e-09
5.96484e-09
6.06869e-09
6.23892e-09
6.34296e-09
6.42844e-09
6.49677e-09
6.5347e-09
6.57328e-09
6.59263e-09
6.6101e-09
6.61943e-09
6.62688e-09
6.63402e-09
6.63705e-09
6.64168e-09
6.64271e-09
6.64567e-09
6.64586e-09
6.64773e-09
6.64762e-09
6.6488e-09
6.64871e-09
6.6494e-09
6.64936e-09
6.64964e-09
6.64967e-09
6.64944e-09
6.64953e-09
6.64886e-09
6.64896e-09
6.64779e-09
6.64789e-09
6.64601e-09
6.64583e-09
6.64285e-09
6.64179e-09
6.63717e-09
6.63418e-09
6.62739e-09
6.61904e-09
6.61003e-09
6.59272e-09
6.57339e-09
6.53487e-09
6.497e-09
6.42862e-09
6.34319e-09
6.23922e-09
6.069e-09
5.96503e-09
7.20659e-09
7.3439e-09
7.56505e-09
7.70028e-09
7.8095e-09
7.90012e-09
7.94788e-09
7.99792e-09
8.02225e-09
8.04477e-09
8.05719e-09
8.06672e-09
8.07581e-09
8.07957e-09
8.08548e-09
8.08673e-09
8.09055e-09
8.09068e-09
8.0931e-09
8.09293e-09
8.09445e-09
8.09423e-09
8.09512e-09
8.09506e-09
8.09543e-09
8.09546e-09
8.09516e-09
8.0953e-09
8.09442e-09
8.09467e-09
8.09315e-09
8.09332e-09
8.09088e-09
8.09069e-09
8.08691e-09
8.08564e-09
8.07973e-09
8.07603e-09
8.06736e-09
8.05678e-09
8.0448e-09
8.02248e-09
7.9982e-09
7.94823e-09
7.90054e-09
7.80981e-09
7.70065e-09
7.56557e-09
7.34439e-09
7.20692e-09
8.83973e-09
9.02192e-09
9.31234e-09
9.49548e-09
9.64111e-09
9.76422e-09
9.82659e-09
9.89352e-09
9.92507e-09
9.95507e-09
9.97184e-09
9.98448e-09
9.99642e-09
1.00013e-08
1.00091e-08
1.00106e-08
1.00157e-08
1.00158e-08
1.0019e-08
1.00187e-08
1.00208e-08
1.00204e-08
1.00216e-08
1.00215e-08
1.0022e-08
1.0022e-08
1.00216e-08
1.00218e-08
1.00206e-08
1.00211e-08
1.0019e-08
1.00193e-08
1.0016e-08
1.00159e-08
1.00109e-08
1.00093e-08
1.00015e-08
9.99672e-09
9.98531e-09
9.97141e-09
9.95528e-09
9.92554e-09
9.89406e-09
9.8272e-09
9.76491e-09
9.64167e-09
9.49604e-09
9.31323e-09
9.02269e-09
8.84028e-09
1.09995e-08
1.12427e-08
1.16229e-08
1.18627e-08
1.20505e-08
1.22125e-08
1.22914e-08
1.23789e-08
1.24188e-08
1.24578e-08
1.24797e-08
)
;

boundaryField
{
    fuel
    {
        type            fixedValue;
        value           nonuniform 0();
    }
    wall
    {
        type            zeroGradient;
    }
    outlet
    {
        type            zeroGradient;
    }
    frontAndBack
    {
        type            empty;
    }
    procBoundary2to0
    {
        type            processor;
        value           nonuniform List<scalar> 
53
(
1.13378e-09
1.13539e-09
1.13677e-09
1.13773e-09
1.1383e-09
1.13871e-09
1.13896e-09
1.13914e-09
1.13924e-09
1.13932e-09
1.13936e-09
1.1394e-09
1.13941e-09
1.13944e-09
1.13944e-09
1.13945e-09
1.13945e-09
1.13945e-09
1.13825e-09
1.13825e-09
1.13825e-09
1.13825e-09
1.13825e-09
1.13825e-09
1.13825e-09
1.13825e-09
1.13825e-09
1.13825e-09
1.13825e-09
1.13778e-09
1.13778e-09
1.13778e-09
1.13778e-09
1.13777e-09
1.13778e-09
1.13777e-09
1.13777e-09
1.13776e-09
1.13775e-09
1.13772e-09
1.1377e-09
1.13765e-09
1.13792e-09
1.13792e-09
1.13781e-09
1.13764e-09
1.13741e-09
1.13707e-09
1.13658e-09
1.13588e-09
1.13486e-09
1.13342e-09
1.13194e-09
)
;
    }
    procBoundary2to3
    {
        type            processor;
        value           nonuniform List<scalar> 
51
(
1.24966e-08
1.2512e-08
1.25181e-08
1.25282e-08
1.25301e-08
1.25367e-08
1.25367e-08
1.25409e-08
1.25405e-08
1.25432e-08
1.25426e-08
1.25441e-08
1.2544e-08
1.25446e-08
1.25447e-08
1.25442e-08
1.25444e-08
1.25429e-08
1.25436e-08
1.25409e-08
1.25413e-08
1.25371e-08
1.25369e-08
1.25305e-08
1.25285e-08
1.25184e-08
1.25124e-08
1.24976e-08
1.24799e-08
1.24588e-08
1.24201e-08
1.23802e-08
1.22928e-08
1.22139e-08
1.20518e-08
1.18634e-08
1.16246e-08
1.12423e-08
1.10004e-08
1.3866e-08
1.41868e-08
1.46911e-08
1.50039e-08
1.5249e-08
1.54619e-08
1.55622e-08
1.5677e-08
1.57276e-08
1.57786e-08
1.24966e-08
1.58073e-08
)
;
    }
}


// ************************************************************************* //
