/*--------------------------------*- C++ -*----------------------------------*\
| =========                 |                                                 |
| \\      /  F ield         | OpenFOAM: The Open Source CFD Toolbox           |
|  \\    /   O peration     | Version:  dev                                   |
|   \\  /    A nd           | Web:      www.OpenFOAM.org                      |
|    \\/     M anipulation  |                                                 |
\*---------------------------------------------------------------------------*/
FoamFile
{
    version     2.0;
    format      ascii;
    class       volScalarField;
    location    "0.015";
    object      A2;
}
// * * * * * * * * * * * * * * * * * * * * * * * * * * * * * * * * * * * * * //

dimensions      [0 0 0 0 0 0 0];

internalField   nonuniform List<scalar> 
1997
(
4.56386e-08
3.78011e-08
3.02847e-08
2.48399e-08
2.1255e-08
1.89613e-08
1.748e-08
1.64419e-08
1.55599e-08
1.4846e-08
1.42902e-08
1.38695e-08
1.34802e-08
1.30973e-08
1.27337e-08
1.24011e-08
1.21199e-08
1.18688e-08
4.71263e-08
3.89507e-08
3.11563e-08
2.55351e-08
2.18535e-08
1.9507e-08
1.79969e-08
1.69405e-08
1.60253e-08
1.52959e-08
1.47209e-08
1.4281e-08
1.38801e-08
1.34804e-08
1.30973e-08
1.27454e-08
1.24475e-08
1.21807e-08
1.19759e-08
1.18005e-08
1.16627e-08
1.15603e-08
1.14874e-08
1.14425e-08
1.14202e-08
1.14197e-08
1.14412e-08
1.14862e-08
4.8704e-08
4.01817e-08
3.2099e-08
2.62945e-08
2.25123e-08
2.01108e-08
1.85701e-08
1.74828e-08
1.65415e-08
1.57951e-08
1.51994e-08
1.4739e-08
1.43225e-08
1.39034e-08
1.35115e-08
1.31387e-08
1.2823e-08
1.25397e-08
1.23212e-08
1.2134e-08
1.19841e-08
1.18746e-08
1.17977e-08
1.17499e-08
1.17262e-08
1.17257e-08
1.17484e-08
1.17963e-08
1.18714e-08
1.19795e-08
1.21279e-08
1.23126e-08
1.253e-08
1.28106e-08
1.31275e-08
1.34983e-08
1.38904e-08
1.43087e-08
1.47243e-08
1.51917e-08
5.03959e-08
4.15481e-08
3.31167e-08
2.71222e-08
2.32356e-08
2.07766e-08
1.92037e-08
1.80791e-08
1.71152e-08
1.63466e-08
1.57285e-08
1.52436e-08
1.48112e-08
1.43714e-08
1.39579e-08
1.35632e-08
1.32427e-08
1.29418e-08
1.27102e-08
1.2513e-08
1.23531e-08
1.22369e-08
1.21549e-08
1.21033e-08
1.20778e-08
1.20772e-08
1.21016e-08
1.21533e-08
1.22329e-08
1.23482e-08
1.25063e-08
1.2701e-08
1.29307e-08
1.32299e-08
1.35516e-08
1.39431e-08
1.43573e-08
1.47961e-08
1.52275e-08
1.572e-08
1.63411e-08
1.71164e-08
1.80714e-08
1.92173e-08
2.08107e-08
2.32851e-08
2.72018e-08
3.3253e-08
4.17234e-08
5.06744e-08
5.22256e-08
4.29956e-08
3.42444e-08
2.80228e-08
2.40277e-08
2.15072e-08
1.99029e-08
1.87318e-08
1.77423e-08
1.69727e-08
1.63266e-08
1.57985e-08
1.53484e-08
1.48862e-08
1.4449e-08
1.40321e-08
1.36927e-08
1.33733e-08
1.31282e-08
1.29206e-08
1.27633e-08
1.26402e-08
1.25535e-08
1.24981e-08
1.24711e-08
1.24705e-08
1.24963e-08
1.25518e-08
1.26358e-08
1.27582e-08
1.29135e-08
1.31184e-08
1.3361e-08
1.36794e-08
1.40195e-08
1.44334e-08
1.48711e-08
1.53321e-08
1.5781e-08
1.63173e-08
1.69668e-08
1.77432e-08
1.8742e-08
1.99181e-08
2.15391e-08
2.40766e-08
2.81075e-08
3.43651e-08
4.31309e-08
5.24731e-08
5.41606e-08
4.45472e-08
3.54777e-08
2.90314e-08
2.49143e-08
2.23319e-08
2.06979e-08
1.94435e-08
1.84291e-08
1.76392e-08
1.69851e-08
1.64219e-08
1.59393e-08
1.54501e-08
1.49874e-08
1.45549e-08
1.41893e-08
1.38482e-08
1.35884e-08
1.33702e-08
1.32026e-08
1.30723e-08
1.29805e-08
1.29212e-08
1.28925e-08
1.28918e-08
1.29192e-08
1.29787e-08
1.30675e-08
1.31972e-08
1.33627e-08
1.3578e-08
1.38348e-08
1.41753e-08
1.4541e-08
1.49709e-08
1.54337e-08
1.59212e-08
1.64027e-08
1.69749e-08
1.76327e-08
1.84296e-08
1.94526e-08
2.07074e-08
2.23608e-08
2.4962e-08
2.91126e-08
3.55703e-08
4.46894e-08
5.43719e-08
5.62039e-08
4.61556e-08
3.68084e-08
3.01404e-08
2.58572e-08
2.32075e-08
2.15414e-08
2.0244e-08
1.91781e-08
1.8367e-08
1.76814e-08
1.71063e-08
1.66001e-08
1.60688e-08
1.55748e-08
1.5117e-08
1.47301e-08
1.43821e-08
1.41039e-08
1.38726e-08
1.36914e-08
1.35496e-08
1.34496e-08
1.33858e-08
1.33554e-08
1.33547e-08
1.33837e-08
1.34476e-08
1.35444e-08
1.36857e-08
1.38645e-08
1.40928e-08
1.43675e-08
1.47151e-08
1.51019e-08
1.55574e-08
1.6051e-08
1.65806e-08
1.70857e-08
1.76704e-08
1.83601e-08
1.91783e-08
2.02508e-08
2.15524e-08
2.32343e-08
2.59043e-08
3.02339e-08
3.69088e-08
4.63519e-08
5.64298e-08
5.82863e-08
4.78627e-08
3.81854e-08
3.13473e-08
2.69042e-08
2.41752e-08
2.24915e-08
2.11192e-08
2.00198e-08
1.91576e-08
1.84536e-08
1.78268e-08
1.72962e-08
1.67359e-08
1.62127e-08
1.5733e-08
1.53185e-08
1.4949e-08
1.46538e-08
1.44109e-08
1.42352e-08
1.40852e-08
1.39782e-08
1.39086e-08
1.38758e-08
1.38751e-08
1.39063e-08
1.39759e-08
1.40796e-08
1.42291e-08
1.44025e-08
1.46422e-08
1.49332e-08
1.53025e-08
1.57154e-08
1.61942e-08
1.6717e-08
1.72753e-08
1.78048e-08
1.84419e-08
1.91503e-08
2.00174e-08
2.11252e-08
2.25047e-08
2.4206e-08
2.69525e-08
3.14181e-08
3.82928e-08
4.8055e-08
5.85252e-08
6.05054e-08
4.97146e-08
3.96618e-08
3.26214e-08
2.80607e-08
2.52523e-08
2.34839e-08
2.20713e-08
2.09326e-08
2.0013e-08
1.92717e-08
1.86051e-08
1.8048e-08
1.74567e-08
1.69021e-08
1.63939e-08
1.59557e-08
1.55632e-08
1.52503e-08
1.49949e-08
1.48088e-08
1.46508e-08
1.45368e-08
1.44617e-08
1.44268e-08
1.4426e-08
1.44592e-08
1.45344e-08
1.46448e-08
1.48024e-08
1.4986e-08
1.52381e-08
1.55461e-08
1.59387e-08
1.63752e-08
1.68825e-08
1.74366e-08
1.80256e-08
1.85818e-08
1.92592e-08
2.00054e-08
2.09298e-08
2.2077e-08
2.34998e-08
2.52816e-08
2.81088e-08
3.26934e-08
3.97828e-08
4.99055e-08
6.07581e-08
6.27938e-08
5.16256e-08
4.12894e-08
3.40033e-08
2.93142e-08
2.64213e-08
2.45654e-08
2.31034e-08
2.1886e-08
2.09372e-08
2.01515e-08
1.94596e-08
1.8856e-08
1.82316e-08
1.76435e-08
1.71054e-08
1.66424e-08
1.62256e-08
1.5894e-08
1.56252e-08
1.54288e-08
1.52631e-08
1.51414e-08
1.50601e-08
1.5023e-08
1.50221e-08
1.50574e-08
1.51388e-08
1.52569e-08
1.5422e-08
1.56159e-08
1.58813e-08
1.62096e-08
1.66242e-08
1.70855e-08
1.76229e-08
1.82104e-08
1.88323e-08
1.94345e-08
2.0138e-08
2.09283e-08
2.18827e-08
2.3109e-08
2.45779e-08
2.64492e-08
2.93624e-08
3.40797e-08
4.14221e-08
5.1818e-08
6.3058e-08
6.52088e-08
5.3686e-08
4.29698e-08
3.54526e-08
3.0615e-08
2.76379e-08
2.57143e-08
2.41797e-08
2.29306e-08
2.19261e-08
2.10939e-08
2.03551e-08
1.97232e-08
1.90669e-08
1.84435e-08
1.78676e-08
1.73822e-08
1.69366e-08
1.6585e-08
1.63021e-08
1.60955e-08
1.59228e-08
1.57924e-08
1.57043e-08
1.56648e-08
1.56639e-08
1.57014e-08
1.57898e-08
1.59166e-08
1.60884e-08
1.62923e-08
1.65718e-08
1.69193e-08
1.7362e-08
1.78467e-08
1.8421e-08
1.90436e-08
1.96969e-08
2.03288e-08
2.10791e-08
2.19178e-08
2.29259e-08
2.41857e-08
2.57284e-08
2.76647e-08
3.06639e-08
3.55337e-08
4.3109e-08
5.38836e-08
6.54844e-08
6.77726e-08
5.57981e-08
4.47684e-08
3.69988e-08
3.20121e-08
2.8946e-08
2.69599e-08
2.53682e-08
2.40292e-08
2.29884e-08
2.21209e-08
2.1334e-08
2.06692e-08
1.99762e-08
1.93141e-08
1.87015e-08
1.81681e-08
1.76952e-08
1.73429e-08
1.70444e-08
1.68086e-08
1.66296e-08
1.65069e-08
1.64108e-08
1.63685e-08
1.63674e-08
1.64076e-08
1.65043e-08
1.66237e-08
1.68011e-08
1.7034e-08
1.73292e-08
1.76772e-08
1.81466e-08
1.86792e-08
1.92903e-08
1.99514e-08
2.06413e-08
2.13063e-08
2.21037e-08
2.29804e-08
2.40236e-08
2.53743e-08
2.69741e-08
2.8972e-08
3.2062e-08
3.70837e-08
4.49151e-08
5.60012e-08
6.80526e-08
7.03512e-08
5.80558e-08
4.66522e-08
3.86447e-08
3.3507e-08
3.03468e-08
2.82688e-08
2.66059e-08
2.52254e-08
2.41401e-08
2.32211e-08
2.23778e-08
2.16745e-08
2.09419e-08
2.02385e-08
1.95915e-08
1.90279e-08
1.85166e-08
1.81281e-08
1.78147e-08
1.75672e-08
1.73822e-08
1.72515e-08
1.71704e-08
1.71251e-08
1.7124e-08
1.71669e-08
1.72488e-08
1.73763e-08
1.75592e-08
1.78038e-08
1.81138e-08
1.84974e-08
1.90052e-08
1.95681e-08
2.02139e-08
2.0916e-08
2.16452e-08
2.23494e-08
2.32016e-08
2.41343e-08
2.52181e-08
2.66125e-08
2.8284e-08
3.03724e-08
3.35583e-08
3.87329e-08
4.68057e-08
5.82669e-08
7.0639e-08
7.30818e-08
6.04475e-08
4.86429e-08
4.03912e-08
3.50999e-08
3.18411e-08
2.96715e-08
2.79623e-08
2.65037e-08
2.53589e-08
2.4383e-08
2.34807e-08
2.27349e-08
2.1961e-08
2.12143e-08
2.05324e-08
1.99104e-08
1.93902e-08
1.89832e-08
1.86499e-08
1.83858e-08
1.81891e-08
1.80469e-08
1.79533e-08
1.79046e-08
1.79034e-08
1.79494e-08
1.80428e-08
1.81828e-08
1.83768e-08
1.86381e-08
1.89677e-08
1.93703e-08
1.98863e-08
2.05082e-08
2.11889e-08
2.1934e-08
2.27044e-08
2.34517e-08
2.43609e-08
2.53573e-08
2.64951e-08
2.79689e-08
2.96861e-08
3.18665e-08
3.51529e-08
4.04828e-08
4.88069e-08
6.06642e-08
7.33827e-08
7.59154e-08
6.29374e-08
5.07979e-08
4.22741e-08
3.68161e-08
3.34478e-08
3.11956e-08
2.94003e-08
2.78526e-08
2.66445e-08
2.55991e-08
2.46402e-08
2.38474e-08
2.30308e-08
2.2239e-08
2.14916e-08
2.08545e-08
2.03144e-08
1.98836e-08
1.95347e-08
1.92579e-08
1.90294e-08
1.88801e-08
1.87914e-08
1.87446e-08
1.87434e-08
1.8788e-08
1.88765e-08
1.90226e-08
1.92481e-08
1.95224e-08
1.98658e-08
2.02938e-08
2.08284e-08
2.14675e-08
2.2213e-08
2.30028e-08
2.38159e-08
2.46108e-08
2.55781e-08
2.66418e-08
2.78457e-08
2.94073e-08
3.12107e-08
3.34777e-08
3.68703e-08
4.23692e-08
5.09734e-08
6.31584e-08
7.62243e-08
7.87254e-08
6.54261e-08
5.30596e-08
4.43001e-08
3.86741e-08
3.51269e-08
3.27989e-08
3.0918e-08
2.92666e-08
2.79526e-08
2.68697e-08
2.58492e-08
2.50085e-08
2.41151e-08
2.32784e-08
2.2511e-08
2.18535e-08
2.12812e-08
2.08267e-08
2.04349e-08
2.01455e-08
1.99214e-08
1.97709e-08
1.96791e-08
1.96308e-08
1.96297e-08
1.96756e-08
1.97676e-08
1.99143e-08
2.01353e-08
2.04222e-08
2.08056e-08
2.12601e-08
2.18264e-08
2.24836e-08
2.32517e-08
2.40862e-08
2.49762e-08
2.5819e-08
2.68515e-08
2.79488e-08
2.92616e-08
3.09258e-08
3.28148e-08
3.5158e-08
3.87303e-08
4.4399e-08
5.32487e-08
6.56524e-08
7.90415e-08
8.15864e-08
6.80538e-08
5.54158e-08
4.6428e-08
4.05566e-08
3.69378e-08
3.44293e-08
3.24572e-08
3.06941e-08
2.93215e-08
2.81541e-08
2.70673e-08
2.61784e-08
2.52386e-08
2.43563e-08
2.35506e-08
2.28621e-08
2.2258e-08
2.17804e-08
2.13714e-08
2.10702e-08
2.08382e-08
2.06808e-08
2.0582e-08
2.05306e-08
2.05294e-08
2.05783e-08
2.06774e-08
2.08305e-08
2.10594e-08
2.13585e-08
2.17568e-08
2.22363e-08
2.2834e-08
2.35227e-08
2.4329e-08
2.52089e-08
2.61454e-08
2.70364e-08
2.81375e-08
2.93111e-08
3.06909e-08
3.24662e-08
3.44462e-08
3.69695e-08
4.06148e-08
4.65308e-08
5.56216e-08
6.82892e-08
8.19089e-08
8.44833e-08
7.0687e-08
5.78597e-08
4.85655e-08
4.25241e-08
3.88349e-08
3.61345e-08
3.4058e-08
3.21705e-08
3.0728e-08
2.94826e-08
2.83236e-08
2.73832e-08
2.63956e-08
2.54674e-08
2.46229e-08
2.39028e-08
2.32669e-08
2.27671e-08
2.23472e-08
2.20309e-08
2.17866e-08
2.16222e-08
2.15168e-08
2.14624e-08
2.1461e-08
2.15127e-08
2.16185e-08
2.17785e-08
2.20194e-08
2.2334e-08
2.27418e-08
2.32446e-08
2.3874e-08
2.45945e-08
2.54395e-08
2.63653e-08
2.73497e-08
2.82918e-08
2.9466e-08
3.07158e-08
3.21694e-08
3.40686e-08
3.61523e-08
3.88686e-08
4.25845e-08
4.8672e-08
5.79889e-08
7.09278e-08
8.48118e-08
8.73986e-08
7.3369e-08
6.02867e-08
5.08505e-08
4.46502e-08
4.08033e-08
3.79584e-08
3.5765e-08
3.36874e-08
3.21723e-08
3.08477e-08
2.96357e-08
2.86358e-08
2.75797e-08
2.66058e-08
2.57334e-08
2.49772e-08
2.43055e-08
2.3785e-08
2.33432e-08
2.30156e-08
2.27619e-08
2.25904e-08
2.24787e-08
2.24214e-08
2.242e-08
2.24742e-08
2.25864e-08
2.27532e-08
2.3004e-08
2.333e-08
2.37577e-08
2.42821e-08
2.49475e-08
2.57039e-08
2.65772e-08
2.7549e-08
2.86007e-08
2.96008e-08
3.08297e-08
3.21557e-08
3.36894e-08
3.57786e-08
3.79771e-08
4.08394e-08
4.47126e-08
5.09602e-08
6.04287e-08
7.36148e-08
8.7732e-08
9.03555e-08
7.61324e-08
6.27734e-08
5.31405e-08
4.68469e-08
4.28371e-08
3.98582e-08
3.74668e-08
3.52332e-08
3.36451e-08
3.22412e-08
3.09888e-08
2.98903e-08
2.87837e-08
2.77642e-08
2.68534e-08
2.60651e-08
2.53619e-08
2.48215e-08
2.43608e-08
2.40221e-08
2.37585e-08
2.35802e-08
2.34625e-08
2.34026e-08
2.3401e-08
2.34578e-08
2.35758e-08
2.37494e-08
2.40104e-08
2.43474e-08
2.47939e-08
2.53376e-08
2.6035e-08
2.68235e-08
2.77351e-08
2.87526e-08
2.9855e-08
3.09526e-08
3.2252e-08
3.36208e-08
3.52418e-08
3.74816e-08
3.98776e-08
4.28752e-08
4.69117e-08
5.32535e-08
6.29258e-08
7.63852e-08
9.06961e-08
9.33425e-08
7.88677e-08
6.53073e-08
5.5486e-08
4.90315e-08
4.48547e-08
4.17456e-08
3.92464e-08
3.67967e-08
3.51295e-08
3.36545e-08
3.23193e-08
3.1157e-08
2.99997e-08
2.89352e-08
2.79865e-08
2.71776e-08
2.64437e-08
2.58819e-08
2.54016e-08
2.50503e-08
2.47758e-08
2.45899e-08
2.44661e-08
2.44035e-08
2.44018e-08
2.44611e-08
2.45852e-08
2.47662e-08
2.50384e-08
2.53877e-08
2.58536e-08
2.64185e-08
2.71467e-08
2.79563e-08
2.89057e-08
2.99684e-08
3.11215e-08
3.22819e-08
3.3665e-08
3.51373e-08
3.68059e-08
3.92635e-08
4.17667e-08
4.48935e-08
4.90987e-08
5.56011e-08
6.54686e-08
7.91245e-08
9.36862e-08
9.61996e-08
8.15997e-08
6.79152e-08
5.79437e-08
5.12904e-08
4.69554e-08
4.37231e-08
4.10042e-08
3.83762e-08
3.66139e-08
3.50771e-08
3.36554e-08
3.24307e-08
3.12244e-08
3.0115e-08
2.91264e-08
2.82853e-08
2.75214e-08
2.69417e-08
2.6443e-08
2.60811e-08
2.57966e-08
2.56044e-08
2.54756e-08
2.54106e-08
2.54089e-08
2.54704e-08
2.55993e-08
2.57867e-08
2.60691e-08
2.64287e-08
2.69132e-08
2.74954e-08
2.82544e-08
2.90951e-08
3.00843e-08
3.1192e-08
3.23937e-08
3.36171e-08
3.50882e-08
3.66194e-08
3.83872e-08
4.10239e-08
4.37455e-08
4.69983e-08
5.13601e-08
5.806e-08
6.80864e-08
8.18599e-08
9.65456e-08
9.89934e-08
8.43986e-08
7.04971e-08
6.03653e-08
5.35554e-08
4.90471e-08
4.56707e-08
4.27635e-08
3.99593e-08
3.81187e-08
3.65115e-08
3.50235e-08
3.37289e-08
3.2472e-08
3.13182e-08
3.02921e-08
2.94202e-08
2.86254e-08
2.80277e-08
2.75089e-08
2.71362e-08
2.68413e-08
2.66426e-08
2.6509e-08
2.64416e-08
2.64398e-08
2.65034e-08
2.66372e-08
2.68308e-08
2.7124e-08
2.74943e-08
2.7999e-08
2.85986e-08
2.93891e-08
3.02605e-08
3.12872e-08
3.24396e-08
3.36916e-08
3.49842e-08
3.652e-08
3.81227e-08
3.99725e-08
4.27855e-08
4.56955e-08
4.9091e-08
5.36278e-08
6.04832e-08
7.06742e-08
8.46612e-08
9.93407e-08
1.01773e-07
8.7072e-08
7.30725e-08
6.2799e-08
5.58356e-08
5.11483e-08
4.76301e-08
4.4509e-08
4.1576e-08
3.96304e-08
3.79476e-08
3.63834e-08
3.50141e-08
3.37074e-08
3.25109e-08
3.14494e-08
3.05492e-08
2.97262e-08
2.91124e-08
2.85748e-08
2.81933e-08
2.78892e-08
2.76848e-08
2.75469e-08
2.74774e-08
2.74755e-08
2.75411e-08
2.7679e-08
2.78781e-08
2.81808e-08
2.85601e-08
2.90838e-08
2.96985e-08
3.05183e-08
3.14178e-08
3.248e-08
3.36754e-08
3.49771e-08
3.63444e-08
3.79572e-08
3.96353e-08
4.15913e-08
4.45326e-08
4.76594e-08
5.11927e-08
5.59108e-08
6.29195e-08
7.32543e-08
8.73366e-08
1.02122e-07
1.04377e-07
8.97598e-08
7.5628e-08
6.52262e-08
5.81139e-08
5.32458e-08
4.95701e-08
4.62905e-08
4.31743e-08
4.10769e-08
3.93184e-08
3.76815e-08
3.62408e-08
3.48873e-08
3.36511e-08
3.2557e-08
3.16311e-08
3.07824e-08
3.01545e-08
2.96271e-08
2.92386e-08
2.89259e-08
2.87161e-08
2.85745e-08
2.8503e-08
2.8501e-08
2.85684e-08
2.87099e-08
2.89141e-08
2.92256e-08
2.96131e-08
3.01258e-08
3.07537e-08
3.16007e-08
3.25256e-08
3.36205e-08
3.48559e-08
3.62043e-08
3.76433e-08
3.93293e-08
4.10838e-08
4.31925e-08
4.63147e-08
4.96058e-08
5.32907e-08
5.8192e-08
6.53497e-08
7.58142e-08
9.00266e-08
1.04724e-07
1.0685e-07
9.23843e-08
7.82193e-08
6.76854e-08
6.03717e-08
5.53378e-08
5.14785e-08
4.79861e-08
4.46868e-08
4.24917e-08
4.06515e-08
3.89435e-08
3.74328e-08
3.60351e-08
3.47615e-08
3.3637e-08
3.26874e-08
3.18153e-08
3.11749e-08
3.06311e-08
3.02361e-08
2.99162e-08
2.97014e-08
2.95565e-08
2.94832e-08
2.94812e-08
2.95502e-08
2.96948e-08
2.99036e-08
3.02228e-08
3.06178e-08
3.11458e-08
3.17853e-08
3.26579e-08
3.36059e-08
3.47314e-08
3.60045e-08
3.7397e-08
3.89068e-08
4.06637e-08
4.25016e-08
4.47087e-08
4.80143e-08
5.15204e-08
5.5385e-08
6.04527e-08
6.78126e-08
7.84085e-08
9.26517e-08
1.07195e-07
1.09196e-07
9.48177e-08
8.07495e-08
7.01304e-08
6.2589e-08
5.73754e-08
5.33496e-08
4.96336e-08
4.6142e-08
4.38726e-08
4.19643e-08
4.01908e-08
3.86023e-08
3.716e-08
3.58483e-08
3.46938e-08
3.37221e-08
3.28239e-08
3.21726e-08
3.16081e-08
3.12062e-08
3.08804e-08
3.06609e-08
3.05131e-08
3.04383e-08
3.04362e-08
3.05066e-08
3.0654e-08
3.0867e-08
3.11929e-08
3.15956e-08
3.21426e-08
3.27889e-08
3.36948e-08
3.46631e-08
3.58185e-08
3.71299e-08
3.85666e-08
4.0156e-08
4.19774e-08
4.3885e-08
4.61698e-08
4.96655e-08
5.33934e-08
5.74224e-08
6.26731e-08
7.02605e-08
8.09408e-08
9.50852e-08
1.09539e-07
1.11342e-07
9.71226e-08
8.31006e-08
7.24214e-08
6.47592e-08
5.93975e-08
5.5162e-08
5.12238e-08
4.75492e-08
4.52115e-08
4.32269e-08
4.13861e-08
3.97001e-08
3.82194e-08
3.68756e-08
3.56959e-08
3.47049e-08
3.37893e-08
3.31283e-08
3.25496e-08
3.21419e-08
3.1812e-08
3.1588e-08
3.14377e-08
3.13615e-08
3.13594e-08
3.14311e-08
3.15808e-08
3.17976e-08
3.21289e-08
3.25379e-08
3.30973e-08
3.37519e-08
3.46794e-08
3.56659e-08
3.68466e-08
3.81905e-08
3.96653e-08
4.13542e-08
4.32416e-08
4.52279e-08
4.7582e-08
5.12586e-08
5.52109e-08
5.94441e-08
6.48446e-08
7.25539e-08
8.32933e-08
9.73898e-08
1.1168e-07
1.13296e-07
9.9277e-08
8.53379e-08
7.46209e-08
6.68335e-08
6.13078e-08
5.69357e-08
5.27578e-08
4.88727e-08
4.64419e-08
4.43897e-08
4.24858e-08
4.07409e-08
3.92231e-08
3.78503e-08
3.66483e-08
3.56403e-08
3.47107e-08
3.40466e-08
3.34565e-08
3.30429e-08
3.27075e-08
3.24798e-08
3.2327e-08
3.22496e-08
3.22474e-08
3.23203e-08
3.24723e-08
3.26931e-08
3.30293e-08
3.34451e-08
3.40149e-08
3.46702e-08
3.56175e-08
3.66192e-08
3.78223e-08
3.91953e-08
4.07074e-08
4.2457e-08
4.44061e-08
4.64624e-08
4.89124e-08
5.27939e-08
5.69899e-08
6.13549e-08
6.69202e-08
7.47557e-08
8.55314e-08
9.95427e-08
1.13628e-07
1.15063e-07
1.01261e-07
8.744e-08
7.67154e-08
6.88371e-08
6.3178e-08
5.86224e-08
5.41642e-08
5.01335e-08
4.75921e-08
4.5478e-08
4.35132e-08
4.17176e-08
4.01645e-08
3.87662e-08
3.7545e-08
3.6521e-08
3.55838e-08
3.4911e-08
3.43111e-08
3.38934e-08
3.35553e-08
3.33246e-08
3.31701e-08
3.30918e-08
3.30896e-08
3.31634e-08
3.33168e-08
3.35404e-08
3.38799e-08
3.42999e-08
3.48789e-08
3.55376e-08
3.65037e-08
3.7517e-08
3.87393e-08
4.01382e-08
4.16857e-08
4.34876e-08
4.54955e-08
4.76145e-08
5.01757e-08
5.42003e-08
5.86844e-08
6.32244e-08
6.89246e-08
7.68522e-08
8.7634e-08
1.01524e-07
1.15391e-07
1.16625e-07
1.03056e-07
8.94528e-08
7.86707e-08
7.06952e-08
6.48932e-08
6.01313e-08
5.55045e-08
5.12988e-08
4.8652e-08
4.64841e-08
4.44623e-08
4.26243e-08
4.10383e-08
3.96181e-08
3.8381e-08
3.73441e-08
3.64015e-08
3.57213e-08
3.51149e-08
3.46934e-08
3.43537e-08
3.41206e-08
3.39649e-08
3.38858e-08
3.38835e-08
3.39582e-08
3.41125e-08
3.43384e-08
3.468e-08
3.51039e-08
3.56891e-08
3.63513e-08
3.7331e-08
3.83542e-08
3.95924e-08
4.10134e-08
4.25943e-08
4.44399e-08
4.65027e-08
4.8679e-08
5.13486e-08
5.55399e-08
6.02023e-08
6.49385e-08
7.07842e-08
7.88095e-08
8.96473e-08
1.03316e-07
1.16946e-07
1.17907e-07
1.04684e-07
9.12293e-08
8.04906e-08
7.24254e-08
6.64893e-08
6.1524e-08
5.67128e-08
5.23693e-08
4.96215e-08
4.7402e-08
4.53295e-08
4.34542e-08
4.18399e-08
4.04018e-08
3.91522e-08
3.81049e-08
3.71602e-08
3.64742e-08
3.5863e-08
3.54391e-08
3.50985e-08
3.48638e-08
3.47072e-08
3.46276e-08
3.46253e-08
3.47005e-08
3.48554e-08
3.50832e-08
3.54254e-08
3.58519e-08
3.64424e-08
3.71075e-08
3.80947e-08
3.91265e-08
4.03773e-08
4.18166e-08
4.34262e-08
4.53105e-08
4.74219e-08
4.96526e-08
5.24263e-08
5.67464e-08
6.16025e-08
6.65355e-08
7.25165e-08
8.06282e-08
9.1423e-08
1.04941e-07
1.18219e-07
1.18952e-07
1.06056e-07
9.28159e-08
8.21314e-08
7.40536e-08
6.79524e-08
6.27329e-08
5.78105e-08
5.33354e-08
5.04981e-08
4.82274e-08
4.61104e-08
4.42041e-08
4.25659e-08
4.11139e-08
3.98551e-08
3.88008e-08
3.78559e-08
3.71668e-08
3.65517e-08
3.61272e-08
3.57864e-08
3.55508e-08
3.53939e-08
3.53139e-08
3.53116e-08
3.53871e-08
3.55422e-08
3.57713e-08
3.61132e-08
3.65418e-08
3.71343e-08
3.78027e-08
3.8792e-08
3.98308e-08
4.10906e-08
4.25443e-08
4.41785e-08
4.60944e-08
4.82486e-08
5.05329e-08
5.33975e-08
5.7844e-08
6.2822e-08
6.79956e-08
7.41463e-08
8.22703e-08
9.30082e-08
1.06308e-07
1.19257e-07
1.1973e-07
1.07197e-07
9.41992e-08
8.35927e-08
7.54661e-08
6.92752e-08
6.38079e-08
5.88001e-08
5.41657e-08
5.12841e-08
4.89568e-08
4.68024e-08
4.48708e-08
4.32139e-08
4.17521e-08
4.04876e-08
3.94294e-08
3.84861e-08
3.77954e-08
3.718e-08
3.67551e-08
3.64151e-08
3.61792e-08
3.60223e-08
3.59422e-08
3.59399e-08
3.60156e-08
3.61704e-08
3.64e-08
3.67411e-08
3.71699e-08
3.77638e-08
3.84338e-08
3.94212e-08
4.04645e-08
4.173e-08
4.31938e-08
4.48477e-08
4.67894e-08
4.89793e-08
5.13214e-08
5.42316e-08
5.88382e-08
6.39024e-08
6.93142e-08
7.55605e-08
8.37326e-08
9.43897e-08
1.07444e-07
1.20026e-07
1.20248e-07
1.081e-07
9.53988e-08
8.48927e-08
7.67326e-08
7.04134e-08
6.47514e-08
5.96351e-08
5.48965e-08
5.19572e-08
4.95881e-08
4.74036e-08
4.54529e-08
4.37822e-08
4.23149e-08
4.10481e-08
3.99895e-08
3.90494e-08
3.83599e-08
3.77446e-08
3.73213e-08
3.69828e-08
3.67473e-08
3.65909e-08
3.65109e-08
3.65086e-08
3.65842e-08
3.67384e-08
3.69679e-08
3.73072e-08
3.77358e-08
3.83279e-08
3.89994e-08
3.99804e-08
4.10264e-08
4.2294e-08
4.37638e-08
4.54323e-08
4.73936e-08
4.96119e-08
5.19974e-08
5.49637e-08
5.96876e-08
6.48547e-08
7.04464e-08
7.68288e-08
8.50334e-08
9.55872e-08
1.08341e-07
1.20534e-07
1.20505e-07
1.08759e-07
9.63491e-08
8.59643e-08
7.77915e-08
7.13593e-08
6.55443e-08
6.037e-08
5.55005e-08
5.25243e-08
5.01204e-08
4.79133e-08
4.59497e-08
4.42704e-08
4.28018e-08
4.1536e-08
4.04804e-08
3.95449e-08
3.88585e-08
3.82459e-08
3.78248e-08
3.74887e-08
3.72542e-08
3.70986e-08
3.70189e-08
3.70166e-08
3.7092e-08
3.72452e-08
3.74738e-08
3.78108e-08
3.82387e-08
3.88258e-08
3.94986e-08
4.04693e-08
4.15156e-08
4.2782e-08
4.42536e-08
4.59316e-08
4.79063e-08
5.01454e-08
5.25664e-08
5.55675e-08
6.04307e-08
6.56561e-08
7.13851e-08
7.78894e-08
8.61055e-08
9.65351e-08
1.08994e-07
1.20781e-07
1.20503e-07
1.09171e-07
9.70734e-08
8.68294e-08
7.86637e-08
7.21557e-08
6.6167e-08
6.09477e-08
5.60081e-08
5.29806e-08
5.05569e-08
4.83318e-08
4.63615e-08
4.46786e-08
4.32132e-08
4.19514e-08
4.09022e-08
3.99724e-08
3.92915e-08
3.86831e-08
3.82654e-08
3.79324e-08
3.76996e-08
3.75452e-08
3.74659e-08
3.74636e-08
3.75386e-08
3.76906e-08
3.79177e-08
3.82514e-08
3.8677e-08
3.92587e-08
3.99309e-08
4.08883e-08
4.19325e-08
4.31944e-08
4.46634e-08
4.63459e-08
4.83275e-08
5.05826e-08
5.30247e-08
5.60695e-08
6.10165e-08
6.63041e-08
7.21606e-08
7.87636e-08
8.69709e-08
9.72566e-08
1.094e-07
1.20768e-07
1.20244e-07
1.09337e-07
9.75692e-08
8.74844e-08
7.93463e-08
7.27992e-08
6.66241e-08
6.13749e-08
5.64109e-08
5.33301e-08
5.08928e-08
4.86602e-08
4.66893e-08
4.50081e-08
4.35499e-08
4.22952e-08
4.1256e-08
4.03325e-08
3.96603e-08
3.90559e-08
3.86435e-08
3.83144e-08
3.80838e-08
3.7931e-08
3.78523e-08
3.78501e-08
3.79245e-08
3.80748e-08
3.83e-08
3.86296e-08
3.90524e-08
3.96261e-08
4.02959e-08
4.1239e-08
4.22779e-08
4.35321e-08
4.49944e-08
4.66762e-08
4.86586e-08
5.09193e-08
5.33748e-08
5.64651e-08
6.14538e-08
6.67914e-08
7.2778e-08
7.94484e-08
8.76261e-08
9.77494e-08
1.09559e-07
1.20499e-07
1.19736e-07
1.09259e-07
9.78388e-08
8.79304e-08
7.98445e-08
7.32499e-08
6.69518e-08
6.16674e-08
5.66895e-08
5.35718e-08
5.11331e-08
4.89004e-08
4.6935e-08
4.52603e-08
4.38136e-08
4.25686e-08
4.1543e-08
4.06263e-08
3.99647e-08
3.93669e-08
3.89602e-08
3.86356e-08
3.84078e-08
3.82568e-08
3.8179e-08
3.81768e-08
3.82504e-08
3.83987e-08
3.86215e-08
3.89463e-08
3.93646e-08
3.99303e-08
4.05941e-08
4.15235e-08
4.2553e-08
4.37968e-08
4.52482e-08
4.69242e-08
4.89013e-08
5.11603e-08
5.36174e-08
5.67297e-08
6.17631e-08
6.71059e-08
7.32429e-08
7.99498e-08
8.80722e-08
9.80157e-08
1.09474e-07
1.1998e-07
1.18986e-07
1.08944e-07
9.78809e-08
8.81649e-08
8.01471e-08
7.35126e-08
6.71585e-08
6.18259e-08
5.68539e-08
5.37085e-08
5.12804e-08
4.90551e-08
4.7101e-08
4.54377e-08
4.40067e-08
4.27735e-08
4.17625e-08
4.0858e-08
4.02063e-08
3.96174e-08
3.92167e-08
3.88972e-08
3.86727e-08
3.8524e-08
3.84472e-08
3.8445e-08
3.85177e-08
3.86638e-08
3.88835e-08
3.92031e-08
3.9615e-08
4.0173e-08
4.08267e-08
4.1744e-08
4.27598e-08
4.39907e-08
4.5427e-08
4.70925e-08
4.90583e-08
5.13081e-08
5.37551e-08
5.68738e-08
6.19444e-08
6.72916e-08
7.3525e-08
8.02563e-08
8.83066e-08
9.80541e-08
1.09151e-07
1.19219e-07
1.18005e-07
1.08397e-07
9.77021e-08
8.81933e-08
8.02636e-08
7.36007e-08
6.72296e-08
6.18542e-08
5.69106e-08
5.37432e-08
5.13382e-08
4.91274e-08
4.71907e-08
4.55441e-08
4.41336e-08
4.29135e-08
4.19181e-08
4.10322e-08
4.0389e-08
3.98114e-08
3.94171e-08
3.91031e-08
3.88823e-08
3.87361e-08
3.86604e-08
3.86583e-08
3.873e-08
3.88735e-08
3.90897e-08
3.94037e-08
3.98082e-08
4.03575e-08
4.10005e-08
4.19019e-08
4.29022e-08
4.41181e-08
4.55347e-08
4.71844e-08
4.91327e-08
5.13661e-08
5.37913e-08
5.69064e-08
6.19978e-08
6.73506e-08
7.3622e-08
8.0377e-08
8.83347e-08
9.78714e-08
1.08597e-07
1.18226e-07
1.16805e-07
1.0763e-07
9.73094e-08
8.80212e-08
8.01993e-08
7.3558e-08
6.71306e-08
6.17592e-08
5.68669e-08
5.36799e-08
5.13104e-08
)
;

boundaryField
{
    fuel
    {
        type            fixedValue;
        value           nonuniform 0();
    }
    wall
    {
        type            zeroGradient;
    }
    outlet
    {
        type            zeroGradient;
    }
    frontAndBack
    {
        type            empty;
    }
    procBoundary2to0
    {
        type            processor;
        value           nonuniform List<scalar> 
53
(
4.42258e-08
3.66856e-08
2.94705e-08
2.41849e-08
2.07112e-08
1.84554e-08
1.70152e-08
1.59985e-08
1.5142e-08
1.44427e-08
1.38924e-08
1.34908e-08
1.31239e-08
1.27578e-08
1.24122e-08
1.20965e-08
1.18298e-08
1.15928e-08
1.16751e-08
1.16751e-08
1.15082e-08
1.13783e-08
1.12814e-08
1.12122e-08
1.11699e-08
1.11489e-08
1.11485e-08
1.11688e-08
1.1211e-08
1.15577e-08
1.15577e-08
1.16592e-08
1.1796e-08
1.19686e-08
1.21721e-08
1.24347e-08
1.27337e-08
1.30848e-08
1.34683e-08
1.38674e-08
1.42681e-08
1.47135e-08
1.57895e-08
1.57895e-08
1.65412e-08
1.74767e-08
1.85823e-08
2.01217e-08
2.25492e-08
2.63689e-08
3.2223e-08
4.0365e-08
4.89768e-08
)
;
    }
    procBoundary2to3
    {
        type            processor;
        value           nonuniform List<scalar> 
51
(
4.91206e-08
4.72066e-08
4.55809e-08
4.41938e-08
4.29918e-08
4.2014e-08
4.11477e-08
4.05144e-08
3.99507e-08
3.95631e-08
3.92555e-08
3.90391e-08
3.88958e-08
3.88214e-08
3.88193e-08
3.88898e-08
3.90304e-08
3.92426e-08
3.95501e-08
3.99457e-08
4.04859e-08
4.11156e-08
4.20001e-08
4.29816e-08
4.41805e-08
4.5573e-08
4.72026e-08
4.91279e-08
5.13378e-08
5.37291e-08
5.68402e-08
6.19175e-08
6.72423e-08
7.35811e-08
8.03123e-08
8.81538e-08
9.7463e-08
1.07807e-07
1.16997e-07
1.15385e-07
1.06639e-07
9.67012e-08
8.76484e-08
7.99558e-08
7.3336e-08
6.69241e-08
6.15349e-08
5.67155e-08
5.35304e-08
4.91206e-08
5.11993e-08
)
;
    }
}


// ************************************************************************* //
