/*--------------------------------*- C++ -*----------------------------------*\
| =========                 |                                                 |
| \\      /  F ield         | OpenFOAM: The Open Source CFD Toolbox           |
|  \\    /   O peration     | Version:  dev                                   |
|   \\  /    A nd           | Web:      www.OpenFOAM.org                      |
|    \\/     M anipulation  |                                                 |
\*---------------------------------------------------------------------------*/
FoamFile
{
    version     2.0;
    format      ascii;
    class       volScalarField;
    location    "0.19";
    object      C2H4;
}
// * * * * * * * * * * * * * * * * * * * * * * * * * * * * * * * * * * * * * //

dimensions      [0 0 0 0 0 0 0];

internalField   nonuniform List<scalar> 
250
(
4.50912e-05
4.28551e-05
4.2507e-05
4.26032e-05
4.40448e-05
4.42812e-05
4.43869e-05
4.48583e-05
4.46347e-05
4.48669e-05
5.83173e-05
5.72218e-05
5.77237e-05
5.81351e-05
6.0176e-05
6.05232e-05
6.06762e-05
6.13242e-05
6.10077e-05
6.13329e-05
6.21653e-05
5.96671e-05
6.25126e-05
5.8851e-05
6.19108e-05
5.76104e-05
5.88533e-05
5.64927e-05
5.37146e-05
5.83977e-05
7.70713e-05
7.74398e-05
7.8985e-05
7.97479e-05
8.24046e-05
8.28901e-05
8.30825e-05
8.39109e-05
8.34945e-05
8.39212e-05
8.49959e-05
8.17127e-05
8.54588e-05
8.06934e-05
8.47102e-05
7.91353e-05
8.07444e-05
7.73594e-05
7.2913e-05
7.67667e-05
0.000101985
0.000104004
0.000106658
0.000107745
0.000110907
0.000111601
0.00011176
0.000112734
0.000112229
0.00011275
0.00011403
0.000110029
0.000114599
0.000108855
0.000113742
0.000107056
0.000109013
0.000104677
9.85701e-05
0.000101041
0.000132759
0.000136421
0.000139964
0.000141731
0.000145348
0.000145752
0.000145693
0.000146741
0.000146179
0.000146767
0.000148166
0.000144303
0.000148812
0.000143006
0.000147914
0.000140981
0.000143319
0.000137755
0.000130329
0.000130962
0.000167839
0.000172657
0.000176812
0.000178702
0.000182278
0.000182785
0.000182643
0.000183671
0.000183098
0.000183713
0.000185105
0.000181166
0.000185765
0.000179918
0.000184904
0.000177967
0.000180376
0.000174562
0.00016651
0.000166146
0.000204381
0.000209812
0.000214077
0.000215912
0.000219111
0.000219592
0.000219453
0.000220367
0.00021983
0.00022043
0.000221678
0.00021804
0.00022228
0.000216961
0.000221532
0.000215266
0.000217503
0.000212008
0.000204192
0.00020223
0.000238853
0.00024426
0.000248139
0.000249754
0.000252313
0.000252705
0.000252598
0.000253325
0.000252864
0.000253412
0.000254404
0.000251396
0.000254881
0.000250568
0.000254301
0.000249256
0.000251103
0.000246441
0.00023968
0.000236645
0.000267692
0.00027247
0.000275639
0.000276908
0.000278715
0.000278994
0.000278923
0.000279435
0.000279069
0.000279548
0.000280225
0.000278032
0.000280535
0.000277483
0.000280141
0.000276591
0.000277919
0.000274396
0.000269245
0.000265764
0.000288243
0.000292033
0.000294404
0.000295298
0.000296422
0.000296593
0.000296556
0.000296878
0.000296598
0.000297014
0.000297392
0.000295995
0.000297532
0.000295689
0.000297301
0.000295153
0.000295966
0.000293574
0.000290155
0.000286792
0.000299819
0.000302626
0.00030432
0.000304912
0.000305565
0.000305661
0.00030565
0.000305845
0.000305621
0.000306003
0.000306162
0.000305348
0.000306167
0.000305206
0.000306044
0.000304895
0.000305327
0.000303768
0.000301766
0.000298855
0.000304362
0.000306504
0.000307808
0.000308227
0.000308664
0.000308725
0.000308731
0.000308874
0.00030867
0.000309052
0.000309097
0.000308572
0.000309023
0.000308505
0.000308947
0.00030828
0.000308523
0.000307363
0.000306199
0.000303727
0.000305649
0.000307464
0.00030859
0.000308936
0.000309297
0.00030935
0.000309364
0.000309492
0.000309291
0.000309685
0.000309682
0.000309266
0.00030957
0.000309227
0.000309507
0.000309025
0.000309188
0.000308179
0.000307388
0.000305188
)
;

boundaryField
{
    fuel
    {
        type            fixedValue;
        value           nonuniform 0();
    }
    wall
    {
        type            zeroGradient;
    }
    outlet
    {
        type            inletOutlet;
        inletValue      uniform 0;
        value           nonuniform List<scalar> 
25
(
4.50912e-05
5.83173e-05
7.70713e-05
0.000101985
0.000132759
0.000167839
0.000204381
0.000238853
0.000267692
0.000288243
0.000299819
0.000304362
0.000305649
5.83977e-05
7.67667e-05
0.000101041
0.000130962
0.000166146
0.00020223
0.000236645
0.000265764
0.000286792
0.000298855
0.000303727
0.000305188
)
;
    }
    frontAndBack
    {
        type            empty;
    }
    procBoundary1to0
    {
        type            processor;
        value           nonuniform List<scalar> 
21
(
3.62765e-05
3.32102e-05
3.22411e-05
3.20926e-05
3.30334e-05
3.31819e-05
3.32505e-05
3.35744e-05
3.34254e-05
3.35828e-05
4.54667e-05
4.54667e-05
4.36902e-05
4.57076e-05
4.30825e-05
4.52562e-05
4.21681e-05
4.30773e-05
4.16415e-05
4.02803e-05
4.53201e-05
)
;
    }
}


// ************************************************************************* //
