/*--------------------------------*- C++ -*----------------------------------*\
| =========                 |                                                 |
| \\      /  F ield         | OpenFOAM: The Open Source CFD Toolbox           |
|  \\    /   O peration     | Version:  dev                                   |
|   \\  /    A nd           | Web:      www.OpenFOAM.org                      |
|    \\/     M anipulation  |                                                 |
\*---------------------------------------------------------------------------*/
FoamFile
{
    version     2.0;
    format      ascii;
    class       volScalarField;
    location    "0.075";
    object      A1C2H22;
}
// * * * * * * * * * * * * * * * * * * * * * * * * * * * * * * * * * * * * * //

dimensions      [0 0 0 0 0 0 0];

internalField   nonuniform List<scalar> 
2014
(
1.16601e-08
1.17528e-08
1.18384e-08
1.1882e-08
1.18949e-08
1.19041e-08
1.18991e-08
1.19013e-08
1.18968e-08
1.18982e-08
1.18955e-08
1.18967e-08
1.1895e-08
1.18958e-08
1.18948e-08
1.18954e-08
1.18947e-08
1.18953e-08
1.18948e-08
1.18952e-08
1.18948e-08
1.18951e-08
1.18949e-08
1.1895e-08
1.18949e-08
1.18949e-08
1.1895e-08
1.18949e-08
1.18951e-08
1.18948e-08
1.18952e-08
1.18948e-08
1.18953e-08
1.18947e-08
1.18955e-08
1.18948e-08
1.18958e-08
1.1895e-08
1.18967e-08
1.18956e-08
1.18982e-08
1.18968e-08
1.19013e-08
1.18991e-08
1.1904e-08
1.18949e-08
1.1882e-08
1.18384e-08
1.17528e-08
1.16601e-08
1.1037e-08
1.11251e-08
1.12055e-08
1.12464e-08
1.12587e-08
1.12673e-08
1.12627e-08
1.12647e-08
1.12606e-08
1.12618e-08
1.12593e-08
1.12603e-08
1.12587e-08
1.12595e-08
1.12585e-08
1.12591e-08
1.12584e-08
1.1259e-08
1.12585e-08
1.12589e-08
1.12586e-08
1.12588e-08
1.12586e-08
1.12587e-08
1.12586e-08
1.12586e-08
1.12587e-08
1.12586e-08
1.12588e-08
1.12586e-08
1.12589e-08
1.12585e-08
1.1259e-08
1.12584e-08
1.12591e-08
1.12585e-08
1.12595e-08
1.12587e-08
1.12603e-08
1.12593e-08
1.12618e-08
1.12606e-08
1.12647e-08
1.12627e-08
1.12673e-08
1.12587e-08
1.12464e-08
1.12055e-08
1.11251e-08
1.1037e-08
1.04669e-08
1.05507e-08
1.06261e-08
1.06646e-08
1.06763e-08
1.06844e-08
1.06801e-08
1.06819e-08
1.0678e-08
1.06791e-08
1.06767e-08
1.06776e-08
1.06762e-08
1.06769e-08
1.06759e-08
1.06765e-08
1.06759e-08
1.06764e-08
1.06759e-08
1.06763e-08
1.0676e-08
1.06762e-08
1.0676e-08
1.06761e-08
1.06761e-08
1.06761e-08
1.06761e-08
1.0676e-08
1.06762e-08
1.0676e-08
1.06763e-08
1.06759e-08
1.06764e-08
1.06759e-08
1.06765e-08
1.06759e-08
1.06769e-08
1.06762e-08
1.06776e-08
1.06767e-08
1.06791e-08
1.0678e-08
1.06819e-08
1.06801e-08
1.06844e-08
1.06763e-08
1.06645e-08
1.0626e-08
1.05507e-08
1.04669e-08
9.94405e-09
1.00241e-08
1.00946e-08
1.01308e-08
1.01419e-08
1.01495e-08
1.01456e-08
1.01472e-08
1.01435e-08
1.01445e-08
1.01423e-08
1.01431e-08
1.01417e-08
1.01424e-08
1.01415e-08
1.0142e-08
1.01414e-08
1.01419e-08
1.01415e-08
1.01418e-08
1.01415e-08
1.01417e-08
1.01416e-08
1.01417e-08
1.01416e-08
1.01416e-08
1.01417e-08
1.01416e-08
1.01417e-08
1.01415e-08
1.01418e-08
1.01415e-08
1.01419e-08
1.01414e-08
1.0142e-08
1.01415e-08
1.01424e-08
1.01417e-08
1.01431e-08
1.01423e-08
1.01445e-08
1.01435e-08
1.01472e-08
1.01456e-08
1.01495e-08
1.01419e-08
1.01308e-08
1.00945e-08
1.00241e-08
9.94405e-09
9.46371e-09
9.54012e-09
9.60626e-09
9.64021e-09
9.65074e-09
9.65794e-09
9.65425e-09
9.65569e-09
9.65229e-09
9.6531e-09
9.65107e-09
9.65178e-09
9.6505e-09
9.65109e-09
9.65027e-09
9.65076e-09
9.6502e-09
9.65063e-09
9.65027e-09
9.65054e-09
9.6503e-09
9.65046e-09
9.65032e-09
9.65041e-09
9.65037e-09
9.65037e-09
9.65041e-09
9.65032e-09
9.65046e-09
9.6503e-09
9.65054e-09
9.65027e-09
9.65063e-09
9.65021e-09
9.65077e-09
9.65027e-09
9.65109e-09
9.6505e-09
9.65178e-09
9.65107e-09
9.65311e-09
9.65229e-09
9.65569e-09
9.65425e-09
9.65792e-09
9.65074e-09
9.6402e-09
9.60625e-09
9.54012e-09
9.46371e-09
9.02155e-09
9.09456e-09
9.15662e-09
9.18844e-09
9.1984e-09
9.20518e-09
9.20175e-09
9.20304e-09
9.19986e-09
9.20057e-09
9.19866e-09
9.1993e-09
9.1981e-09
9.19864e-09
9.19787e-09
9.19833e-09
9.19781e-09
9.1982e-09
9.19787e-09
9.19812e-09
9.1979e-09
9.19805e-09
9.19791e-09
9.198e-09
9.19796e-09
9.19796e-09
9.198e-09
9.19792e-09
9.19805e-09
9.1979e-09
9.19812e-09
9.19787e-09
9.1982e-09
9.19781e-09
9.19833e-09
9.19788e-09
9.19864e-09
9.19811e-09
9.1993e-09
9.19867e-09
9.20057e-09
9.19986e-09
9.20304e-09
9.20175e-09
9.20517e-09
9.1984e-09
9.18843e-09
9.15661e-09
9.09456e-09
9.02155e-09
8.61376e-09
8.68358e-09
8.74179e-09
8.77162e-09
8.78103e-09
8.78741e-09
8.78422e-09
8.78538e-09
8.7824e-09
8.78302e-09
8.78123e-09
8.7818e-09
8.78068e-09
8.78117e-09
8.78045e-09
8.78087e-09
8.78039e-09
8.78076e-09
8.78044e-09
8.78068e-09
8.78047e-09
8.78062e-09
8.78049e-09
8.78057e-09
8.78053e-09
8.78053e-09
8.78057e-09
8.78049e-09
8.78062e-09
8.78047e-09
8.78068e-09
8.78044e-09
8.78076e-09
8.78039e-09
8.78088e-09
8.78046e-09
8.78117e-09
8.78068e-09
8.7818e-09
8.78124e-09
8.78302e-09
8.7824e-09
8.78538e-09
8.78422e-09
8.7874e-09
8.78102e-09
8.77161e-09
8.74178e-09
8.68358e-09
8.61376e-09
8.23698e-09
8.30377e-09
8.35836e-09
8.38633e-09
8.3952e-09
8.40122e-09
8.39825e-09
8.39929e-09
8.3965e-09
8.39703e-09
8.39536e-09
8.39587e-09
8.39482e-09
8.39526e-09
8.3946e-09
8.39499e-09
8.39454e-09
8.39488e-09
8.39459e-09
8.39481e-09
8.39461e-09
8.39475e-09
8.39463e-09
8.3947e-09
8.39467e-09
8.39467e-09
8.3947e-09
8.39463e-09
8.39475e-09
8.39462e-09
8.39481e-09
8.39459e-09
8.39488e-09
8.39454e-09
8.39499e-09
8.3946e-09
8.39527e-09
8.39482e-09
8.39587e-09
8.39536e-09
8.39704e-09
8.3965e-09
8.39929e-09
8.39825e-09
8.40121e-09
8.3952e-09
8.38632e-09
8.35834e-09
8.30377e-09
8.23698e-09
7.88824e-09
7.95213e-09
8.00331e-09
8.02954e-09
8.03792e-09
8.04358e-09
8.04082e-09
8.04175e-09
8.03914e-09
8.0396e-09
8.03803e-09
8.03848e-09
8.0375e-09
8.03791e-09
8.03729e-09
8.03765e-09
8.03723e-09
8.03755e-09
8.03728e-09
8.03749e-09
8.0373e-09
8.03743e-09
8.03732e-09
8.03739e-09
8.03736e-09
8.03736e-09
8.03739e-09
8.03732e-09
8.03743e-09
8.0373e-09
8.03749e-09
8.03728e-09
8.03755e-09
8.03723e-09
8.03765e-09
8.03729e-09
8.03792e-09
8.03751e-09
8.03848e-09
8.03804e-09
8.0396e-09
8.03914e-09
8.04175e-09
8.04082e-09
8.04358e-09
8.03791e-09
8.02953e-09
8.0033e-09
7.95213e-09
7.88824e-09
7.56492e-09
7.62598e-09
7.674e-09
7.6986e-09
7.7065e-09
7.71183e-09
7.70926e-09
7.71009e-09
7.70765e-09
7.70805e-09
7.70657e-09
7.70698e-09
7.70606e-09
7.70644e-09
7.70586e-09
7.70619e-09
7.7058e-09
7.7061e-09
7.70585e-09
7.70604e-09
7.70587e-09
7.70599e-09
7.70589e-09
7.70595e-09
7.70592e-09
7.70592e-09
7.70595e-09
7.70589e-09
7.70599e-09
7.70587e-09
7.70604e-09
7.70585e-09
7.7061e-09
7.70581e-09
7.7062e-09
7.70586e-09
7.70644e-09
7.70607e-09
7.70698e-09
7.70658e-09
7.70805e-09
7.70765e-09
7.71009e-09
7.70926e-09
7.71183e-09
7.7065e-09
7.69859e-09
7.67398e-09
7.62598e-09
7.56492e-09
7.26467e-09
7.32298e-09
7.36805e-09
7.39113e-09
7.39858e-09
7.4036e-09
7.40121e-09
7.40196e-09
7.39967e-09
7.40001e-09
7.39863e-09
7.399e-09
7.39814e-09
7.39848e-09
7.39794e-09
7.39825e-09
7.39789e-09
7.39817e-09
7.39793e-09
7.39812e-09
7.39795e-09
7.39807e-09
7.39797e-09
7.39803e-09
7.398e-09
7.398e-09
7.39803e-09
7.39797e-09
7.39807e-09
7.39796e-09
7.39812e-09
7.39793e-09
7.39817e-09
7.39789e-09
7.39826e-09
7.39794e-09
7.39849e-09
7.39814e-09
7.399e-09
7.39864e-09
7.40002e-09
7.39967e-09
7.40196e-09
7.40121e-09
7.4036e-09
7.39858e-09
7.39113e-09
7.36803e-09
7.32298e-09
7.26467e-09
6.98546e-09
7.04103e-09
7.08338e-09
7.10505e-09
7.11207e-09
7.1168e-09
7.11458e-09
7.11525e-09
7.11311e-09
7.1134e-09
7.11211e-09
7.11244e-09
7.11163e-09
7.11195e-09
7.11144e-09
7.11174e-09
7.1114e-09
7.11166e-09
7.11144e-09
7.11161e-09
7.11146e-09
7.11157e-09
7.11148e-09
7.11154e-09
7.11151e-09
7.11151e-09
7.11154e-09
7.11148e-09
7.11157e-09
7.11146e-09
7.11161e-09
7.11144e-09
7.11166e-09
7.1114e-09
7.11174e-09
7.11145e-09
7.11196e-09
7.11164e-09
7.11244e-09
7.11212e-09
7.11341e-09
7.11311e-09
7.11525e-09
7.11457e-09
7.11679e-09
7.11207e-09
7.10504e-09
7.08337e-09
7.04103e-09
6.98545e-09
6.72545e-09
6.77829e-09
6.81814e-09
6.83849e-09
6.84512e-09
6.84957e-09
6.8475e-09
6.84811e-09
6.84611e-09
6.84636e-09
6.84515e-09
6.84545e-09
6.8447e-09
6.84499e-09
6.84452e-09
6.84479e-09
6.84448e-09
6.84472e-09
6.84451e-09
6.84468e-09
6.84454e-09
6.84464e-09
6.84455e-09
6.84461e-09
6.84458e-09
6.84458e-09
6.84461e-09
6.84456e-09
6.84464e-09
6.84454e-09
6.84468e-09
6.84451e-09
6.84472e-09
6.84448e-09
6.84479e-09
6.84452e-09
6.84499e-09
6.8447e-09
6.84545e-09
6.84516e-09
6.84636e-09
6.84611e-09
6.84811e-09
6.8475e-09
6.84956e-09
6.84512e-09
6.83848e-09
6.81813e-09
6.7783e-09
6.72544e-09
6.48301e-09
6.53314e-09
6.57069e-09
6.58981e-09
6.59606e-09
6.60025e-09
6.59834e-09
6.59889e-09
6.59702e-09
6.59724e-09
6.59611e-09
6.59638e-09
6.59568e-09
6.59595e-09
6.59551e-09
6.59577e-09
6.59547e-09
6.5957e-09
6.59551e-09
6.59567e-09
6.59554e-09
6.59563e-09
6.59555e-09
6.5956e-09
6.59558e-09
6.59558e-09
6.5956e-09
6.59555e-09
6.59563e-09
6.59554e-09
6.59567e-09
6.59551e-09
6.5957e-09
6.59548e-09
6.59577e-09
6.59551e-09
6.59595e-09
6.59568e-09
6.59638e-09
6.59611e-09
6.59724e-09
6.59702e-09
6.59889e-09
6.59834e-09
6.60025e-09
6.59606e-09
6.58981e-09
6.57067e-09
6.53315e-09
6.483e-09
6.25668e-09
6.30415e-09
6.33956e-09
6.35756e-09
6.36343e-09
6.3674e-09
6.36563e-09
6.36613e-09
6.36439e-09
6.36458e-09
6.36352e-09
6.36377e-09
6.36312e-09
6.36337e-09
6.36296e-09
6.3632e-09
6.36293e-09
6.36315e-09
6.36297e-09
6.36312e-09
6.36299e-09
6.36308e-09
6.36301e-09
6.36306e-09
6.36304e-09
6.36304e-09
6.36306e-09
6.36301e-09
6.36308e-09
6.36299e-09
6.36312e-09
6.36297e-09
6.36315e-09
6.36293e-09
6.3632e-09
6.36296e-09
6.36337e-09
6.36312e-09
6.36377e-09
6.36353e-09
6.36458e-09
6.36439e-09
6.36613e-09
6.36562e-09
6.36739e-09
6.36343e-09
6.35755e-09
6.33955e-09
6.30415e-09
6.25668e-09
6.04517e-09
6.09002e-09
6.12347e-09
6.14043e-09
6.14594e-09
6.14969e-09
6.14806e-09
6.14853e-09
6.14691e-09
6.14708e-09
6.14609e-09
6.14632e-09
6.14571e-09
6.14595e-09
6.14556e-09
6.14579e-09
6.14554e-09
6.14575e-09
6.14558e-09
6.14572e-09
6.14561e-09
6.14569e-09
6.14562e-09
6.14567e-09
6.14565e-09
6.14565e-09
6.14567e-09
6.14563e-09
6.14569e-09
6.14561e-09
6.14572e-09
6.14558e-09
6.14575e-09
6.14554e-09
6.1458e-09
6.14557e-09
6.14595e-09
6.14571e-09
6.14632e-09
6.1461e-09
6.14708e-09
6.14691e-09
6.14853e-09
6.14806e-09
6.14969e-09
6.14594e-09
6.14042e-09
6.12346e-09
6.09003e-09
6.04517e-09
5.84733e-09
5.88964e-09
5.92126e-09
5.93725e-09
5.94243e-09
5.94599e-09
5.94449e-09
5.94492e-09
5.94342e-09
5.94357e-09
5.94265e-09
5.94286e-09
5.9423e-09
5.94252e-09
5.94217e-09
5.94239e-09
5.94215e-09
5.94235e-09
5.94219e-09
5.94233e-09
5.94222e-09
5.9423e-09
5.94224e-09
5.94228e-09
5.94226e-09
5.94226e-09
5.94228e-09
5.94224e-09
5.9423e-09
5.94222e-09
5.94233e-09
5.94219e-09
5.94235e-09
5.94215e-09
5.94239e-09
5.94217e-09
5.94253e-09
5.9423e-09
5.94286e-09
5.94266e-09
5.94357e-09
5.94342e-09
5.94492e-09
5.94449e-09
5.94598e-09
5.94243e-09
5.93724e-09
5.92125e-09
5.88965e-09
5.84732e-09
5.66212e-09
5.70198e-09
5.7319e-09
5.74698e-09
5.75187e-09
5.75524e-09
5.75387e-09
5.75428e-09
5.75289e-09
5.75303e-09
5.75218e-09
5.75237e-09
5.75185e-09
5.75206e-09
5.75173e-09
5.75194e-09
5.75172e-09
5.75191e-09
5.75177e-09
5.75189e-09
5.7518e-09
5.75187e-09
5.75181e-09
5.75186e-09
5.75184e-09
5.75184e-09
5.75186e-09
5.75181e-09
5.75187e-09
5.7518e-09
5.7519e-09
5.75177e-09
5.75191e-09
5.75173e-09
5.75194e-09
5.75174e-09
5.75207e-09
5.75185e-09
5.75237e-09
5.75218e-09
5.75303e-09
5.75289e-09
5.75428e-09
5.75387e-09
5.75523e-09
5.75186e-09
5.74697e-09
5.73189e-09
5.70199e-09
5.66211e-09
5.48862e-09
5.52613e-09
5.55449e-09
5.56871e-09
5.57332e-09
5.57652e-09
5.57528e-09
5.57567e-09
5.57439e-09
5.57452e-09
5.57374e-09
5.57392e-09
5.57344e-09
5.57364e-09
5.57334e-09
5.57354e-09
5.57334e-09
5.57351e-09
5.57338e-09
5.5735e-09
5.57341e-09
5.57349e-09
5.57343e-09
5.57347e-09
5.57345e-09
5.57345e-09
5.57347e-09
5.57343e-09
5.57349e-09
5.57341e-09
5.5735e-09
5.57338e-09
5.57352e-09
5.57334e-09
5.57354e-09
5.57334e-09
5.57365e-09
5.57344e-09
5.57392e-09
5.57374e-09
5.57452e-09
5.57439e-09
5.57567e-09
5.57528e-09
5.57652e-09
5.57332e-09
5.56871e-09
5.55448e-09
5.52614e-09
5.48861e-09
5.32601e-09
5.36125e-09
5.38823e-09
5.40161e-09
5.40597e-09
5.40901e-09
5.4079e-09
5.40828e-09
5.4071e-09
5.40723e-09
5.40651e-09
5.40668e-09
5.40624e-09
5.40644e-09
5.40616e-09
5.40635e-09
5.40617e-09
5.40633e-09
5.40621e-09
5.40633e-09
5.40624e-09
5.40631e-09
5.40626e-09
5.4063e-09
5.40629e-09
5.40629e-09
5.4063e-09
5.40626e-09
5.40632e-09
5.40625e-09
5.40633e-09
5.40621e-09
5.40633e-09
5.40617e-09
5.40635e-09
5.40616e-09
5.40644e-09
5.40625e-09
5.40669e-09
5.40651e-09
5.40723e-09
5.4071e-09
5.40828e-09
5.4079e-09
5.40901e-09
5.40597e-09
5.4016e-09
5.38822e-09
5.36126e-09
5.326e-09
5.17354e-09
5.20669e-09
5.23233e-09
5.24494e-09
5.24908e-09
5.25197e-09
5.25098e-09
5.25135e-09
5.25028e-09
5.25041e-09
5.24975e-09
5.24992e-09
5.24952e-09
5.2497e-09
5.24945e-09
5.24963e-09
5.24947e-09
5.24963e-09
5.24952e-09
5.24963e-09
5.24955e-09
5.24962e-09
5.24957e-09
5.24961e-09
5.24959e-09
5.24959e-09
5.24961e-09
5.24957e-09
5.24962e-09
5.24955e-09
5.24963e-09
5.24952e-09
5.24963e-09
5.24947e-09
5.24964e-09
5.24945e-09
5.24971e-09
5.24952e-09
5.24992e-09
5.24975e-09
5.25041e-09
5.25028e-09
5.25135e-09
5.25098e-09
5.25196e-09
5.24908e-09
5.24493e-09
5.23232e-09
5.20669e-09
5.17354e-09
5.03058e-09
5.06177e-09
5.08611e-09
5.09802e-09
5.10197e-09
5.10472e-09
5.10385e-09
5.10423e-09
5.10326e-09
5.10339e-09
5.10279e-09
5.10296e-09
5.1026e-09
5.10278e-09
5.10255e-09
5.10273e-09
5.10258e-09
5.10273e-09
5.10263e-09
5.10273e-09
5.10266e-09
5.10273e-09
5.10268e-09
5.10272e-09
5.1027e-09
5.10271e-09
5.10272e-09
5.10268e-09
5.10273e-09
5.10266e-09
5.10273e-09
5.10263e-09
5.10273e-09
5.10258e-09
5.10273e-09
5.10255e-09
5.10278e-09
5.1026e-09
5.10297e-09
5.1028e-09
5.1034e-09
5.10326e-09
5.10423e-09
5.10385e-09
5.10472e-09
5.10197e-09
5.09802e-09
5.08611e-09
5.06177e-09
5.03058e-09
4.89654e-09
4.9259e-09
4.94899e-09
4.96027e-09
4.96405e-09
4.96667e-09
4.96593e-09
4.96631e-09
4.96544e-09
4.96558e-09
4.96504e-09
4.96521e-09
4.96488e-09
4.96506e-09
4.96486e-09
4.96503e-09
4.96489e-09
4.96504e-09
4.96495e-09
4.96505e-09
4.96498e-09
4.96505e-09
4.96501e-09
4.96504e-09
4.96503e-09
4.96503e-09
4.96504e-09
4.96501e-09
4.96505e-09
4.96498e-09
4.96505e-09
4.96495e-09
4.96504e-09
4.96489e-09
4.96503e-09
4.96486e-09
4.96507e-09
4.96489e-09
4.96522e-09
4.96505e-09
4.96559e-09
4.96545e-09
4.96631e-09
4.96593e-09
4.96667e-09
4.96404e-09
4.96026e-09
4.94898e-09
4.9259e-09
4.89654e-09
4.77088e-09
4.79854e-09
4.82042e-09
4.83112e-09
4.83477e-09
4.83727e-09
4.83666e-09
4.83705e-09
4.83628e-09
4.83643e-09
4.83596e-09
4.83612e-09
4.83583e-09
4.83601e-09
4.83582e-09
4.83599e-09
4.83587e-09
4.83601e-09
4.83593e-09
4.83603e-09
4.83597e-09
4.83603e-09
4.83599e-09
4.83602e-09
4.83601e-09
4.83601e-09
4.83602e-09
4.83599e-09
4.83603e-09
4.83597e-09
4.83603e-09
4.83593e-09
4.83601e-09
4.83587e-09
4.83599e-09
4.83583e-09
4.83601e-09
4.83584e-09
4.83613e-09
4.83596e-09
4.83644e-09
4.83629e-09
4.83705e-09
4.83666e-09
4.83727e-09
4.83476e-09
4.83112e-09
4.82041e-09
4.79854e-09
4.77088e-09
4.65312e-09
4.67919e-09
4.69989e-09
4.71009e-09
4.71362e-09
4.71602e-09
4.71553e-09
4.71595e-09
4.71528e-09
4.71544e-09
4.71503e-09
4.7152e-09
4.71494e-09
4.71512e-09
4.71496e-09
4.71512e-09
4.71501e-09
4.71515e-09
4.71507e-09
4.71517e-09
4.71512e-09
4.71517e-09
4.71514e-09
4.71517e-09
4.71516e-09
4.71516e-09
4.71517e-09
4.71514e-09
4.71517e-09
4.71512e-09
4.71517e-09
4.71508e-09
4.71515e-09
4.71501e-09
4.71512e-09
4.71496e-09
4.71512e-09
4.71494e-09
4.7152e-09
4.71503e-09
4.71545e-09
4.71528e-09
4.71595e-09
4.71553e-09
4.71602e-09
4.71362e-09
4.71009e-09
4.69988e-09
4.67919e-09
4.65311e-09
4.54657e-09
4.57132e-09
4.5909e-09
4.60072e-09
4.60414e-09
4.60646e-09
4.60608e-09
4.60652e-09
4.60594e-09
4.60612e-09
4.60576e-09
4.60593e-09
4.60571e-09
4.60589e-09
4.60574e-09
4.6059e-09
4.60581e-09
4.60594e-09
4.60588e-09
4.60597e-09
4.60592e-09
4.60598e-09
4.60595e-09
4.60598e-09
4.60597e-09
4.60597e-09
4.60598e-09
4.60595e-09
4.60598e-09
4.60592e-09
4.60597e-09
4.60588e-09
4.60594e-09
4.60581e-09
4.6059e-09
4.60575e-09
4.60589e-09
4.60571e-09
4.60594e-09
4.60576e-09
4.60612e-09
4.60594e-09
4.60652e-09
4.60608e-09
4.60646e-09
4.60414e-09
4.60071e-09
4.5909e-09
4.57132e-09
4.54657e-09
4.44575e-09
4.46936e-09
4.48754e-09
4.49683e-09
4.49993e-09
4.50199e-09
4.50159e-09
4.50198e-09
4.50143e-09
4.5016e-09
4.50125e-09
4.50142e-09
4.50121e-09
4.50138e-09
4.50124e-09
4.50139e-09
4.50131e-09
4.50143e-09
4.50137e-09
4.50146e-09
4.50142e-09
4.50147e-09
4.50144e-09
4.50147e-09
4.50146e-09
4.50146e-09
4.50147e-09
4.50144e-09
4.50147e-09
4.50142e-09
4.50146e-09
4.50137e-09
4.50144e-09
4.50131e-09
4.5014e-09
4.50124e-09
4.50138e-09
4.50121e-09
4.50142e-09
4.50125e-09
4.5016e-09
4.50144e-09
4.50198e-09
4.50159e-09
4.50199e-09
4.49993e-09
4.49682e-09
4.48754e-09
4.46935e-09
4.44575e-09
4.34978e-09
4.37212e-09
4.38925e-09
4.3982e-09
4.40125e-09
4.40322e-09
4.40294e-09
4.40336e-09
4.40291e-09
4.40309e-09
4.4028e-09
4.40298e-09
4.4028e-09
4.40297e-09
4.40286e-09
4.40301e-09
4.40293e-09
4.40306e-09
4.40301e-09
4.40309e-09
4.40305e-09
4.4031e-09
4.40308e-09
4.4031e-09
4.4031e-09
4.4031e-09
4.4031e-09
4.40308e-09
4.4031e-09
4.40305e-09
4.40309e-09
4.40301e-09
4.40306e-09
4.40294e-09
4.40301e-09
4.40286e-09
4.40297e-09
4.4028e-09
4.40298e-09
4.40281e-09
4.4031e-09
4.40291e-09
4.40336e-09
4.40294e-09
4.40321e-09
4.40125e-09
4.39819e-09
4.38924e-09
4.37212e-09
4.34978e-09
4.26032e-09
4.28147e-09
4.29762e-09
4.30626e-09
4.30929e-09
4.31116e-09
4.31101e-09
4.31147e-09
4.31111e-09
4.31132e-09
4.31108e-09
4.31127e-09
4.31112e-09
4.31129e-09
4.3112e-09
4.31135e-09
4.31129e-09
4.31141e-09
4.31137e-09
4.31145e-09
4.31141e-09
4.31146e-09
4.31144e-09
4.31147e-09
4.31146e-09
4.31146e-09
4.31147e-09
4.31144e-09
4.31146e-09
4.31142e-09
4.31145e-09
4.31137e-09
4.31141e-09
4.31129e-09
4.31135e-09
4.3112e-09
4.3113e-09
4.31113e-09
4.31127e-09
4.31108e-09
4.31132e-09
4.31111e-09
4.31147e-09
4.31101e-09
4.31116e-09
4.30928e-09
4.30625e-09
4.29762e-09
4.28146e-09
4.26031e-09
4.17707e-09
4.19705e-09
4.21239e-09
4.22071e-09
4.22374e-09
4.22551e-09
4.22549e-09
4.22599e-09
4.22573e-09
4.22596e-09
4.22578e-09
4.22598e-09
4.22587e-09
4.22604e-09
4.22597e-09
4.22612e-09
4.22607e-09
4.22619e-09
4.22615e-09
4.22623e-09
4.22621e-09
4.22625e-09
4.22623e-09
4.22626e-09
4.22625e-09
4.22625e-09
4.22626e-09
4.22623e-09
4.22625e-09
4.22621e-09
4.22623e-09
4.22616e-09
4.22619e-09
4.22607e-09
4.22612e-09
4.22598e-09
4.22604e-09
4.22587e-09
4.22598e-09
4.22579e-09
4.22596e-09
4.22573e-09
4.22599e-09
4.22549e-09
4.22551e-09
4.22373e-09
4.2207e-09
4.21238e-09
4.19705e-09
4.17706e-09
4.09975e-09
4.11865e-09
4.13321e-09
4.14127e-09
4.14431e-09
4.14599e-09
4.1461e-09
4.14665e-09
4.14648e-09
4.14675e-09
4.14662e-09
4.14683e-09
4.14676e-09
4.14693e-09
4.14689e-09
4.14703e-09
4.147e-09
4.14711e-09
4.14708e-09
4.14716e-09
4.14714e-09
4.14718e-09
4.14717e-09
4.14719e-09
4.14719e-09
4.14719e-09
4.14719e-09
4.14717e-09
4.14718e-09
4.14714e-09
4.14716e-09
4.14708e-09
4.14711e-09
4.147e-09
4.14703e-09
4.14689e-09
4.14693e-09
4.14676e-09
4.14683e-09
4.14663e-09
4.14675e-09
4.14648e-09
4.14665e-09
4.1461e-09
4.14599e-09
4.14431e-09
4.14126e-09
4.13321e-09
4.11865e-09
4.09975e-09
4.0305e-09
4.04845e-09
4.06236e-09
4.07018e-09
4.07325e-09
4.07483e-09
4.07507e-09
4.07566e-09
4.07558e-09
4.07588e-09
4.07581e-09
4.07603e-09
4.07599e-09
4.07617e-09
4.07614e-09
4.07628e-09
4.07626e-09
4.07637e-09
4.07636e-09
4.07643e-09
4.07641e-09
4.07646e-09
4.07644e-09
4.07647e-09
4.07646e-09
4.07646e-09
4.07647e-09
4.07644e-09
4.07646e-09
4.07641e-09
4.07643e-09
4.07636e-09
4.07637e-09
4.07626e-09
4.07628e-09
4.07614e-09
4.07617e-09
4.07599e-09
4.07603e-09
4.07581e-09
4.07588e-09
4.07559e-09
4.07566e-09
4.07507e-09
4.07483e-09
4.07325e-09
4.07017e-09
4.06236e-09
4.04845e-09
4.0305e-09
3.96672e-09
3.98375e-09
3.99714e-09
4.00471e-09
4.00785e-09
4.0093e-09
4.00967e-09
4.01027e-09
4.0102e-09
4.01048e-09
4.01041e-09
4.01062e-09
4.01059e-09
4.01076e-09
4.01074e-09
4.01088e-09
4.01086e-09
4.01097e-09
4.01095e-09
4.01102e-09
4.01101e-09
4.01105e-09
4.01104e-09
4.01106e-09
4.01106e-09
4.01106e-09
4.01106e-09
4.01104e-09
4.01105e-09
4.01101e-09
4.01102e-09
4.01095e-09
4.01097e-09
4.01086e-09
4.01088e-09
4.01074e-09
4.01076e-09
4.01059e-09
4.01063e-09
4.01041e-09
4.01048e-09
4.0102e-09
4.01027e-09
4.00966e-09
4.0093e-09
4.00784e-09
4.0047e-09
3.99713e-09
3.98375e-09
3.96672e-09
3.90653e-09
3.92272e-09
3.93553e-09
3.94287e-09
3.94605e-09
3.9473e-09
3.94777e-09
3.94841e-09
3.94841e-09
3.9487e-09
3.94868e-09
3.9489e-09
3.94889e-09
3.94907e-09
3.94906e-09
3.9492e-09
3.94919e-09
3.9493e-09
3.94929e-09
3.94936e-09
3.94934e-09
3.94939e-09
3.94938e-09
3.9494e-09
3.9494e-09
3.9494e-09
3.9494e-09
3.94938e-09
3.94939e-09
3.94935e-09
3.94936e-09
3.94929e-09
3.9493e-09
3.94919e-09
3.9492e-09
3.94906e-09
3.94907e-09
3.94889e-09
3.94891e-09
3.94869e-09
3.94871e-09
3.94841e-09
3.94841e-09
3.94777e-09
3.9473e-09
3.94605e-09
3.94287e-09
3.93553e-09
3.92271e-09
3.90652e-09
3.85129e-09
3.86657e-09
3.879e-09
3.88613e-09
3.88945e-09
3.89237e-09
3.89298e-09
3.89367e-09
3.89376e-09
3.89409e-09
3.89412e-09
3.89435e-09
3.89437e-09
3.89455e-09
3.89456e-09
3.8947e-09
3.89471e-09
3.89481e-09
3.89481e-09
3.89488e-09
3.89487e-09
3.89491e-09
3.8949e-09
3.89492e-09
3.89492e-09
3.89492e-09
3.89492e-09
3.8949e-09
3.89491e-09
3.89487e-09
3.89488e-09
3.89481e-09
3.89481e-09
3.89471e-09
3.8947e-09
3.89456e-09
3.89455e-09
3.89437e-09
3.89435e-09
3.89412e-09
3.89409e-09
3.89376e-09
3.89367e-09
3.89298e-09
3.89237e-09
3.88944e-09
3.88613e-09
3.87899e-09
3.86657e-09
3.85128e-09
3.80267e-09
3.81722e-09
3.82923e-09
3.83624e-09
3.83969e-09
3.84255e-09
3.8433e-09
3.84405e-09
3.84422e-09
3.84459e-09
3.84467e-09
3.84492e-09
3.84496e-09
3.84515e-09
3.84518e-09
3.84532e-09
3.84534e-09
3.84544e-09
3.84545e-09
3.84551e-09
3.84551e-09
3.84555e-09
3.84554e-09
3.84556e-09
3.84556e-09
3.84556e-09
3.84556e-09
3.84555e-09
3.84555e-09
3.84551e-09
3.84551e-09
3.84544e-09
3.84544e-09
3.84534e-09
3.84532e-09
3.84518e-09
3.84515e-09
3.84497e-09
3.84492e-09
3.84467e-09
3.84459e-09
3.84422e-09
3.84405e-09
3.8433e-09
3.84255e-09
3.83968e-09
3.83623e-09
3.82922e-09
3.81721e-09
3.80266e-09
3.75859e-09
3.77261e-09
3.78412e-09
3.79098e-09
3.79445e-09
3.79721e-09
3.79803e-09
3.7988e-09
3.79903e-09
3.79941e-09
3.79952e-09
3.79978e-09
3.79984e-09
3.80003e-09
3.80007e-09
3.80021e-09
3.80024e-09
3.80034e-09
3.80034e-09
3.80041e-09
3.80041e-09
3.80045e-09
3.80045e-09
3.80047e-09
3.80047e-09
3.80047e-09
3.80047e-09
3.80045e-09
3.80045e-09
3.80041e-09
3.80041e-09
3.80034e-09
3.80034e-09
3.80023e-09
3.80021e-09
3.80007e-09
3.80003e-09
3.79984e-09
3.79978e-09
3.79952e-09
3.79941e-09
3.79902e-09
3.7988e-09
3.79803e-09
3.7972e-09
3.79444e-09
3.79097e-09
3.78411e-09
3.7726e-09
3.75859e-09
3.71944e-09
3.73283e-09
3.74399e-09
3.75079e-09
3.75441e-09
3.75716e-09
3.75812e-09
3.75896e-09
3.75926e-09
3.75968e-09
3.75984e-09
3.76011e-09
3.76021e-09
3.7604e-09
3.76046e-09
3.7606e-09
3.76064e-09
3.76074e-09
3.76075e-09
3.76082e-09
3.76082e-09
3.76086e-09
3.76086e-09
3.76088e-09
3.76088e-09
3.76088e-09
3.76088e-09
3.76086e-09
3.76086e-09
3.76082e-09
3.76082e-09
3.76075e-09
3.76074e-09
3.76064e-09
3.7606e-09
3.76046e-09
3.7604e-09
3.76021e-09
3.76011e-09
3.75984e-09
3.75968e-09
3.75926e-09
3.75896e-09
3.75812e-09
3.75716e-09
3.7544e-09
3.75078e-09
3.74399e-09
3.73282e-09
3.71943e-09
3.68484e-09
3.69768e-09
3.70849e-09
3.71527e-09
3.71906e-09
3.72182e-09
3.72291e-09
3.72382e-09
3.7242e-09
3.72466e-09
3.72486e-09
3.72515e-09
3.72527e-09
3.72548e-09
3.72555e-09
3.7257e-09
3.72574e-09
3.72584e-09
3.72586e-09
3.72593e-09
3.72593e-09
3.72597e-09
3.72597e-09
3.72599e-09
3.72599e-09
3.72599e-09
3.72599e-09
3.72597e-09
3.72597e-09
3.72593e-09
3.72593e-09
3.72586e-09
3.72584e-09
3.72574e-09
3.7257e-09
3.72555e-09
3.72548e-09
3.72527e-09
3.72515e-09
3.72486e-09
3.72466e-09
3.7242e-09
3.72381e-09
3.72291e-09
3.72181e-09
3.71906e-09
3.71526e-09
3.70849e-09
3.69768e-09
3.68483e-09
3.69556e-09
3.69562e-09
3.69563e-09
3.69567e-09
3.69567e-09
3.69569e-09
3.69569e-09
3.69569e-09
3.69569e-09
3.69567e-09
3.69567e-09
3.69563e-09
3.69562e-09
3.69556e-09
3.69553e-09
3.69543e-09
3.69538e-09
3.69523e-09
3.69514e-09
3.69493e-09
3.69478e-09
3.69447e-09
3.69422e-09
3.69373e-09
3.69326e-09
3.69229e-09
3.69105e-09
3.68829e-09
3.68431e-09
3.67754e-09
3.66702e-09
3.65468e-09
3.66983e-09
3.6698e-09
3.66978e-09
3.66972e-09
3.66968e-09
3.66958e-09
3.66952e-09
3.66937e-09
3.66926e-09
3.66905e-09
3.66887e-09
3.66854e-09
3.66825e-09
3.66772e-09
3.66717e-09
3.66613e-09
3.66476e-09
3.66198e-09
3.65779e-09
3.65103e-09
3.64073e-09
3.62886e-09
3.64663e-09
3.64606e-09
3.64544e-09
3.64433e-09
3.64282e-09
3.64001e-09
3.63561e-09
3.62885e-09
3.61871e-09
3.60728e-09
)
;

boundaryField
{
    fuel
    {
        type            fixedValue;
        value           nonuniform 0();
    }
    wall
    {
        type            zeroGradient;
    }
    outlet
    {
        type            zeroGradient;
    }
    frontAndBack
    {
        type            empty;
    }
    procBoundary0to1
    {
        type            processor;
        value           nonuniform List<scalar> 
50
(
1.23423e-08
1.24401e-08
1.25312e-08
1.25776e-08
1.25911e-08
1.26008e-08
1.25954e-08
1.25979e-08
1.25931e-08
1.25947e-08
1.25918e-08
1.25931e-08
1.25913e-08
1.25922e-08
1.2591e-08
1.25918e-08
1.2591e-08
1.25916e-08
1.25911e-08
1.25915e-08
1.25911e-08
1.25914e-08
1.25912e-08
1.25913e-08
1.25912e-08
1.25912e-08
1.25913e-08
1.25912e-08
1.25914e-08
1.25911e-08
1.25915e-08
1.25911e-08
1.25916e-08
1.2591e-08
1.25918e-08
1.2591e-08
1.25922e-08
1.25913e-08
1.25931e-08
1.25918e-08
1.25947e-08
1.25931e-08
1.25979e-08
1.25954e-08
1.26008e-08
1.25911e-08
1.25776e-08
1.25312e-08
1.24401e-08
1.23423e-08
)
;
    }
    procBoundary0to2
    {
        type            processor;
        value           nonuniform List<scalar> 
53
(
3.65468e-09
3.66702e-09
3.67755e-09
3.68431e-09
3.68829e-09
3.69106e-09
3.69229e-09
3.69326e-09
3.69373e-09
3.69422e-09
3.69447e-09
3.69478e-09
3.69493e-09
3.69514e-09
3.69523e-09
3.69538e-09
3.69543e-09
3.69553e-09
3.69553e-09
3.66972e-09
3.66978e-09
3.6698e-09
3.66983e-09
3.66984e-09
3.66985e-09
3.66986e-09
3.66986e-09
3.66986e-09
3.66984e-09
3.66984e-09
3.64834e-09
3.64831e-09
3.64829e-09
3.64823e-09
3.64819e-09
3.64809e-09
3.64801e-09
3.64786e-09
3.64774e-09
3.64751e-09
3.64731e-09
3.64697e-09
3.64697e-09
3.62924e-09
3.62863e-09
3.62793e-09
3.62676e-09
3.62511e-09
3.62228e-09
3.61764e-09
3.61088e-09
3.60085e-09
3.58982e-09
)
;
    }
}


// ************************************************************************* //
