/*--------------------------------*- C++ -*----------------------------------*\
| =========                 |                                                 |
| \\      /  F ield         | OpenFOAM: The Open Source CFD Toolbox           |
|  \\    /   O peration     | Version:  dev                                   |
|   \\  /    A nd           | Web:      www.OpenFOAM.org                      |
|    \\/     M anipulation  |                                                 |
\*---------------------------------------------------------------------------*/
FoamFile
{
    version     2.0;
    format      ascii;
    class       volScalarField;
    location    "0.04";
    object      C5H3;
}
// * * * * * * * * * * * * * * * * * * * * * * * * * * * * * * * * * * * * * //

dimensions      [0 0 0 0 0 0 0];

internalField   nonuniform List<scalar> 
2014
(
1.96978e-06
1.98113e-06
1.99223e-06
1.99801e-06
2.00026e-06
2.00149e-06
2.00116e-06
2.00131e-06
2.00084e-06
2.00086e-06
2.00055e-06
2.00058e-06
2.00037e-06
2.0004e-06
2.00027e-06
2.00031e-06
2.00022e-06
2.00026e-06
2.0002e-06
2.00023e-06
2.00019e-06
2.00021e-06
2.00018e-06
2.00019e-06
2.00019e-06
2.00019e-06
2.00019e-06
2.00018e-06
2.00021e-06
2.00019e-06
2.00023e-06
2.00021e-06
2.00026e-06
2.00022e-06
2.00031e-06
2.00027e-06
2.0004e-06
2.00038e-06
2.00058e-06
2.00055e-06
2.00086e-06
2.00084e-06
2.00131e-06
2.00116e-06
2.00149e-06
2.00025e-06
1.99801e-06
1.99223e-06
1.98113e-06
1.96978e-06
1.91696e-06
1.92802e-06
1.93874e-06
1.94431e-06
1.94647e-06
1.94766e-06
1.94734e-06
1.94746e-06
1.947e-06
1.94701e-06
1.9467e-06
1.94672e-06
1.94652e-06
1.94655e-06
1.94642e-06
1.94645e-06
1.94637e-06
1.9464e-06
1.94635e-06
1.94637e-06
1.94634e-06
1.94635e-06
1.94633e-06
1.94633e-06
1.94633e-06
1.94633e-06
1.94634e-06
1.94633e-06
1.94635e-06
1.94634e-06
1.94637e-06
1.94635e-06
1.9464e-06
1.94637e-06
1.94645e-06
1.94642e-06
1.94655e-06
1.94652e-06
1.94672e-06
1.94671e-06
1.94701e-06
1.947e-06
1.94747e-06
1.94734e-06
1.94766e-06
1.94647e-06
1.94431e-06
1.93874e-06
1.92802e-06
1.91696e-06
1.86645e-06
1.87725e-06
1.88756e-06
1.89294e-06
1.89501e-06
1.89616e-06
1.89583e-06
1.89594e-06
1.89548e-06
1.89548e-06
1.89518e-06
1.89519e-06
1.895e-06
1.89501e-06
1.89489e-06
1.89492e-06
1.89483e-06
1.89487e-06
1.89482e-06
1.89484e-06
1.8948e-06
1.89481e-06
1.89479e-06
1.8948e-06
1.8948e-06
1.8948e-06
1.8948e-06
1.89479e-06
1.89482e-06
1.8948e-06
1.89484e-06
1.89482e-06
1.89487e-06
1.89484e-06
1.89492e-06
1.89489e-06
1.89502e-06
1.895e-06
1.89519e-06
1.89518e-06
1.89548e-06
1.89548e-06
1.89594e-06
1.89583e-06
1.89616e-06
1.89501e-06
1.89294e-06
1.88756e-06
1.87725e-06
1.86645e-06
1.81806e-06
1.82862e-06
1.83852e-06
1.8437e-06
1.84569e-06
1.84679e-06
1.84647e-06
1.84656e-06
1.8461e-06
1.84609e-06
1.84579e-06
1.8458e-06
1.8456e-06
1.84562e-06
1.8455e-06
1.84552e-06
1.84544e-06
1.84547e-06
1.84542e-06
1.84544e-06
1.84541e-06
1.84542e-06
1.8454e-06
1.8454e-06
1.8454e-06
1.8454e-06
1.8454e-06
1.8454e-06
1.84542e-06
1.84541e-06
1.84544e-06
1.84542e-06
1.84547e-06
1.84544e-06
1.84552e-06
1.8455e-06
1.84562e-06
1.84561e-06
1.8458e-06
1.8458e-06
1.84609e-06
1.84611e-06
1.84656e-06
1.84646e-06
1.84679e-06
1.84569e-06
1.8437e-06
1.83852e-06
1.82862e-06
1.81806e-06
1.77163e-06
1.78195e-06
1.79148e-06
1.79644e-06
1.79835e-06
1.7994e-06
1.79907e-06
1.79914e-06
1.7987e-06
1.79867e-06
1.79838e-06
1.79838e-06
1.79819e-06
1.7982e-06
1.79807e-06
1.7981e-06
1.79802e-06
1.79805e-06
1.798e-06
1.79801e-06
1.79798e-06
1.79799e-06
1.79797e-06
1.79798e-06
1.79797e-06
1.79797e-06
1.79798e-06
1.79797e-06
1.79799e-06
1.79798e-06
1.79802e-06
1.798e-06
1.79805e-06
1.79802e-06
1.7981e-06
1.79808e-06
1.7982e-06
1.79819e-06
1.79838e-06
1.79838e-06
1.79867e-06
1.7987e-06
1.79914e-06
1.79907e-06
1.7994e-06
1.79834e-06
1.79644e-06
1.79147e-06
1.78195e-06
1.77163e-06
1.72701e-06
1.7371e-06
1.74627e-06
1.75101e-06
1.75283e-06
1.75383e-06
1.7535e-06
1.75356e-06
1.75312e-06
1.75308e-06
1.75279e-06
1.75278e-06
1.7526e-06
1.7526e-06
1.75248e-06
1.7525e-06
1.75242e-06
1.75245e-06
1.7524e-06
1.75242e-06
1.75239e-06
1.7524e-06
1.75238e-06
1.75238e-06
1.75238e-06
1.75238e-06
1.75238e-06
1.75238e-06
1.7524e-06
1.75239e-06
1.75242e-06
1.7524e-06
1.75245e-06
1.75243e-06
1.7525e-06
1.75248e-06
1.7526e-06
1.7526e-06
1.75278e-06
1.7528e-06
1.75308e-06
1.75312e-06
1.75356e-06
1.7535e-06
1.75383e-06
1.75283e-06
1.75101e-06
1.74627e-06
1.7371e-06
1.72701e-06
1.68409e-06
1.69394e-06
1.70276e-06
1.70728e-06
1.70901e-06
1.70997e-06
1.70963e-06
1.70967e-06
1.70924e-06
1.7092e-06
1.70891e-06
1.70889e-06
1.70871e-06
1.70871e-06
1.70859e-06
1.70861e-06
1.70853e-06
1.70856e-06
1.70851e-06
1.70852e-06
1.70849e-06
1.7085e-06
1.70848e-06
1.70849e-06
1.70848e-06
1.70848e-06
1.70849e-06
1.70848e-06
1.7085e-06
1.70849e-06
1.70853e-06
1.70851e-06
1.70856e-06
1.70853e-06
1.70861e-06
1.70859e-06
1.70871e-06
1.70871e-06
1.70889e-06
1.70891e-06
1.7092e-06
1.70924e-06
1.70967e-06
1.70963e-06
1.70996e-06
1.70901e-06
1.70728e-06
1.70276e-06
1.69394e-06
1.68408e-06
1.64274e-06
1.65237e-06
1.66083e-06
1.66514e-06
1.66679e-06
1.66769e-06
1.66736e-06
1.66738e-06
1.66695e-06
1.6669e-06
1.66661e-06
1.66659e-06
1.66641e-06
1.66641e-06
1.66629e-06
1.66631e-06
1.66623e-06
1.66625e-06
1.66621e-06
1.66622e-06
1.66619e-06
1.6662e-06
1.66618e-06
1.66619e-06
1.66618e-06
1.66618e-06
1.66619e-06
1.66618e-06
1.6662e-06
1.66619e-06
1.66622e-06
1.66621e-06
1.66625e-06
1.66623e-06
1.66631e-06
1.66629e-06
1.66641e-06
1.66641e-06
1.66659e-06
1.66662e-06
1.6669e-06
1.66695e-06
1.66738e-06
1.66736e-06
1.66769e-06
1.66678e-06
1.66514e-06
1.66083e-06
1.65237e-06
1.64274e-06
1.60288e-06
1.61228e-06
1.6204e-06
1.6245e-06
1.62605e-06
1.62691e-06
1.62657e-06
1.62658e-06
1.62615e-06
1.62609e-06
1.62581e-06
1.62578e-06
1.6256e-06
1.6256e-06
1.62548e-06
1.6255e-06
1.62542e-06
1.62544e-06
1.6254e-06
1.62541e-06
1.62538e-06
1.62539e-06
1.62537e-06
1.62538e-06
1.62537e-06
1.62537e-06
1.62538e-06
1.62537e-06
1.62539e-06
1.62538e-06
1.62541e-06
1.6254e-06
1.62544e-06
1.62542e-06
1.6255e-06
1.62549e-06
1.6256e-06
1.62561e-06
1.62578e-06
1.62581e-06
1.62609e-06
1.62616e-06
1.62658e-06
1.62657e-06
1.62691e-06
1.62605e-06
1.6245e-06
1.62039e-06
1.61228e-06
1.60288e-06
1.56441e-06
1.57359e-06
1.58135e-06
1.58526e-06
1.58672e-06
1.58753e-06
1.58719e-06
1.58718e-06
1.58676e-06
1.58669e-06
1.58641e-06
1.58638e-06
1.5862e-06
1.58619e-06
1.58608e-06
1.58609e-06
1.58602e-06
1.58603e-06
1.58599e-06
1.586e-06
1.58597e-06
1.58598e-06
1.58596e-06
1.58597e-06
1.58596e-06
1.58596e-06
1.58597e-06
1.58596e-06
1.58598e-06
1.58597e-06
1.586e-06
1.58599e-06
1.58604e-06
1.58602e-06
1.58609e-06
1.58608e-06
1.58619e-06
1.5862e-06
1.58638e-06
1.58641e-06
1.58669e-06
1.58676e-06
1.58718e-06
1.58719e-06
1.58753e-06
1.58672e-06
1.58525e-06
1.58135e-06
1.57359e-06
1.56441e-06
1.52726e-06
1.53621e-06
1.54363e-06
1.54734e-06
1.54871e-06
1.54948e-06
1.54913e-06
1.5491e-06
1.54869e-06
1.54861e-06
1.54834e-06
1.5483e-06
1.54812e-06
1.54811e-06
1.548e-06
1.54801e-06
1.54793e-06
1.54795e-06
1.54791e-06
1.54792e-06
1.54789e-06
1.5479e-06
1.54788e-06
1.54788e-06
1.54788e-06
1.54788e-06
1.54788e-06
1.54788e-06
1.5479e-06
1.54789e-06
1.54792e-06
1.54791e-06
1.54795e-06
1.54794e-06
1.54801e-06
1.548e-06
1.54811e-06
1.54812e-06
1.5483e-06
1.54834e-06
1.54861e-06
1.54869e-06
1.5491e-06
1.54913e-06
1.54947e-06
1.54871e-06
1.54733e-06
1.54362e-06
1.53621e-06
1.52726e-06
1.49136e-06
1.50006e-06
1.50714e-06
1.51067e-06
1.51196e-06
1.51267e-06
1.51232e-06
1.51228e-06
1.51187e-06
1.51178e-06
1.51151e-06
1.51147e-06
1.51129e-06
1.51128e-06
1.51117e-06
1.51118e-06
1.51111e-06
1.51112e-06
1.51108e-06
1.51109e-06
1.51106e-06
1.51107e-06
1.51105e-06
1.51105e-06
1.51105e-06
1.51105e-06
1.51105e-06
1.51105e-06
1.51107e-06
1.51106e-06
1.51109e-06
1.51108e-06
1.51112e-06
1.51111e-06
1.51118e-06
1.51117e-06
1.51128e-06
1.5113e-06
1.51147e-06
1.51151e-06
1.51178e-06
1.51187e-06
1.51228e-06
1.51232e-06
1.51267e-06
1.51195e-06
1.51066e-06
1.50714e-06
1.50006e-06
1.49136e-06
1.45664e-06
1.46509e-06
1.47184e-06
1.47518e-06
1.47639e-06
1.47705e-06
1.4767e-06
1.47664e-06
1.47624e-06
1.47614e-06
1.47587e-06
1.47583e-06
1.47565e-06
1.47564e-06
1.47553e-06
1.47553e-06
1.47546e-06
1.47548e-06
1.47543e-06
1.47544e-06
1.47542e-06
1.47542e-06
1.47541e-06
1.47541e-06
1.47541e-06
1.47541e-06
1.47541e-06
1.47541e-06
1.47542e-06
1.47542e-06
1.47545e-06
1.47544e-06
1.47548e-06
1.47547e-06
1.47553e-06
1.47553e-06
1.47564e-06
1.47566e-06
1.47583e-06
1.47588e-06
1.47614e-06
1.47624e-06
1.47664e-06
1.4767e-06
1.47705e-06
1.47638e-06
1.47518e-06
1.47184e-06
1.46509e-06
1.45663e-06
1.42304e-06
1.43123e-06
1.43765e-06
1.44082e-06
1.44195e-06
1.44257e-06
1.4422e-06
1.44214e-06
1.44173e-06
1.44163e-06
1.44137e-06
1.44131e-06
1.44114e-06
1.44112e-06
1.44102e-06
1.44102e-06
1.44095e-06
1.44096e-06
1.44092e-06
1.44093e-06
1.4409e-06
1.44091e-06
1.44089e-06
1.4409e-06
1.44089e-06
1.44089e-06
1.4409e-06
1.44089e-06
1.44091e-06
1.4409e-06
1.44093e-06
1.44092e-06
1.44096e-06
1.44095e-06
1.44102e-06
1.44102e-06
1.44113e-06
1.44115e-06
1.44131e-06
1.44137e-06
1.44163e-06
1.44173e-06
1.44214e-06
1.4422e-06
1.44256e-06
1.44194e-06
1.44082e-06
1.43765e-06
1.43123e-06
1.42304e-06
1.39051e-06
1.39842e-06
1.40453e-06
1.40754e-06
1.40858e-06
1.40915e-06
1.40878e-06
1.4087e-06
1.4083e-06
1.4082e-06
1.40793e-06
1.40788e-06
1.40771e-06
1.40769e-06
1.40758e-06
1.40758e-06
1.40751e-06
1.40752e-06
1.40748e-06
1.40749e-06
1.40746e-06
1.40747e-06
1.40745e-06
1.40746e-06
1.40745e-06
1.40745e-06
1.40746e-06
1.40745e-06
1.40747e-06
1.40746e-06
1.40749e-06
1.40748e-06
1.40753e-06
1.40752e-06
1.40758e-06
1.40758e-06
1.40769e-06
1.40771e-06
1.40788e-06
1.40793e-06
1.4082e-06
1.4083e-06
1.4087e-06
1.40878e-06
1.40915e-06
1.40858e-06
1.40754e-06
1.40453e-06
1.39841e-06
1.3905e-06
1.35899e-06
1.36661e-06
1.37243e-06
1.37527e-06
1.37623e-06
1.37676e-06
1.37639e-06
1.37629e-06
1.3759e-06
1.37578e-06
1.37552e-06
1.37546e-06
1.3753e-06
1.37527e-06
1.37517e-06
1.37517e-06
1.3751e-06
1.37511e-06
1.37507e-06
1.37508e-06
1.37505e-06
1.37505e-06
1.37504e-06
1.37504e-06
1.37504e-06
1.37504e-06
1.37504e-06
1.37504e-06
1.37505e-06
1.37505e-06
1.37508e-06
1.37507e-06
1.37511e-06
1.3751e-06
1.37517e-06
1.37517e-06
1.37527e-06
1.3753e-06
1.37546e-06
1.37552e-06
1.37578e-06
1.3759e-06
1.37629e-06
1.37639e-06
1.37676e-06
1.37623e-06
1.37527e-06
1.37243e-06
1.3666e-06
1.35899e-06
1.32845e-06
1.33576e-06
1.34129e-06
1.34398e-06
1.34486e-06
1.34534e-06
1.34497e-06
1.34486e-06
1.34447e-06
1.34435e-06
1.34409e-06
1.34403e-06
1.34386e-06
1.34384e-06
1.34373e-06
1.34373e-06
1.34366e-06
1.34367e-06
1.34363e-06
1.34364e-06
1.34361e-06
1.34362e-06
1.3436e-06
1.3436e-06
1.3436e-06
1.3436e-06
1.34361e-06
1.3436e-06
1.34362e-06
1.34361e-06
1.34364e-06
1.34363e-06
1.34367e-06
1.34367e-06
1.34373e-06
1.34374e-06
1.34384e-06
1.34386e-06
1.34403e-06
1.34409e-06
1.34435e-06
1.34447e-06
1.34486e-06
1.34497e-06
1.34534e-06
1.34486e-06
1.34398e-06
1.34129e-06
1.33575e-06
1.32844e-06
1.29882e-06
1.30582e-06
1.31107e-06
1.31363e-06
1.31442e-06
1.31486e-06
1.31448e-06
1.31436e-06
1.31397e-06
1.31385e-06
1.31359e-06
1.31352e-06
1.31336e-06
1.31333e-06
1.31323e-06
1.31323e-06
1.31316e-06
1.31317e-06
1.31313e-06
1.31314e-06
1.31311e-06
1.31311e-06
1.3131e-06
1.3131e-06
1.3131e-06
1.3131e-06
1.3131e-06
1.3131e-06
1.31312e-06
1.31311e-06
1.31314e-06
1.31313e-06
1.31317e-06
1.31316e-06
1.31323e-06
1.31323e-06
1.31334e-06
1.31336e-06
1.31352e-06
1.31359e-06
1.31385e-06
1.31397e-06
1.31436e-06
1.31448e-06
1.31486e-06
1.31442e-06
1.31362e-06
1.31107e-06
1.30582e-06
1.29882e-06
1.27008e-06
1.27676e-06
1.28174e-06
1.28416e-06
1.28487e-06
1.28527e-06
1.28489e-06
1.28475e-06
1.28437e-06
1.28424e-06
1.28399e-06
1.28391e-06
1.28376e-06
1.28373e-06
1.28363e-06
1.28362e-06
1.28356e-06
1.28356e-06
1.28352e-06
1.28353e-06
1.2835e-06
1.28351e-06
1.28349e-06
1.28349e-06
1.28349e-06
1.28349e-06
1.28349e-06
1.28349e-06
1.28351e-06
1.2835e-06
1.28353e-06
1.28352e-06
1.28356e-06
1.28356e-06
1.28362e-06
1.28363e-06
1.28373e-06
1.28376e-06
1.28392e-06
1.28399e-06
1.28424e-06
1.28437e-06
1.28475e-06
1.28489e-06
1.28527e-06
1.28487e-06
1.28415e-06
1.28174e-06
1.27676e-06
1.27007e-06
1.24217e-06
1.24855e-06
1.25325e-06
1.25554e-06
1.25618e-06
1.25654e-06
1.25615e-06
1.256e-06
1.25562e-06
1.25548e-06
1.25523e-06
1.25516e-06
1.255e-06
1.25497e-06
1.25487e-06
1.25486e-06
1.2548e-06
1.25481e-06
1.25477e-06
1.25477e-06
1.25475e-06
1.25475e-06
1.25474e-06
1.25474e-06
1.25473e-06
1.25473e-06
1.25474e-06
1.25474e-06
1.25475e-06
1.25475e-06
1.25477e-06
1.25477e-06
1.25481e-06
1.2548e-06
1.25487e-06
1.25487e-06
1.25497e-06
1.25501e-06
1.25516e-06
1.25524e-06
1.25548e-06
1.25562e-06
1.256e-06
1.25614e-06
1.25654e-06
1.25618e-06
1.25553e-06
1.25325e-06
1.24854e-06
1.24216e-06
1.21506e-06
1.22113e-06
1.22557e-06
1.22773e-06
1.2283e-06
1.22862e-06
1.22822e-06
1.22807e-06
1.22769e-06
1.22755e-06
1.2273e-06
1.22722e-06
1.22707e-06
1.22704e-06
1.22694e-06
1.22693e-06
1.22687e-06
1.22687e-06
1.22683e-06
1.22684e-06
1.22681e-06
1.22681e-06
1.2268e-06
1.2268e-06
1.2268e-06
1.2268e-06
1.2268e-06
1.2268e-06
1.22682e-06
1.22681e-06
1.22684e-06
1.22683e-06
1.22687e-06
1.22687e-06
1.22693e-06
1.22694e-06
1.22704e-06
1.22707e-06
1.22723e-06
1.2273e-06
1.22755e-06
1.22769e-06
1.22807e-06
1.22822e-06
1.22862e-06
1.2283e-06
1.22773e-06
1.22557e-06
1.22113e-06
1.21505e-06
1.18871e-06
1.19449e-06
1.19865e-06
1.2007e-06
1.2012e-06
1.20148e-06
1.20108e-06
1.20091e-06
1.20054e-06
1.20039e-06
1.20015e-06
1.20007e-06
1.19992e-06
1.19988e-06
1.19979e-06
1.19978e-06
1.19971e-06
1.19972e-06
1.19968e-06
1.19968e-06
1.19966e-06
1.19966e-06
1.19965e-06
1.19965e-06
1.19964e-06
1.19964e-06
1.19965e-06
1.19965e-06
1.19966e-06
1.19966e-06
1.19968e-06
1.19968e-06
1.19972e-06
1.19972e-06
1.19978e-06
1.19979e-06
1.19988e-06
1.19992e-06
1.20007e-06
1.20015e-06
1.20039e-06
1.20054e-06
1.20091e-06
1.20108e-06
1.20148e-06
1.2012e-06
1.2007e-06
1.19865e-06
1.19449e-06
1.1887e-06
1.16308e-06
1.16857e-06
1.17249e-06
1.17441e-06
1.17485e-06
1.17509e-06
1.17468e-06
1.17451e-06
1.17414e-06
1.17399e-06
1.17375e-06
1.17366e-06
1.17351e-06
1.17348e-06
1.17338e-06
1.17337e-06
1.17331e-06
1.17331e-06
1.17327e-06
1.17328e-06
1.17325e-06
1.17326e-06
1.17324e-06
1.17324e-06
1.17324e-06
1.17324e-06
1.17324e-06
1.17324e-06
1.17326e-06
1.17325e-06
1.17328e-06
1.17328e-06
1.17331e-06
1.17331e-06
1.17337e-06
1.17338e-06
1.17348e-06
1.17352e-06
1.17367e-06
1.17375e-06
1.17399e-06
1.17414e-06
1.17451e-06
1.17468e-06
1.17509e-06
1.17485e-06
1.17441e-06
1.17249e-06
1.16857e-06
1.16308e-06
1.13815e-06
1.14336e-06
1.14704e-06
1.14884e-06
1.14921e-06
1.14941e-06
1.149e-06
1.14882e-06
1.14845e-06
1.1483e-06
1.14806e-06
1.14797e-06
1.14783e-06
1.14779e-06
1.14769e-06
1.14768e-06
1.14762e-06
1.14762e-06
1.14758e-06
1.14759e-06
1.14756e-06
1.14757e-06
1.14755e-06
1.14755e-06
1.14755e-06
1.14755e-06
1.14756e-06
1.14755e-06
1.14757e-06
1.14756e-06
1.14759e-06
1.14759e-06
1.14762e-06
1.14762e-06
1.14768e-06
1.1477e-06
1.14779e-06
1.14783e-06
1.14798e-06
1.14806e-06
1.1483e-06
1.14845e-06
1.14882e-06
1.149e-06
1.14941e-06
1.14921e-06
1.14883e-06
1.14703e-06
1.14335e-06
1.13814e-06
1.11387e-06
1.11881e-06
1.12225e-06
1.12394e-06
1.12425e-06
1.12442e-06
1.124e-06
1.12381e-06
1.12344e-06
1.12329e-06
1.12305e-06
1.12297e-06
1.12282e-06
1.12278e-06
1.12269e-06
1.12268e-06
1.12262e-06
1.12262e-06
1.12258e-06
1.12258e-06
1.12256e-06
1.12256e-06
1.12255e-06
1.12255e-06
1.12255e-06
1.12255e-06
1.12255e-06
1.12255e-06
1.12256e-06
1.12256e-06
1.12258e-06
1.12258e-06
1.12262e-06
1.12262e-06
1.12268e-06
1.12269e-06
1.12278e-06
1.12282e-06
1.12297e-06
1.12305e-06
1.12329e-06
1.12344e-06
1.12381e-06
1.124e-06
1.12442e-06
1.12425e-06
1.12393e-06
1.12225e-06
1.11881e-06
1.11387e-06
1.09023e-06
1.09491e-06
1.09811e-06
1.09968e-06
1.09995e-06
1.10007e-06
1.09966e-06
1.09945e-06
1.09909e-06
1.09893e-06
1.0987e-06
1.09861e-06
1.09847e-06
1.09843e-06
1.09834e-06
1.09832e-06
1.09827e-06
1.09826e-06
1.09823e-06
1.09823e-06
1.09821e-06
1.09821e-06
1.09819e-06
1.0982e-06
1.09819e-06
1.09819e-06
1.0982e-06
1.0982e-06
1.09821e-06
1.09821e-06
1.09823e-06
1.09823e-06
1.09826e-06
1.09827e-06
1.09832e-06
1.09834e-06
1.09843e-06
1.09847e-06
1.09861e-06
1.0987e-06
1.09893e-06
1.09909e-06
1.09945e-06
1.09965e-06
1.10007e-06
1.09994e-06
1.09968e-06
1.0981e-06
1.0949e-06
1.09022e-06
1.06797e-06
1.07243e-06
1.07539e-06
1.07688e-06
1.07708e-06
1.07718e-06
1.07676e-06
1.07654e-06
1.07619e-06
1.07602e-06
1.0758e-06
1.07571e-06
1.07556e-06
1.07552e-06
1.07543e-06
1.07542e-06
1.07536e-06
1.07536e-06
1.07532e-06
1.07532e-06
1.0753e-06
1.0753e-06
1.07529e-06
1.07529e-06
1.07529e-06
1.07529e-06
1.07529e-06
1.07529e-06
1.0753e-06
1.0753e-06
1.07532e-06
1.07532e-06
1.07536e-06
1.07536e-06
1.07542e-06
1.07543e-06
1.07552e-06
1.07557e-06
1.07571e-06
1.0758e-06
1.07602e-06
1.07619e-06
1.07654e-06
1.07676e-06
1.07718e-06
1.07708e-06
1.07688e-06
1.07539e-06
1.07243e-06
1.06796e-06
1.04594e-06
1.05022e-06
1.05289e-06
1.05425e-06
1.05435e-06
1.05439e-06
1.05393e-06
1.05369e-06
1.05332e-06
1.05315e-06
1.05292e-06
1.05283e-06
1.05268e-06
1.05264e-06
1.05255e-06
1.05253e-06
1.05247e-06
1.05247e-06
1.05243e-06
1.05243e-06
1.05241e-06
1.05241e-06
1.0524e-06
1.0524e-06
1.0524e-06
1.0524e-06
1.0524e-06
1.0524e-06
1.05241e-06
1.05241e-06
1.05244e-06
1.05243e-06
1.05247e-06
1.05247e-06
1.05253e-06
1.05255e-06
1.05264e-06
1.05268e-06
1.05283e-06
1.05292e-06
1.05315e-06
1.05332e-06
1.05369e-06
1.05393e-06
1.05438e-06
1.05435e-06
1.05425e-06
1.05288e-06
1.05022e-06
1.04594e-06
1.0241e-06
1.02816e-06
1.03058e-06
1.03185e-06
1.0319e-06
1.0319e-06
1.03144e-06
1.0312e-06
1.03083e-06
1.03065e-06
1.03043e-06
1.03033e-06
1.03019e-06
1.03014e-06
1.03006e-06
1.03004e-06
1.02998e-06
1.02998e-06
1.02994e-06
1.02994e-06
1.02992e-06
1.02992e-06
1.02991e-06
1.02991e-06
1.0299e-06
1.0299e-06
1.02991e-06
1.02991e-06
1.02992e-06
1.02992e-06
1.02994e-06
1.02994e-06
1.02998e-06
1.02998e-06
1.03004e-06
1.03006e-06
1.03014e-06
1.03019e-06
1.03033e-06
1.03042e-06
1.03065e-06
1.03083e-06
1.03119e-06
1.03144e-06
1.0319e-06
1.0319e-06
1.03185e-06
1.03057e-06
1.02815e-06
1.02409e-06
1.00278e-06
1.00662e-06
1.00881e-06
1.00999e-06
1.00999e-06
1.00996e-06
1.0095e-06
1.00924e-06
1.00888e-06
1.0087e-06
1.00847e-06
1.00838e-06
1.00824e-06
1.00819e-06
1.00811e-06
1.00809e-06
1.00803e-06
1.00803e-06
1.00799e-06
1.00799e-06
1.00797e-06
1.00797e-06
1.00796e-06
1.00796e-06
1.00795e-06
1.00795e-06
1.00796e-06
1.00796e-06
1.00797e-06
1.00797e-06
1.00799e-06
1.00799e-06
1.00803e-06
1.00803e-06
1.00809e-06
1.00811e-06
1.00819e-06
1.00824e-06
1.00838e-06
1.00847e-06
1.0087e-06
1.00888e-06
1.00924e-06
1.00949e-06
1.00996e-06
1.00999e-06
1.00999e-06
1.0088e-06
1.00661e-06
1.00277e-06
9.81956e-07
9.85573e-07
9.87553e-07
9.88643e-07
9.88597e-07
9.88532e-07
9.88062e-07
9.87799e-07
9.87441e-07
9.87259e-07
9.87037e-07
9.8694e-07
9.86804e-07
9.86756e-07
9.86671e-07
9.86651e-07
9.86597e-07
9.86591e-07
9.86556e-07
9.86555e-07
9.86534e-07
9.86534e-07
9.86522e-07
9.86522e-07
9.86519e-07
9.86519e-07
9.86523e-07
9.86522e-07
9.86535e-07
9.86534e-07
9.86556e-07
9.86557e-07
9.86592e-07
9.86597e-07
9.86651e-07
9.86671e-07
9.86756e-07
9.86804e-07
9.8694e-07
9.87036e-07
9.87257e-07
9.87438e-07
9.87797e-07
9.88059e-07
9.88528e-07
9.88591e-07
9.88637e-07
9.87547e-07
9.85567e-07
9.81949e-07
9.62279e-07
9.6571e-07
9.67483e-07
9.6849e-07
9.68397e-07
9.68304e-07
9.67827e-07
9.67557e-07
9.67199e-07
9.67015e-07
9.66796e-07
9.66699e-07
9.66565e-07
9.66516e-07
9.66432e-07
9.66411e-07
9.66358e-07
9.66352e-07
9.66317e-07
9.66316e-07
9.66294e-07
9.66294e-07
9.66282e-07
9.66283e-07
9.66279e-07
9.6628e-07
9.66284e-07
9.66283e-07
9.66295e-07
9.66295e-07
9.66317e-07
9.66318e-07
9.66352e-07
9.66358e-07
9.66412e-07
9.66432e-07
9.66516e-07
9.66564e-07
9.66698e-07
9.66795e-07
9.67013e-07
9.67197e-07
9.67553e-07
9.67823e-07
9.68299e-07
9.68391e-07
9.68484e-07
9.67476e-07
9.65703e-07
9.62272e-07
9.43072e-07
9.46321e-07
9.47898e-07
9.48824e-07
9.48685e-07
9.48564e-07
9.4808e-07
9.47803e-07
9.47447e-07
9.47261e-07
9.47036e-07
9.46931e-07
9.4679e-07
9.46739e-07
9.46651e-07
9.46629e-07
9.46574e-07
9.46566e-07
9.4653e-07
9.46528e-07
9.46506e-07
9.46506e-07
9.46494e-07
9.46495e-07
9.46491e-07
9.46491e-07
9.46495e-07
9.46495e-07
9.46507e-07
9.46507e-07
9.46529e-07
9.46531e-07
9.46566e-07
9.46573e-07
9.46628e-07
9.46651e-07
9.46738e-07
9.4679e-07
9.4693e-07
9.47034e-07
9.47258e-07
9.47444e-07
9.47799e-07
9.48076e-07
9.48559e-07
9.48679e-07
9.48817e-07
9.47891e-07
9.46313e-07
9.43065e-07
9.23768e-07
9.26841e-07
9.28222e-07
9.29048e-07
9.28845e-07
9.28682e-07
9.28177e-07
9.27885e-07
9.27525e-07
9.27332e-07
9.27107e-07
9.26999e-07
9.26859e-07
9.26805e-07
9.26717e-07
9.26694e-07
9.26639e-07
9.26631e-07
9.26595e-07
9.26592e-07
9.26571e-07
9.2657e-07
9.26558e-07
9.26558e-07
9.26554e-07
9.26555e-07
9.26559e-07
9.26559e-07
9.26571e-07
9.26571e-07
9.26593e-07
9.26596e-07
9.26631e-07
9.26638e-07
9.26694e-07
9.26717e-07
9.26804e-07
9.26858e-07
9.26998e-07
9.27105e-07
9.27329e-07
9.27521e-07
9.2788e-07
9.28173e-07
9.28677e-07
9.28838e-07
9.29041e-07
9.28216e-07
9.26832e-07
9.2376e-07
9.04772e-07
9.07646e-07
9.0885e-07
9.09588e-07
9.09346e-07
9.09156e-07
9.08645e-07
9.08345e-07
9.07988e-07
9.07793e-07
9.07571e-07
9.07462e-07
9.07324e-07
9.0727e-07
9.07184e-07
9.0716e-07
9.07105e-07
9.07096e-07
9.0706e-07
9.07058e-07
9.07036e-07
9.07036e-07
9.07023e-07
9.07024e-07
9.0702e-07
9.0702e-07
9.07024e-07
9.07024e-07
9.07036e-07
9.07037e-07
9.07058e-07
9.07061e-07
9.07096e-07
9.07104e-07
9.07158e-07
9.07183e-07
9.07269e-07
9.07323e-07
9.07461e-07
9.07569e-07
9.0779e-07
9.07984e-07
9.0834e-07
9.0864e-07
9.0915e-07
9.09338e-07
9.0958e-07
9.08843e-07
9.07636e-07
9.04763e-07
8.86761e-07
8.89463e-07
8.90497e-07
8.91155e-07
8.90872e-07
8.90658e-07
8.90138e-07
8.89832e-07
8.89476e-07
8.8928e-07
8.8906e-07
8.8895e-07
8.88814e-07
8.88759e-07
8.88673e-07
8.88649e-07
8.88595e-07
8.88585e-07
8.8855e-07
8.88546e-07
8.88525e-07
8.88524e-07
8.88512e-07
8.88512e-07
8.88509e-07
8.88509e-07
8.88513e-07
8.88513e-07
8.88525e-07
8.88525e-07
8.88547e-07
8.8855e-07
8.88584e-07
8.88594e-07
8.88647e-07
8.88672e-07
8.88757e-07
8.88812e-07
8.88948e-07
8.89057e-07
8.89275e-07
8.89471e-07
8.89826e-07
8.90132e-07
8.90651e-07
8.90864e-07
8.91147e-07
8.9049e-07
8.89453e-07
8.86752e-07
8.69107e-07
8.71662e-07
8.72531e-07
8.73103e-07
8.72709e-07
8.7244e-07
8.71866e-07
8.71534e-07
8.7116e-07
8.70954e-07
8.70728e-07
8.70613e-07
8.70474e-07
8.70416e-07
8.70329e-07
8.70304e-07
8.70249e-07
8.70239e-07
8.70202e-07
8.70199e-07
8.70177e-07
8.70176e-07
8.70164e-07
8.70164e-07
8.7016e-07
8.7016e-07
8.70165e-07
8.70165e-07
8.70176e-07
8.70177e-07
8.70199e-07
8.70203e-07
8.70237e-07
8.70247e-07
8.70302e-07
8.70328e-07
8.70414e-07
8.70472e-07
8.70611e-07
8.70724e-07
8.70949e-07
8.71155e-07
8.71528e-07
8.7186e-07
8.72434e-07
8.72701e-07
8.73095e-07
8.72522e-07
8.71652e-07
8.69098e-07
8.51828e-07
8.54221e-07
8.54932e-07
8.55427e-07
8.54993e-07
8.54699e-07
8.54111e-07
8.53773e-07
8.53398e-07
8.5319e-07
8.52966e-07
8.52851e-07
8.52712e-07
8.52654e-07
8.52568e-07
8.52542e-07
8.52488e-07
8.52477e-07
8.5244e-07
8.52436e-07
8.52415e-07
8.52414e-07
8.52402e-07
8.52402e-07
8.52398e-07
8.52398e-07
8.52402e-07
8.52402e-07
8.52414e-07
8.52415e-07
8.52437e-07
8.52441e-07
8.52475e-07
8.52485e-07
8.52539e-07
8.52566e-07
8.52652e-07
8.5271e-07
8.52847e-07
8.52962e-07
8.53185e-07
8.53392e-07
8.53766e-07
8.54104e-07
8.54693e-07
8.54984e-07
8.55418e-07
8.54923e-07
8.5421e-07
8.51818e-07
8.34884e-07
8.37121e-07
8.3768e-07
8.38098e-07
8.37628e-07
8.3731e-07
8.36706e-07
8.36362e-07
8.35986e-07
8.35776e-07
8.35554e-07
8.35438e-07
8.35301e-07
8.35242e-07
8.35157e-07
8.3513e-07
8.35076e-07
8.35065e-07
8.35028e-07
8.35024e-07
8.35003e-07
8.35001e-07
8.34989e-07
8.34989e-07
8.34985e-07
8.34985e-07
8.34989e-07
8.3499e-07
8.35001e-07
8.35002e-07
8.35024e-07
8.35028e-07
8.35062e-07
8.35073e-07
8.35127e-07
8.35154e-07
8.35239e-07
8.35297e-07
8.35434e-07
8.35549e-07
8.3577e-07
8.35979e-07
8.36354e-07
8.36697e-07
8.37303e-07
8.37618e-07
8.38088e-07
8.37668e-07
8.3711e-07
8.34872e-07
8.17946e-07
8.17941e-07
8.17921e-07
8.17919e-07
8.17907e-07
8.17907e-07
8.17903e-07
8.17903e-07
8.17907e-07
8.17908e-07
8.17919e-07
8.1792e-07
8.17942e-07
8.17946e-07
8.1798e-07
8.17991e-07
8.18045e-07
8.18072e-07
8.18157e-07
8.18216e-07
8.18351e-07
8.18467e-07
8.18685e-07
8.18896e-07
8.19272e-07
8.19622e-07
8.20244e-07
8.20583e-07
8.21086e-07
8.20741e-07
8.2033e-07
8.18244e-07
8.00765e-07
8.00767e-07
8.00788e-07
8.00793e-07
8.00827e-07
8.00839e-07
8.00893e-07
8.00921e-07
8.01006e-07
8.01067e-07
8.01203e-07
8.01322e-07
8.01543e-07
8.0176e-07
8.02148e-07
8.02514e-07
8.03177e-07
8.0356e-07
8.0412e-07
8.03872e-07
8.03615e-07
8.01649e-07
7.85039e-07
7.85257e-07
7.85648e-07
7.86022e-07
7.86703e-07
7.8711e-07
7.87701e-07
7.87526e-07
7.87406e-07
7.85581e-07
)
;

boundaryField
{
    fuel
    {
        type            fixedValue;
        value           nonuniform 0();
    }
    wall
    {
        type            zeroGradient;
    }
    outlet
    {
        type            zeroGradient;
    }
    frontAndBack
    {
        type            empty;
    }
    procBoundary0to1
    {
        type            processor;
        value           nonuniform List<scalar> 
50
(
2.02512e-06
2.03679e-06
2.04827e-06
2.05424e-06
2.05658e-06
2.05786e-06
2.05753e-06
2.0577e-06
2.05721e-06
2.05725e-06
2.05693e-06
2.05697e-06
2.05676e-06
2.0568e-06
2.05667e-06
2.0567e-06
2.05661e-06
2.05665e-06
2.0566e-06
2.05662e-06
2.05659e-06
2.0566e-06
2.05658e-06
2.05659e-06
2.05658e-06
2.05658e-06
2.05659e-06
2.05658e-06
2.0566e-06
2.05659e-06
2.05663e-06
2.0566e-06
2.05666e-06
2.05662e-06
2.0567e-06
2.05667e-06
2.0568e-06
2.05677e-06
2.05697e-06
2.05694e-06
2.05725e-06
2.05721e-06
2.0577e-06
2.05753e-06
2.05786e-06
2.05658e-06
2.05424e-06
2.04827e-06
2.03679e-06
2.02512e-06
)
;
    }
    procBoundary0to2
    {
        type            processor;
        value           nonuniform List<scalar> 
53
(
8.18254e-07
8.20341e-07
8.20752e-07
8.21095e-07
8.20593e-07
8.20251e-07
8.19628e-07
8.19279e-07
8.18902e-07
8.18691e-07
8.1847e-07
8.18353e-07
8.18218e-07
8.18158e-07
8.18074e-07
8.18046e-07
8.17993e-07
8.17981e-07
8.17981e-07
8.00792e-07
8.00787e-07
8.00766e-07
8.00764e-07
8.00752e-07
8.00752e-07
8.00748e-07
8.00748e-07
8.00752e-07
8.00753e-07
8.00753e-07
7.84259e-07
7.84261e-07
7.84283e-07
7.84288e-07
7.84322e-07
7.84334e-07
7.84387e-07
7.84416e-07
7.84501e-07
7.84562e-07
7.84698e-07
7.84818e-07
7.84818e-07
7.68805e-07
7.69025e-07
7.69421e-07
7.69804e-07
7.70501e-07
7.70932e-07
7.71552e-07
7.7145e-07
7.71463e-07
7.69773e-07
)
;
    }
}


// ************************************************************************* //
