/*--------------------------------*- C++ -*----------------------------------*\
| =========                 |                                                 |
| \\      /  F ield         | OpenFOAM: The Open Source CFD Toolbox           |
|  \\    /   O peration     | Version:  dev                                   |
|   \\  /    A nd           | Web:      www.OpenFOAM.org                      |
|    \\/     M anipulation  |                                                 |
\*---------------------------------------------------------------------------*/
FoamFile
{
    version     2.0;
    format      ascii;
    class       volScalarField;
    location    "0.01";
    object      A3C2H2;
}
// * * * * * * * * * * * * * * * * * * * * * * * * * * * * * * * * * * * * * //

dimensions      [0 0 0 0 0 0 0];

internalField   nonuniform List<scalar> 
2014
(
3.82829e-15
4.03805e-15
4.24487e-15
4.16706e-15
3.85082e-15
3.36655e-15
2.84601e-15
2.3697e-15
1.98903e-15
1.69522e-15
1.47274e-15
1.30807e-15
1.18748e-15
1.08981e-15
1.022e-15
9.69749e-16
9.31067e-16
9.04213e-16
8.84671e-16
8.70742e-16
8.61096e-16
8.54426e-16
8.50053e-16
8.47463e-16
8.46211e-16
8.46158e-16
8.47318e-16
8.49876e-16
8.54219e-16
8.609e-16
8.70651e-16
8.84727e-16
9.04502e-16
9.31433e-16
9.70548e-16
1.02296e-15
1.09105e-15
1.18884e-15
1.30977e-15
1.47496e-15
1.69786e-15
1.99238e-15
2.37383e-15
2.85083e-15
3.3719e-15
3.85613e-15
4.1726e-15
4.25015e-15
4.04299e-15
3.83323e-15
3.60624e-15
3.82728e-15
4.06927e-15
4.03234e-15
3.75015e-15
3.29048e-15
2.77611e-15
2.30422e-15
1.92478e-15
1.63165e-15
1.41251e-15
1.24627e-15
1.12638e-15
1.03011e-15
9.62966e-16
9.12533e-16
8.72941e-16
8.46883e-16
8.278e-16
8.14198e-16
8.04802e-16
7.98282e-16
7.94024e-16
7.91495e-16
7.90272e-16
7.90221e-16
7.91353e-16
7.9385e-16
7.98079e-16
8.04608e-16
8.14111e-16
8.27852e-16
8.47172e-16
8.7334e-16
9.13256e-16
9.639e-16
1.03134e-15
1.12775e-15
1.24796e-15
1.41475e-15
1.63429e-15
1.92812e-15
2.30833e-15
2.78092e-15
3.29554e-15
3.7554e-15
4.03764e-15
4.0742e-15
3.83186e-15
3.61076e-15
3.39203e-15
3.62248e-15
3.89639e-15
3.89975e-15
3.65182e-15
3.21474e-15
2.71335e-15
2.24294e-15
1.86509e-15
1.57271e-15
1.35501e-15
1.18913e-15
1.06996e-15
9.75156e-16
9.08445e-16
8.58669e-16
8.21153e-16
7.94021e-16
7.75359e-16
7.62101e-16
7.52959e-16
7.46579e-16
7.4244e-16
7.39975e-16
7.38783e-16
7.38733e-16
7.39837e-16
7.42269e-16
7.46378e-16
7.52769e-16
7.62015e-16
7.75417e-16
7.94312e-16
8.21686e-16
8.59377e-16
9.09365e-16
9.76364e-16
1.07132e-15
1.1908e-15
1.35718e-15
1.57534e-15
1.86841e-15
2.24704e-15
2.71814e-15
3.2197e-15
3.65705e-15
3.90481e-15
3.90097e-15
3.62672e-15
3.39616e-15
3.18583e-15
3.42863e-15
3.73222e-15
3.76899e-15
3.56006e-15
3.14098e-15
2.65401e-15
2.1883e-15
1.8095e-15
1.51797e-15
1.30107e-15
1.13621e-15
1.01779e-15
9.26079e-16
8.58041e-16
8.08905e-16
7.73228e-16
7.45209e-16
7.26935e-16
7.14037e-16
7.0516e-16
6.98903e-16
6.94884e-16
6.92496e-16
6.91333e-16
6.91284e-16
6.9236e-16
6.94715e-16
6.98705e-16
7.04975e-16
7.13952e-16
7.26996e-16
7.455e-16
7.73791e-16
8.096e-16
8.58941e-16
9.27266e-16
1.01914e-15
1.1379e-15
1.30324e-15
1.5206e-15
1.81281e-15
2.19238e-15
2.65878e-15
3.14693e-15
3.5649e-15
3.77383e-15
3.73646e-15
3.43256e-15
3.18959e-15
2.98773e-15
3.24106e-15
3.56843e-15
3.63977e-15
3.46561e-15
3.07308e-15
2.59571e-15
2.13505e-15
1.75761e-15
1.46703e-15
1.25096e-15
1.08709e-15
9.6946e-16
8.78856e-16
8.11297e-16
7.6289e-16
7.2786e-16
7.018e-16
6.82156e-16
6.69642e-16
6.6104e-16
6.54883e-16
6.50972e-16
6.48691e-16
6.47557e-16
6.47509e-16
6.48558e-16
6.50804e-16
6.54687e-16
6.60859e-16
6.69558e-16
6.82221e-16
7.0209e-16
7.28381e-16
7.63574e-16
8.12181e-16
8.8e-16
9.70814e-16
1.08885e-15
1.25311e-15
1.46966e-15
1.7609e-15
2.1392e-15
2.60047e-15
3.07906e-15
3.46949e-15
3.64443e-15
3.57246e-15
3.24471e-15
2.99115e-15
2.7952e-15
3.05903e-15
3.4048e-15
3.51185e-15
3.37221e-15
3.00418e-15
2.5389e-15
2.08403e-15
1.70902e-15
1.41953e-15
1.20433e-15
1.04329e-15
9.24586e-16
8.34904e-16
7.69583e-16
7.20273e-16
6.85888e-16
6.60953e-16
6.42278e-16
6.28595e-16
6.2027e-16
6.1419e-16
6.1034e-16
6.08233e-16
6.07127e-16
6.0708e-16
6.08101e-16
6.10175e-16
6.13996e-16
6.20094e-16
6.28512e-16
6.42346e-16
6.6124e-16
6.86379e-16
7.20943e-16
7.70456e-16
8.36033e-16
9.25935e-16
1.04507e-15
1.20646e-15
1.42215e-15
1.71229e-15
2.08817e-15
2.54362e-15
3.0097e-15
3.37928e-15
3.51652e-15
3.40851e-15
3.06226e-15
2.79831e-15
2.61413e-15
2.88457e-15
3.25011e-15
3.38507e-15
3.28379e-15
2.93632e-15
2.48426e-15
2.03557e-15
1.66338e-15
1.37512e-15
1.16084e-15
1.00099e-15
8.82814e-16
7.94069e-16
7.30374e-16
6.80725e-16
6.47016e-16
6.22504e-16
6.05e-16
5.92041e-16
5.82556e-16
5.7653e-16
5.72641e-16
5.70828e-16
5.69748e-16
5.69703e-16
5.70695e-16
5.72476e-16
5.76339e-16
5.82384e-16
5.91959e-16
6.05077e-16
6.22787e-16
6.4748e-16
6.81383e-16
7.31222e-16
7.95187e-16
8.84156e-16
1.00273e-15
1.16296e-15
1.37774e-15
1.66665e-15
2.03969e-15
2.48895e-15
2.94157e-15
3.28976e-15
3.39029e-15
3.25347e-15
2.88754e-15
2.61692e-15
2.44068e-15
2.71374e-15
3.09886e-15
3.26437e-15
3.19589e-15
2.86971e-15
2.43144e-15
1.98932e-15
1.6204e-15
1.33352e-15
1.1202e-15
9.61325e-16
8.43848e-16
7.56121e-16
6.93141e-16
6.45341e-16
6.10959e-16
5.86851e-16
5.69678e-16
5.57627e-16
5.48942e-16
5.42965e-16
5.38902e-16
5.3621e-16
5.35155e-16
5.3511e-16
5.36077e-16
5.38736e-16
5.42776e-16
5.48774e-16
5.57565e-16
5.69757e-16
5.87129e-16
6.11404e-16
6.45987e-16
6.93981e-16
7.57229e-16
8.45185e-16
9.63037e-16
1.12231e-15
1.33613e-15
1.62365e-15
1.99344e-15
2.4361e-15
2.87473e-15
3.20101e-15
3.26676e-15
3.10226e-15
2.71647e-15
2.44292e-15
2.275e-15
2.5498e-15
2.95204e-15
3.14471e-15
3.10649e-15
2.80411e-15
2.38014e-15
1.94732e-15
1.57977e-15
1.29444e-15
1.08215e-15
9.2425e-16
8.08899e-16
7.20793e-16
6.58535e-16
6.12249e-16
5.77449e-16
5.53764e-16
5.36918e-16
5.25163e-16
5.16885e-16
5.11343e-16
5.07623e-16
5.05345e-16
5.04313e-16
5.0427e-16
5.05213e-16
5.07473e-16
5.11172e-16
5.16731e-16
5.25105e-16
5.36998e-16
5.54036e-16
5.77881e-16
6.12891e-16
6.59367e-16
7.21894e-16
8.10235e-16
9.25938e-16
1.08425e-15
1.29704e-15
1.58301e-15
1.95145e-15
2.38477e-15
2.80894e-15
3.11136e-15
3.14768e-15
2.95488e-15
2.5523e-15
2.27669e-15
2.11883e-15
2.39323e-15
2.8049e-15
3.02241e-15
3.01585e-15
2.73931e-15
2.33006e-15
1.90644e-15
1.54123e-15
1.25762e-15
1.04645e-15
8.89535e-16
7.75432e-16
6.87855e-16
6.2633e-16
5.80586e-16
5.47426e-16
5.22994e-16
5.06498e-16
4.9503e-16
4.86932e-16
4.81466e-16
4.77819e-16
4.75832e-16
4.74874e-16
4.74833e-16
4.75705e-16
4.77673e-16
4.81298e-16
4.86784e-16
4.94975e-16
5.06578e-16
5.23261e-16
5.47848e-16
5.81217e-16
6.27155e-16
6.88951e-16
7.76731e-16
8.91204e-16
1.04853e-15
1.26022e-15
1.54446e-15
1.91034e-15
2.33467e-15
2.74397e-15
3.0202e-15
3.02543e-15
2.80749e-15
2.39551e-15
2.12127e-15
1.97246e-15
2.24687e-15
2.66655e-15
2.90621e-15
2.92987e-15
2.67514e-15
2.28364e-15
1.86569e-15
1.50451e-15
1.22283e-15
1.01287e-15
8.5697e-16
7.43654e-16
6.5709e-16
5.96284e-16
5.51107e-16
5.1886e-16
4.95406e-16
4.78208e-16
4.67032e-16
4.5909e-16
4.53699e-16
4.50125e-16
4.48323e-16
4.47382e-16
4.47341e-16
4.48201e-16
4.49982e-16
4.53534e-16
4.58946e-16
4.6698e-16
4.78286e-16
4.95667e-16
5.19279e-16
5.51729e-16
5.97104e-16
6.58182e-16
7.4495e-16
8.58624e-16
1.01494e-15
1.22542e-15
1.50774e-15
1.86958e-15
2.28823e-15
2.67964e-15
2.93366e-15
2.90906e-15
2.66893e-15
2.24893e-15
1.97425e-15
1.83445e-15
2.10654e-15
2.53018e-15
2.79211e-15
2.84238e-15
2.6114e-15
2.23618e-15
1.82626e-15
1.46941e-15
1.18986e-15
9.81201e-16
8.26363e-16
7.13878e-16
6.29416e-16
5.68193e-16
5.23626e-16
4.9189e-16
4.69335e-16
4.52834e-16
4.40984e-16
4.33176e-16
4.27862e-16
4.2437e-16
4.22757e-16
4.21826e-16
4.21787e-16
4.22644e-16
4.24229e-16
4.27701e-16
4.33037e-16
4.40935e-16
4.52911e-16
4.69603e-16
4.92302e-16
5.24239e-16
5.69007e-16
6.30504e-16
7.1517e-16
8.28006e-16
9.83261e-16
1.19245e-15
1.47263e-15
1.83012e-15
2.24054e-15
2.61575e-15
2.84602e-15
2.79474e-15
2.53197e-15
2.10817e-15
1.83596e-15
1.70367e-15
1.97228e-15
2.3964e-15
2.6797e-15
2.75323e-15
2.54791e-15
2.18896e-15
1.78792e-15
1.4357e-15
1.15851e-15
9.51263e-16
7.97537e-16
6.85919e-16
6.02629e-16
5.41873e-16
4.97974e-16
4.66723e-16
4.44547e-16
4.28701e-16
4.17618e-16
4.09926e-16
4.04688e-16
4.01269e-16
3.98966e-16
3.98039e-16
3.98001e-16
3.98865e-16
4.01131e-16
4.0453e-16
4.09791e-16
4.17572e-16
4.28785e-16
4.44808e-16
4.67129e-16
4.98581e-16
5.42683e-16
6.03699e-16
6.87205e-16
7.99169e-16
9.53313e-16
1.16109e-15
1.43892e-15
1.79176e-15
2.19326e-15
2.55211e-15
2.75647e-15
2.68185e-15
2.39797e-15
1.9737e-15
1.70495e-15
1.58097e-15
1.84734e-15
2.27128e-15
2.56648e-15
2.66863e-15
2.48457e-15
2.14228e-15
1.75049e-15
1.4032e-15
1.1286e-15
9.22882e-16
7.70326e-16
6.59629e-16
5.77325e-16
5.18148e-16
4.73996e-16
4.43207e-16
4.21414e-16
4.05857e-16
3.95155e-16
3.87812e-16
3.82892e-16
3.79755e-16
3.77617e-16
3.76696e-16
3.76659e-16
3.77525e-16
3.79616e-16
3.82738e-16
3.87684e-16
3.95116e-16
4.05938e-16
4.21668e-16
4.43607e-16
4.74597e-16
5.18955e-16
5.78377e-16
6.60909e-16
7.71949e-16
9.24921e-16
1.13116e-15
1.40642e-15
1.75431e-15
2.14651e-15
2.48862e-15
2.67153e-15
2.5684e-15
2.27262e-15
1.84858e-15
1.58207e-15
1.4672e-15
1.72856e-15
2.14979e-15
2.45945e-15
2.58198e-15
2.42125e-15
2.09599e-15
1.71379e-15
1.37173e-15
1.09997e-15
8.95897e-16
7.44578e-16
6.34833e-16
5.53548e-16
4.95275e-16
4.5151e-16
4.21201e-16
3.99801e-16
3.84517e-16
3.74088e-16
3.66868e-16
3.62041e-16
3.59027e-16
3.57053e-16
3.5616e-16
3.56124e-16
3.56967e-16
3.58891e-16
3.6189e-16
3.66743e-16
3.74053e-16
3.84595e-16
4.00046e-16
4.21596e-16
4.52106e-16
4.96075e-16
5.54577e-16
6.36106e-16
7.46192e-16
8.97924e-16
1.10251e-15
1.37495e-15
1.71759e-15
2.10013e-15
2.42513e-15
2.585e-15
2.46117e-15
2.15118e-15
1.72954e-15
1.46814e-15
1.3604e-15
1.61577e-15
2.031e-15
2.35176e-15
2.49844e-15
2.35786e-15
2.04994e-15
1.67767e-15
1.34272e-15
1.07246e-15
8.70163e-16
7.20155e-16
6.11394e-16
5.31172e-16
4.73596e-16
4.31169e-16
4.00575e-16
3.7958e-16
3.64555e-16
3.54399e-16
3.47302e-16
3.42567e-16
3.39658e-16
3.37787e-16
3.3691e-16
3.36875e-16
3.37704e-16
3.39525e-16
3.42419e-16
3.47181e-16
3.54368e-16
3.64629e-16
3.79816e-16
4.00965e-16
4.31763e-16
4.74396e-16
5.32175e-16
6.1266e-16
7.21759e-16
8.72176e-16
1.07497e-15
1.34594e-15
1.68144e-15
2.05398e-15
2.36158e-15
2.50123e-15
2.35344e-15
2.0322e-15
1.61661e-15
1.36125e-15
1.26148e-15
1.50984e-15
1.91733e-15
2.24554e-15
2.41571e-15
2.2943e-15
2.00402e-15
1.64199e-15
1.31338e-15
1.04592e-15
8.45545e-16
6.9693e-16
5.89196e-16
5.10081e-16
4.53172e-16
4.11453e-16
3.81914e-16
3.60636e-16
3.45854e-16
3.35975e-16
3.29001e-16
3.24356e-16
3.21569e-16
3.19775e-16
3.18918e-16
3.18884e-16
3.19693e-16
3.21439e-16
3.24212e-16
3.28885e-16
3.35948e-16
3.45923e-16
3.60862e-16
3.823e-16
4.12043e-16
4.53975e-16
5.11056e-16
5.90451e-16
6.98523e-16
8.47544e-16
1.04837e-15
1.31649e-15
1.64573e-15
2.00795e-15
2.29785e-15
2.41829e-15
2.24705e-15
1.91835e-15
1.51056e-15
1.26221e-15
1.16937e-15
1.41055e-15
1.81179e-15
2.1421e-15
2.33388e-15
2.23047e-15
1.95812e-15
1.60662e-15
1.28434e-15
1.02023e-15
8.21918e-16
6.74785e-16
5.68133e-16
4.90164e-16
4.33887e-16
3.92817e-16
3.63946e-16
3.4351e-16
3.28955e-16
3.18712e-16
3.11862e-16
3.07302e-16
3.04655e-16
3.02918e-16
3.02083e-16
3.02049e-16
3.02836e-16
3.04529e-16
3.07161e-16
3.11749e-16
3.18689e-16
3.29017e-16
3.43726e-16
3.64333e-16
3.93407e-16
4.34693e-16
4.91116e-16
5.69375e-16
6.76367e-16
8.23902e-16
1.02259e-15
1.28743e-15
1.61032e-15
1.96193e-15
2.23386e-15
2.33627e-15
2.14345e-15
1.81263e-15
1.41115e-15
1.16994e-15
1.08366e-15
1.31761e-15
1.7112e-15
2.04518e-15
2.25046e-15
2.16966e-15
1.91215e-15
1.57337e-15
1.25582e-15
9.95275e-16
7.99169e-16
6.53614e-16
5.48109e-16
4.71289e-16
4.15676e-16
3.75256e-16
3.46883e-16
3.26971e-16
3.13075e-16
3.03107e-16
2.96381e-16
2.91898e-16
2.88819e-16
2.87124e-16
2.8631e-16
2.86277e-16
2.87041e-16
2.88696e-16
2.9176e-16
2.96273e-16
3.03089e-16
3.13158e-16
3.2719e-16
3.47261e-16
3.75843e-16
4.16474e-16
4.72228e-16
5.49337e-16
6.55184e-16
8.01138e-16
9.97484e-16
1.25889e-15
1.57703e-15
1.91584e-15
2.17289e-15
2.2527e-15
2.04639e-15
1.71187e-15
1.3181e-15
1.08414e-15
1.00434e-15
1.23071e-15
1.61318e-15
1.94904e-15
2.16685e-15
2.10879e-15
1.86602e-15
1.53869e-15
1.22771e-15
9.70933e-16
7.77192e-16
6.33319e-16
5.29029e-16
4.53367e-16
3.98449e-16
3.5869e-16
3.30813e-16
3.11311e-16
2.9768e-16
2.88106e-16
2.81676e-16
2.77432e-16
2.74513e-16
2.72854e-16
2.7206e-16
2.72028e-16
2.72771e-16
2.74393e-16
2.77299e-16
2.81575e-16
2.88091e-16
2.97769e-16
3.1152e-16
3.31186e-16
3.59272e-16
3.99238e-16
4.54295e-16
5.30243e-16
6.34876e-16
7.79147e-16
9.72925e-16
1.23073e-15
1.54212e-15
1.86959e-15
2.11188e-15
2.16889e-15
1.94984e-15
1.61356e-15
1.2311e-15
1.00474e-15
9.31043e-16
1.1504e-15
1.52209e-15
1.85478e-15
2.08443e-15
2.04728e-15
1.81965e-15
1.50387e-15
1.19988e-15
9.4711e-16
7.55891e-16
6.1381e-16
5.10807e-16
4.36316e-16
3.82124e-16
3.43036e-16
3.15663e-16
2.96563e-16
2.83198e-16
2.73856e-16
2.67567e-16
2.63422e-16
2.60653e-16
2.59051e-16
2.58285e-16
2.58253e-16
2.58967e-16
2.60536e-16
2.63293e-16
2.6747e-16
2.73844e-16
2.83285e-16
2.96767e-16
3.16032e-16
3.43614e-16
3.82906e-16
4.37232e-16
5.12008e-16
6.15355e-16
7.57836e-16
9.5002e-16
1.20287e-15
1.50722e-15
1.82311e-15
2.05006e-15
2.08626e-15
1.85544e-15
1.52233e-15
1.1507e-15
9.31364e-16
8.63385e-16
1.07541e-15
1.43568e-15
1.76677e-15
2.00331e-15
1.98644e-15
1.77299e-15
1.46897e-15
1.17225e-15
9.24874e-16
7.35178e-16
5.95007e-16
4.93364e-16
4.20061e-16
3.6663e-16
3.28224e-16
3.01363e-16
2.82658e-16
2.69571e-16
2.60454e-16
2.54306e-16
2.5025e-16
2.47584e-16
2.46022e-16
2.45276e-16
2.45245e-16
2.45939e-16
2.47471e-16
2.50124e-16
2.54215e-16
2.60441e-16
2.69654e-16
2.8286e-16
3.0173e-16
3.28797e-16
3.67407e-16
4.20962e-16
4.94552e-16
5.96538e-16
7.37113e-16
9.27616e-16
1.17518e-15
1.47226e-15
1.77632e-15
1.98906e-15
2.00494e-15
1.76729e-15
1.43579e-15
1.07563e-15
8.63668e-16
8.01031e-16
1.00499e-15
1.35197e-15
1.68186e-15
1.92357e-15
1.92583e-15
1.72599e-15
1.43393e-15
1.1447e-15
9.02046e-16
7.14967e-16
5.76836e-16
4.76628e-16
4.04533e-16
3.519e-16
3.14188e-16
2.8785e-16
2.69536e-16
2.56728e-16
2.47837e-16
2.4183e-16
2.37866e-16
2.35291e-16
2.3377e-16
2.33045e-16
2.33014e-16
2.33689e-16
2.35182e-16
2.37744e-16
2.41744e-16
2.4782e-16
2.56815e-16
2.69733e-16
2.88213e-16
3.14755e-16
3.52674e-16
4.05417e-16
4.77801e-16
5.78352e-16
7.16893e-16
9.04607e-16
1.14759e-15
1.43715e-15
1.72919e-15
1.92828e-15
1.925e-15
1.68226e-15
1.35194e-15
1.00511e-15
8.01251e-16
7.43491e-16
9.39289e-16
1.27276e-15
1.59814e-15
1.84524e-15
1.86271e-15
1.68127e-15
1.39868e-15
1.11715e-15
8.79441e-16
6.95184e-16
5.59229e-16
4.60534e-16
3.89668e-16
3.3787e-16
3.00868e-16
2.75061e-16
2.57139e-16
2.44613e-16
2.35942e-16
2.3008e-16
2.26208e-16
2.23716e-16
2.22239e-16
2.21533e-16
2.21503e-16
2.22159e-16
2.23611e-16
2.2609e-16
2.29997e-16
2.35924e-16
2.44709e-16
2.5733e-16
2.75419e-16
3.01428e-16
3.38644e-16
3.90535e-16
4.61691e-16
5.6073e-16
6.97104e-16
8.81906e-16
1.12002e-15
1.40183e-15
1.68433e-15
1.86491e-15
1.84649e-15
1.59852e-15
1.27268e-15
9.39361e-16
7.43656e-16
6.90475e-16
8.78147e-16
1.19799e-15
1.51677e-15
1.76832e-15
1.79945e-15
1.6349e-15
1.36316e-15
1.08954e-15
8.57082e-16
6.76666e-16
5.42127e-16
4.45021e-16
3.75414e-16
3.24477e-16
2.88211e-16
2.62942e-16
2.45414e-16
2.33175e-16
2.24716e-16
2.19002e-16
2.15224e-16
2.12807e-16
2.11374e-16
2.10688e-16
2.10659e-16
2.11295e-16
2.12707e-16
2.15111e-16
2.18921e-16
2.24699e-16
2.3328e-16
2.45597e-16
2.63293e-16
2.88762e-16
3.25255e-16
3.76263e-16
4.4616e-16
5.43611e-16
6.78581e-16
8.59479e-16
1.09242e-15
1.36625e-15
1.63775e-15
1.80148e-15
1.7694e-15
1.51706e-15
1.19786e-15
8.78173e-16
6.90597e-16
6.41674e-16
8.21601e-16
1.12745e-15
1.44109e-15
1.69608e-15
1.73647e-15
1.58746e-15
1.32929e-15
1.06332e-15
8.3491e-16
6.58301e-16
5.2547e-16
4.30038e-16
3.61724e-16
3.11657e-16
2.7617e-16
2.51443e-16
2.3431e-16
2.22364e-16
2.1411e-16
2.08546e-16
2.04861e-16
2.02518e-16
2.01127e-16
2.0046e-16
2.00432e-16
2.0105e-16
2.02421e-16
2.04754e-16
2.08467e-16
2.14099e-16
2.22477e-16
2.34486e-16
2.51784e-16
2.76707e-16
3.12448e-16
3.62555e-16
4.31154e-16
5.26938e-16
6.60135e-16
8.3726e-16
1.06624e-15
1.33232e-15
1.59023e-15
1.73833e-15
1.69701e-15
1.44132e-15
1.12729e-15
8.21585e-16
6.4176e-16
5.96735e-16
7.6897e-16
1.0609e-15
1.36845e-15
1.62528e-15
1.67378e-15
1.53986e-15
1.29496e-15
1.03645e-15
8.12873e-16
6.39605e-16
5.09204e-16
4.15521e-16
3.48589e-16
2.99351e-16
2.64682e-16
2.40517e-16
2.23783e-16
2.12134e-16
2.0408e-16
1.98667e-16
1.95074e-16
1.92804e-16
1.91454e-16
1.90806e-16
1.90779e-16
1.91379e-16
1.92711e-16
1.94977e-16
1.98589e-16
2.04078e-16
2.12254e-16
2.2395e-16
2.40848e-16
2.65219e-16
3.00156e-16
3.49381e-16
4.16624e-16
5.10654e-16
6.41426e-16
8.15187e-16
1.03915e-15
1.29784e-15
1.54271e-15
1.67546e-15
1.62606e-15
1.3683e-15
1.0607e-15
7.68918e-16
5.9679e-16
5.55286e-16
7.19895e-16
9.99416e-16
1.29681e-15
1.55505e-15
1.61136e-15
1.49451e-15
1.259e-15
1.01025e-15
7.9093e-16
6.2113e-16
4.93967e-16
4.01438e-16
3.35932e-16
2.87547e-16
2.53698e-16
2.30123e-16
2.13792e-16
2.02442e-16
1.94587e-16
1.89321e-16
1.85821e-16
1.83625e-16
1.82313e-16
1.81684e-16
1.81657e-16
1.8224e-16
1.83534e-16
1.85736e-16
1.89246e-16
1.94593e-16
2.0257e-16
2.13948e-16
2.30442e-16
2.54229e-16
2.88346e-16
3.36719e-16
4.02516e-16
4.954e-16
6.22937e-16
7.93214e-16
1.01292e-15
1.26178e-15
1.4973e-15
1.61282e-15
1.55565e-15
1.29655e-15
9.99199e-16
7.198e-16
5.55313e-16
5.17187e-16
6.74309e-16
9.41343e-16
1.22806e-15
1.48446e-15
1.55221e-15
1.44717e-15
1.2227e-15
9.83115e-16
7.7013e-16
6.0368e-16
4.78486e-16
3.88302e-16
3.23702e-16
2.76216e-16
2.43172e-16
2.20222e-16
2.04297e-16
1.9325e-16
1.85592e-16
1.80471e-16
1.77065e-16
1.74942e-16
1.73667e-16
1.73056e-16
1.7303e-16
1.73596e-16
1.74855e-16
1.76996e-16
1.804e-16
1.85606e-16
1.93385e-16
2.04442e-16
2.20528e-16
2.43695e-16
2.77015e-16
3.24483e-16
3.89353e-16
4.79886e-16
6.05471e-16
7.72387e-16
9.85719e-16
1.22541e-15
1.44973e-15
1.55344e-15
1.48489e-15
1.22778e-15
9.40963e-16
6.74183e-16
5.17202e-16
4.82144e-16
6.31862e-16
8.85633e-16
1.16411e-15
1.41566e-15
1.49274e-15
1.3989e-15
1.18611e-15
9.55348e-16
7.48994e-16
5.86273e-16
4.63859e-16
3.75558e-16
3.12312e-16
2.65737e-16
2.33438e-16
2.10778e-16
1.95262e-16
1.84521e-16
1.7706e-16
1.72081e-16
1.68767e-16
1.66722e-16
1.65481e-16
1.64888e-16
1.64863e-16
1.65412e-16
1.66637e-16
1.68723e-16
1.72015e-16
1.7708e-16
1.84663e-16
1.95397e-16
2.11071e-16
2.33951e-16
2.66538e-16
3.13094e-16
3.76577e-16
4.65238e-16
5.88027e-16
7.51117e-16
9.57891e-16
1.18875e-15
1.4013e-15
1.49418e-15
1.41587e-15
1.16381e-15
8.8521e-16
6.3171e-16
4.82137e-16
4.49839e-16
5.92296e-16
8.34086e-16
1.10242e-15
1.34872e-15
1.43186e-15
1.35048e-15
1.14922e-15
9.27445e-16
7.27277e-16
5.69221e-16
4.49002e-16
3.62841e-16
3.01068e-16
2.55657e-16
2.24107e-16
2.02069e-16
1.86967e-16
1.76524e-16
1.69249e-16
1.64406e-16
1.61181e-16
1.59211e-16
1.58003e-16
1.57425e-16
1.57401e-16
1.57936e-16
1.59128e-16
1.61168e-16
1.64345e-16
1.69273e-16
1.76672e-16
1.87096e-16
2.02349e-16
2.24626e-16
2.56458e-16
3.01849e-16
3.63822e-16
4.50358e-16
5.70952e-16
7.29359e-16
9.29916e-16
1.1518e-15
1.35272e-15
1.4331e-15
1.34858e-15
1.102e-15
8.33653e-16
5.92122e-16
4.49815e-16
4.20036e-16
5.55456e-16
7.85495e-16
1.04226e-15
1.28378e-15
1.37172e-15
1.30199e-15
1.11403e-15
8.99415e-16
7.05496e-16
5.51773e-16
4.34865e-16
3.50288e-16
2.89916e-16
2.45782e-16
2.15228e-16
1.93741e-16
1.78875e-16
1.68769e-16
1.61708e-16
1.57025e-16
1.53904e-16
1.5203e-16
1.50863e-16
1.50306e-16
1.50282e-16
1.50798e-16
1.5195e-16
1.5394e-16
1.56971e-16
1.61744e-16
1.68926e-16
1.79006e-16
1.94008e-16
2.15737e-16
2.46575e-16
2.9071e-16
3.5122e-16
4.36197e-16
5.53445e-16
7.07538e-16
9.01812e-16
1.11655e-15
1.30409e-15
1.37277e-15
1.28303e-15
1.04182e-15
7.85065e-16
5.55264e-16
4.2e-16
3.92517e-16
5.21124e-16
7.39436e-16
9.84796e-16
1.22094e-15
1.31513e-15
1.25352e-15
1.07763e-15
8.71252e-16
6.83635e-16
5.34203e-16
4.20559e-16
3.38548e-16
2.79025e-16
2.36048e-16
2.06471e-16
1.85737e-16
1.71342e-16
1.61548e-16
1.54672e-16
1.50126e-16
1.47089e-16
1.45066e-16
1.43933e-16
1.43393e-16
1.4337e-16
1.4387e-16
1.44988e-16
1.46938e-16
1.50072e-16
1.54715e-16
1.61705e-16
1.71471e-16
1.8601e-16
2.06976e-16
2.36842e-16
2.79845e-16
3.39424e-16
4.21852e-16
5.35844e-16
6.85635e-16
8.73599e-16
1.08001e-15
1.25544e-15
1.316e-15
1.22184e-15
9.84342e-16
7.38977e-16
5.20921e-16
3.92472e-16
3.67078e-16
4.89109e-16
6.9623e-16
9.31344e-16
1.1621e-15
1.25799e-15
1.20513e-15
1.04025e-15
8.42934e-16
6.61681e-16
5.16701e-16
4.06245e-16
3.26621e-16
2.68835e-16
2.26984e-16
1.9799e-16
1.77869e-16
1.63935e-16
1.54521e-16
1.47896e-16
1.43537e-16
1.40627e-16
1.38674e-16
1.37571e-16
1.37046e-16
1.37024e-16
1.3751e-16
1.38598e-16
1.4051e-16
1.43494e-16
1.4795e-16
1.54682e-16
1.64067e-16
1.78139e-16
1.98486e-16
2.27781e-16
2.69695e-16
3.27431e-16
4.07509e-16
5.1831e-16
6.63639e-16
8.45264e-16
1.04254e-15
1.20682e-15
1.25866e-15
1.16232e-15
9.3087e-16
6.9577e-16
4.88912e-16
3.67028e-16
3.43532e-16
4.59243e-16
6.54901e-16
8.79979e-16
1.1028e-15
1.20051e-15
1.15693e-15
1.00271e-15
8.15898e-16
6.39627e-16
4.99249e-16
3.92111e-16
3.14898e-16
2.58559e-16
2.18137e-16
1.90115e-16
1.70607e-16
1.57058e-16
1.4774e-16
1.41308e-16
1.37098e-16
1.34288e-16
1.32415e-16
1.3135e-16
1.30843e-16
1.30821e-16
1.3129e-16
1.32342e-16
1.34205e-16
1.37058e-16
1.41373e-16
1.47897e-16
1.57188e-16
1.70873e-16
1.90607e-16
2.18914e-16
2.59369e-16
3.1569e-16
3.93344e-16
5.00828e-16
6.41539e-16
8.18185e-16
1.00492e-15
1.15827e-15
1.20101e-15
1.10259e-15
8.79377e-16
6.54419e-16
4.59047e-16
3.43481e-16
3.2151e-16
4.31341e-16
6.16414e-16
8.29968e-16
1.04508e-15
1.14396e-15
1.10903e-15
9.65056e-16
7.87851e-16
6.18543e-16
4.81834e-16
3.7816e-16
3.03382e-16
2.48501e-16
2.09374e-16
1.82287e-16
1.63493e-16
1.50463e-16
1.41498e-16
1.35258e-16
1.31187e-16
1.28461e-16
1.26657e-16
1.25622e-16
1.2513e-16
1.25109e-16
1.25564e-16
1.26586e-16
1.28405e-16
1.31147e-16
1.35334e-16
1.41652e-16
1.50593e-16
1.63767e-16
1.82786e-16
2.10142e-16
2.49288e-16
3.04149e-16
3.7936e-16
4.83387e-16
6.20407e-16
7.90011e-16
9.67165e-16
1.10985e-15
1.14435e-15
1.04463e-15
8.29354e-16
6.1593e-16
4.31154e-16
3.21458e-16
3.01202e-16
4.05237e-16
5.79784e-16
7.83363e-16
9.89279e-16
1.08842e-15
1.06151e-15
9.27325e-16
7.59166e-16
5.97465e-16
4.65232e-16
3.6438e-16
2.9205e-16
2.38684e-16
2.00893e-16
1.74722e-16
1.56568e-16
1.43962e-16
1.3535e-16
1.2933e-16
1.25421e-16
1.22801e-16
1.21076e-16
1.20082e-16
1.1961e-16
1.1959e-16
1.20027e-16
1.21008e-16
1.22765e-16
1.25387e-16
1.29418e-16
1.35506e-16
1.44093e-16
1.56838e-16
1.75228e-16
2.0162e-16
2.39463e-16
2.9279e-16
3.65545e-16
4.66767e-16
5.99267e-16
7.61228e-16
9.29339e-16
1.06413e-15
1.08873e-15
9.88575e-16
7.82744e-16
5.79286e-16
4.05071e-16
3.0119e-16
2.82352e-16
3.80777e-16
5.45039e-16
7.3889e-16
9.35518e-16
1.03392e-15
1.01666e-15
8.89575e-16
7.30374e-16
5.75541e-16
4.48698e-16
3.51293e-16
2.81337e-16
2.29508e-16
1.92945e-16
1.67405e-16
1.4991e-16
1.37743e-16
1.29459e-16
1.23639e-16
1.19877e-16
1.17345e-16
1.15691e-16
1.1473e-16
1.14273e-16
1.14254e-16
1.14676e-16
1.15625e-16
1.17328e-16
1.19847e-16
1.23741e-16
1.29612e-16
1.3787e-16
1.50167e-16
1.67921e-16
1.9364e-16
2.30262e-16
2.82061e-16
3.52421e-16
4.50211e-16
5.77275e-16
7.32332e-16
8.91485e-16
1.01835e-15
1.03418e-15
9.34394e-16
7.38252e-16
5.44559e-16
3.80655e-16
2.82337e-16
2.64769e-16
3.578e-16
5.12623e-16
6.96487e-16
8.83858e-16
9.82897e-16
9.70148e-16
8.51859e-16
7.0153e-16
5.5344e-16
4.31611e-16
3.38021e-16
2.70884e-16
2.20484e-16
1.85255e-16
1.60592e-16
1.43731e-16
1.32003e-16
1.24024e-16
1.18402e-16
1.14781e-16
1.12334e-16
1.10746e-16
1.09818e-16
1.09376e-16
1.09357e-16
1.09765e-16
1.10683e-16
1.12334e-16
1.14755e-16
1.18513e-16
1.24178e-16
1.32123e-16
1.43981e-16
1.61116e-16
1.85916e-16
2.21209e-16
2.71589e-16
3.39107e-16
4.33131e-16
5.55138e-16
7.03379e-16
8.53661e-16
9.71334e-16
9.83102e-16
8.84025e-16
6.95851e-16
5.12173e-16
3.57652e-16
2.6471e-16
1.18833e-16
1.13413e-16
1.09932e-16
1.07571e-16
1.06048e-16
1.05153e-16
1.04725e-16
1.04707e-16
1.05101e-16
1.05986e-16
1.07587e-16
1.09913e-16
1.13531e-16
1.18995e-16
1.26627e-16
1.38035e-16
1.54549e-16
1.78436e-16
2.1238e-16
2.61275e-16
3.26242e-16
4.16817e-16
5.33034e-16
6.74431e-16
8.1787e-16
9.24774e-16
9.31411e-16
8.35502e-16
6.54651e-16
4.81568e-16
3.36062e-16
2.48332e-16
1.03074e-16
1.05306e-16
1.08781e-16
1.14029e-16
1.21356e-16
1.32306e-16
1.48204e-16
1.7119e-16
2.03771e-16
2.51108e-16
3.13076e-16
4.00219e-16
5.12036e-16
6.45543e-16
7.81527e-16
8.78807e-16
8.82897e-16
7.87396e-16
6.15353e-16
4.52506e-16
3.1587e-16
2.33055e-16
4.90388e-16
6.18217e-16
7.44592e-16
8.3574e-16
8.34203e-16
7.40812e-16
5.78691e-16
4.25153e-16
2.96928e-16
2.18667e-16
)
;

boundaryField
{
    fuel
    {
        type            fixedValue;
        value           nonuniform 0();
    }
    wall
    {
        type            zeroGradient;
    }
    outlet
    {
        type            zeroGradient;
    }
    frontAndBack
    {
        type            empty;
    }
    procBoundary0to1
    {
        type            processor;
        value           nonuniform List<scalar> 
50
(
4.06259e-15
4.25493e-15
4.42382e-15
4.30484e-15
3.95479e-15
3.45058e-15
2.92053e-15
2.44017e-15
2.05849e-15
1.76402e-15
1.54073e-15
1.37501e-15
1.25224e-15
1.15468e-15
1.08604e-15
1.03117e-15
9.93866e-16
9.66417e-16
9.46385e-16
9.3214e-16
9.22244e-16
9.15414e-16
9.10931e-16
9.08281e-16
9.06998e-16
9.06944e-16
9.08132e-16
9.1075e-16
9.15204e-16
9.22046e-16
9.32042e-16
9.46449e-16
9.66703e-16
9.94264e-16
1.03198e-15
1.08701e-15
1.15593e-15
1.25369e-15
1.37672e-15
1.54289e-15
1.76667e-15
2.06186e-15
2.44429e-15
2.92536e-15
3.45614e-15
3.96033e-15
4.31061e-15
4.42945e-15
4.26027e-15
4.06795e-15
)
;
    }
    procBoundary0to2
    {
        type            processor;
        value           nonuniform List<scalar> 
53
(
2.48372e-16
3.36273e-16
4.82012e-16
6.55363e-16
8.35669e-16
9.31389e-16
9.23744e-16
8.16095e-16
6.72602e-16
5.31301e-16
4.15228e-16
3.25173e-16
2.60606e-16
2.11691e-16
1.77817e-16
1.54035e-16
1.37804e-16
1.26538e-16
1.26538e-16
1.13865e-16
1.08676e-16
1.05337e-16
1.03062e-16
1.01601e-16
1.00739e-16
1.00327e-16
1.00308e-16
1.00689e-16
1.01541e-16
1.01541e-16
9.86568e-17
1.00793e-16
1.04117e-16
1.09148e-16
1.16167e-16
1.26743e-16
1.41987e-16
1.64186e-16
1.95383e-16
2.41156e-16
3.0048e-16
3.8342e-16
3.8342e-16
4.69645e-16
5.90807e-16
7.07982e-16
7.93052e-16
7.87062e-16
6.97704e-16
5.4392e-16
3.99322e-16
2.79096e-16
2.05293e-16
)
;
    }
}


// ************************************************************************* //
