/*--------------------------------*- C++ -*----------------------------------*\
| =========                 |                                                 |
| \\      /  F ield         | OpenFOAM: The Open Source CFD Toolbox           |
|  \\    /   O peration     | Version:  dev                                   |
|   \\  /    A nd           | Web:      www.OpenFOAM.org                      |
|    \\/     M anipulation  |                                                 |
\*---------------------------------------------------------------------------*/
FoamFile
{
    version     2.0;
    format      ascii;
    class       volScalarField;
    location    "0.01";
    object      C4H6;
}
// * * * * * * * * * * * * * * * * * * * * * * * * * * * * * * * * * * * * * //

dimensions      [0 0 0 0 0 0 0];

internalField   nonuniform List<scalar> 
2014
(
2.68858e-09
2.62118e-09
2.55026e-09
2.48302e-09
2.41836e-09
2.33923e-09
2.24735e-09
2.14637e-09
2.04683e-09
1.95054e-09
1.86187e-09
1.78468e-09
1.71992e-09
1.66101e-09
1.61574e-09
1.57805e-09
1.54828e-09
1.52634e-09
1.50972e-09
1.49749e-09
1.48882e-09
1.4827e-09
1.47864e-09
1.47621e-09
1.47503e-09
1.47498e-09
1.47607e-09
1.47847e-09
1.48251e-09
1.48864e-09
1.49742e-09
1.50979e-09
1.52661e-09
1.54863e-09
1.57869e-09
1.61646e-09
1.66186e-09
1.72077e-09
1.78563e-09
1.86292e-09
1.95159e-09
2.04792e-09
2.14745e-09
2.2484e-09
2.34032e-09
2.41942e-09
2.48449e-09
2.55224e-09
2.62395e-09
2.69207e-09
2.66875e-09
2.59389e-09
2.51801e-09
2.45004e-09
2.38711e-09
2.31127e-09
2.21879e-09
2.11776e-09
2.0172e-09
1.91941e-09
1.83047e-09
1.75036e-09
1.68398e-09
1.624e-09
1.57749e-09
1.53955e-09
1.50795e-09
1.48563e-09
1.46861e-09
1.45608e-09
1.4472e-09
1.44092e-09
1.43676e-09
1.43426e-09
1.43305e-09
1.433e-09
1.43412e-09
1.43658e-09
1.44072e-09
1.44701e-09
1.456e-09
1.46868e-09
1.4859e-09
1.50833e-09
1.54016e-09
1.57821e-09
1.62488e-09
1.68486e-09
1.75132e-09
1.83155e-09
1.92047e-09
2.0183e-09
2.11886e-09
2.21986e-09
2.31227e-09
2.38824e-09
2.45156e-09
2.52006e-09
2.5968e-09
2.67242e-09
2.65335e-09
2.5701e-09
2.48821e-09
2.41902e-09
2.35762e-09
2.28401e-09
2.19348e-09
2.09107e-09
1.98956e-09
1.89028e-09
1.80006e-09
1.71802e-09
1.65003e-09
1.58902e-09
1.54111e-09
1.50216e-09
1.47082e-09
1.44676e-09
1.42931e-09
1.41649e-09
1.40741e-09
1.40096e-09
1.39671e-09
1.39415e-09
1.39291e-09
1.39286e-09
1.39401e-09
1.39653e-09
1.40075e-09
1.40722e-09
1.41641e-09
1.42938e-09
1.44705e-09
1.47131e-09
1.50277e-09
1.54186e-09
1.58991e-09
1.65095e-09
1.719e-09
1.80113e-09
1.89136e-09
1.99068e-09
2.09218e-09
2.19457e-09
2.28501e-09
2.35885e-09
2.42059e-09
2.49035e-09
2.57317e-09
2.65722e-09
2.64216e-09
2.55019e-09
2.46168e-09
2.38972e-09
2.33105e-09
2.258e-09
2.16976e-09
2.06728e-09
1.96364e-09
1.86289e-09
1.77105e-09
1.68745e-09
1.61789e-09
1.55694e-09
1.50649e-09
1.46651e-09
1.43532e-09
1.40962e-09
1.39172e-09
1.37862e-09
1.36936e-09
1.36272e-09
1.35839e-09
1.35578e-09
1.35451e-09
1.35445e-09
1.35563e-09
1.3582e-09
1.36251e-09
1.36917e-09
1.37855e-09
1.3918e-09
1.40992e-09
1.43584e-09
1.46714e-09
1.50724e-09
1.55785e-09
1.61883e-09
1.68847e-09
1.77215e-09
1.864e-09
1.96477e-09
2.0684e-09
2.17087e-09
2.25942e-09
2.33226e-09
2.39135e-09
2.4639e-09
2.55343e-09
2.64626e-09
2.63505e-09
2.53343e-09
2.43676e-09
2.36194e-09
2.30451e-09
2.23454e-09
2.1466e-09
2.04404e-09
1.93922e-09
1.83706e-09
1.74362e-09
1.65847e-09
1.58738e-09
1.52522e-09
1.47341e-09
1.4325e-09
1.40058e-09
1.37545e-09
1.35572e-09
1.34237e-09
1.33294e-09
1.3261e-09
1.32167e-09
1.31904e-09
1.31774e-09
1.31768e-09
1.31889e-09
1.32147e-09
1.32588e-09
1.33275e-09
1.34229e-09
1.3558e-09
1.37576e-09
1.4011e-09
1.43314e-09
1.47418e-09
1.52613e-09
1.58834e-09
1.65956e-09
1.74474e-09
1.83819e-09
1.94037e-09
2.04521e-09
2.14774e-09
2.23602e-09
2.30553e-09
2.36364e-09
2.4391e-09
2.53685e-09
2.63939e-09
2.63189e-09
2.51958e-09
2.41332e-09
2.33552e-09
2.27903e-09
2.21115e-09
2.12416e-09
2.02169e-09
1.91612e-09
1.8126e-09
1.71761e-09
1.63206e-09
1.55833e-09
1.49487e-09
1.44301e-09
1.39998e-09
1.36737e-09
1.34219e-09
1.32252e-09
1.30764e-09
1.29804e-09
1.29099e-09
1.28641e-09
1.28383e-09
1.2825e-09
1.28244e-09
1.28367e-09
1.28621e-09
1.29076e-09
1.29785e-09
1.30756e-09
1.32261e-09
1.3425e-09
1.36787e-09
1.40063e-09
1.4438e-09
1.4958e-09
1.55932e-09
1.6332e-09
1.71875e-09
1.81376e-09
1.91729e-09
2.02288e-09
2.12531e-09
2.2125e-09
2.28103e-09
2.33733e-09
2.41577e-09
2.52319e-09
2.63651e-09
2.63284e-09
2.50872e-09
2.39258e-09
2.31034e-09
2.25564e-09
2.18849e-09
2.1027e-09
2.00038e-09
1.8942e-09
1.78939e-09
1.69288e-09
1.60598e-09
1.53059e-09
1.46588e-09
1.41358e-09
1.36883e-09
1.33557e-09
1.30979e-09
1.2904e-09
1.27561e-09
1.26458e-09
1.25729e-09
1.25248e-09
1.25006e-09
1.2487e-09
1.24865e-09
1.2499e-09
1.25228e-09
1.25706e-09
1.26438e-09
1.27552e-09
1.29049e-09
1.31011e-09
1.33607e-09
1.36949e-09
1.41437e-09
1.46682e-09
1.53161e-09
1.60711e-09
1.69405e-09
1.79057e-09
1.89538e-09
2.0016e-09
2.10387e-09
2.1898e-09
2.25739e-09
2.31236e-09
2.39515e-09
2.51254e-09
2.63776e-09
2.63788e-09
2.50054e-09
2.37365e-09
2.2873e-09
2.23299e-09
2.16664e-09
2.0821e-09
1.97999e-09
1.87332e-09
1.76729e-09
1.66932e-09
1.58096e-09
1.50405e-09
1.43818e-09
1.38479e-09
1.34008e-09
1.30509e-09
1.27872e-09
1.25888e-09
1.24437e-09
1.23368e-09
1.22616e-09
1.22101e-09
1.21766e-09
1.21627e-09
1.21621e-09
1.21749e-09
1.2208e-09
1.22592e-09
1.23348e-09
1.2443e-09
1.25898e-09
1.27904e-09
1.30559e-09
1.34075e-09
1.3856e-09
1.43914e-09
1.5051e-09
1.5821e-09
1.67051e-09
1.7685e-09
1.87451e-09
1.98123e-09
2.08329e-09
2.16791e-09
2.23456e-09
2.28889e-09
2.37639e-09
2.50458e-09
2.64314e-09
2.64713e-09
2.49526e-09
2.35654e-09
2.26526e-09
2.21048e-09
2.14549e-09
2.06224e-09
1.96145e-09
1.85336e-09
1.7462e-09
1.64683e-09
1.55703e-09
1.47966e-09
1.41166e-09
1.35722e-09
1.31235e-09
1.27583e-09
1.24889e-09
1.22863e-09
1.21385e-09
1.20315e-09
1.19578e-09
1.19078e-09
1.18772e-09
1.1863e-09
1.18625e-09
1.18755e-09
1.19058e-09
1.19555e-09
1.20296e-09
1.21379e-09
1.22873e-09
1.24922e-09
1.27633e-09
1.31304e-09
1.35805e-09
1.41265e-09
1.48072e-09
1.5582e-09
1.64804e-09
1.74743e-09
1.85458e-09
1.96272e-09
2.06346e-09
2.14675e-09
2.21204e-09
2.26708e-09
2.35938e-09
2.49955e-09
2.65276e-09
2.66068e-09
2.49298e-09
2.34066e-09
2.24346e-09
2.18819e-09
2.12497e-09
2.04303e-09
1.94337e-09
1.83423e-09
1.72602e-09
1.62531e-09
1.53412e-09
1.4557e-09
1.38626e-09
1.33081e-09
1.28498e-09
1.24876e-09
1.22023e-09
1.19957e-09
1.18454e-09
1.17362e-09
1.16604e-09
1.16094e-09
1.15806e-09
1.15667e-09
1.15661e-09
1.15789e-09
1.16073e-09
1.16581e-09
1.17343e-09
1.18447e-09
1.19968e-09
1.22056e-09
1.24927e-09
1.28568e-09
1.33166e-09
1.38727e-09
1.45677e-09
1.5353e-09
1.62654e-09
1.72727e-09
1.83547e-09
1.94456e-09
2.04428e-09
2.12623e-09
2.18969e-09
2.24542e-09
2.34365e-09
2.49752e-09
2.6666e-09
2.67856e-09
2.49377e-09
2.32701e-09
2.22351e-09
2.1676e-09
2.10499e-09
2.02542e-09
1.92528e-09
1.81583e-09
1.70666e-09
1.60467e-09
1.51215e-09
1.43238e-09
1.36189e-09
1.30544e-09
1.25872e-09
1.22219e-09
1.19368e-09
1.17163e-09
1.15636e-09
1.14521e-09
1.13744e-09
1.13223e-09
1.12944e-09
1.12802e-09
1.12796e-09
1.12927e-09
1.13202e-09
1.13721e-09
1.14501e-09
1.15629e-09
1.17174e-09
1.19401e-09
1.22271e-09
1.25943e-09
1.30631e-09
1.36293e-09
1.43348e-09
1.51335e-09
1.60593e-09
1.70793e-09
1.81708e-09
1.9265e-09
2.0267e-09
2.10626e-09
2.16903e-09
2.22555e-09
2.33015e-09
2.49858e-09
2.68492e-09
2.70103e-09
2.49764e-09
2.31482e-09
2.20462e-09
2.14711e-09
2.08548e-09
2.00755e-09
1.90775e-09
1.79806e-09
1.68803e-09
1.58485e-09
1.49105e-09
1.40999e-09
1.3394e-09
1.28105e-09
1.2335e-09
1.19632e-09
1.16779e-09
1.14575e-09
1.12927e-09
1.11787e-09
1.10992e-09
1.10461e-09
1.10192e-09
1.10046e-09
1.1004e-09
1.10176e-09
1.1044e-09
1.10968e-09
1.11767e-09
1.1292e-09
1.14586e-09
1.16814e-09
1.19684e-09
1.23422e-09
1.28194e-09
1.34046e-09
1.41112e-09
1.49227e-09
1.58613e-09
1.68933e-09
1.79934e-09
1.90898e-09
2.00879e-09
2.08676e-09
2.14858e-09
2.20675e-09
2.31808e-09
2.50274e-09
2.70783e-09
2.72851e-09
2.50473e-09
2.3042e-09
2.18667e-09
2.12667e-09
2.06637e-09
1.98992e-09
1.89069e-09
1.78087e-09
1.67007e-09
1.56578e-09
1.47075e-09
1.38847e-09
1.31707e-09
1.25757e-09
1.20927e-09
1.17144e-09
1.1424e-09
1.12035e-09
1.10418e-09
1.09254e-09
1.08441e-09
1.07902e-09
1.07546e-09
1.07394e-09
1.07388e-09
1.0753e-09
1.0788e-09
1.08417e-09
1.09234e-09
1.10411e-09
1.12047e-09
1.14275e-09
1.17197e-09
1.21001e-09
1.25848e-09
1.31814e-09
1.38962e-09
1.47199e-09
1.56707e-09
1.67139e-09
1.78217e-09
1.89195e-09
1.99118e-09
2.06767e-09
2.12813e-09
2.18884e-09
2.30762e-09
2.51012e-09
2.73579e-09
2.76112e-09
2.51497e-09
2.29571e-09
2.16926e-09
2.10775e-09
2.04762e-09
1.97264e-09
1.87405e-09
1.76417e-09
1.65271e-09
1.54738e-09
1.4512e-09
1.36777e-09
1.29545e-09
1.23585e-09
1.18597e-09
1.1475e-09
1.11798e-09
1.09555e-09
1.07929e-09
1.06768e-09
1.05966e-09
1.05442e-09
1.05094e-09
1.04939e-09
1.04933e-09
1.05079e-09
1.05419e-09
1.05941e-09
1.06748e-09
1.07923e-09
1.09567e-09
1.11833e-09
1.14803e-09
1.18673e-09
1.23678e-09
1.29653e-09
1.36894e-09
1.45247e-09
1.54869e-09
1.65405e-09
1.7655e-09
1.87534e-09
1.97392e-09
2.04894e-09
2.10923e-09
2.17152e-09
2.29932e-09
2.52069e-09
2.7689e-09
2.79884e-09
2.52867e-09
2.289e-09
2.15348e-09
2.08879e-09
2.02918e-09
1.95568e-09
1.85777e-09
1.74791e-09
1.63589e-09
1.5296e-09
1.43235e-09
1.34782e-09
1.27464e-09
1.21437e-09
1.16354e-09
1.12446e-09
1.09449e-09
1.07169e-09
1.05523e-09
1.04339e-09
1.03523e-09
1.02997e-09
1.02658e-09
1.02501e-09
1.02495e-09
1.02643e-09
1.02974e-09
1.03498e-09
1.04319e-09
1.05517e-09
1.0718e-09
1.09484e-09
1.125e-09
1.16431e-09
1.21531e-09
1.27572e-09
1.34901e-09
1.43363e-09
1.53093e-09
1.63724e-09
1.74928e-09
1.85908e-09
1.95696e-09
2.03052e-09
2.09039e-09
2.15583e-09
2.29281e-09
2.53474e-09
2.80715e-09
2.84251e-09
2.54605e-09
2.28409e-09
2.13823e-09
2.07096e-09
2.01103e-09
1.93898e-09
1.84179e-09
1.73288e-09
1.61955e-09
1.51238e-09
1.41413e-09
1.32856e-09
1.25461e-09
1.19351e-09
1.14272e-09
1.10227e-09
1.0719e-09
1.04871e-09
1.03208e-09
1.02003e-09
1.01172e-09
1.00643e-09
1.00306e-09
1.00146e-09
1.0014e-09
1.00291e-09
1.0062e-09
1.01147e-09
1.01983e-09
1.03202e-09
1.04882e-09
1.07224e-09
1.10282e-09
1.1435e-09
1.19447e-09
1.2557e-09
1.32977e-09
1.41544e-09
1.51374e-09
1.62091e-09
1.73428e-09
1.84313e-09
1.94028e-09
2.01238e-09
2.07261e-09
2.14072e-09
2.28811e-09
2.55248e-09
2.85138e-09
2.89206e-09
2.56719e-09
2.28128e-09
2.12389e-09
2.05371e-09
1.99313e-09
1.92251e-09
1.82607e-09
1.71762e-09
1.60363e-09
1.49568e-09
1.39651e-09
1.30996e-09
1.23533e-09
1.17339e-09
1.12203e-09
1.08168e-09
1.05016e-09
1.0266e-09
1.00981e-09
9.97553e-10
9.89108e-10
9.83806e-10
9.80432e-10
9.78812e-10
9.7875e-10
9.80279e-10
9.83576e-10
9.88851e-10
9.97349e-10
1.00975e-09
1.0267e-09
1.05049e-09
1.08224e-09
1.12283e-09
1.17438e-09
1.23641e-09
1.31119e-09
1.39784e-09
1.49706e-09
1.60499e-09
1.719e-09
1.82744e-09
1.92381e-09
1.9945e-09
2.05542e-09
2.1265e-09
2.28551e-09
2.57402e-09
2.90154e-09
2.94825e-09
2.59234e-09
2.28074e-09
2.11073e-09
2.03705e-09
1.97548e-09
1.90624e-09
1.81058e-09
1.70248e-09
1.5881e-09
1.47946e-09
1.37945e-09
1.29199e-09
1.21675e-09
1.15396e-09
1.10201e-09
1.06137e-09
1.03002e-09
1.00611e-09
9.88378e-10
9.75933e-10
9.67353e-10
9.62071e-10
9.58669e-10
9.5703e-10
9.56968e-10
9.58512e-10
9.6184e-10
9.67092e-10
9.75727e-10
9.88327e-10
1.0062e-09
1.03034e-09
1.06194e-09
1.10284e-09
1.15498e-09
1.21783e-09
1.29324e-09
1.38079e-09
1.48085e-09
1.58943e-09
1.70388e-09
1.81197e-09
1.90755e-09
1.97688e-09
2.03882e-09
2.11348e-09
2.2852e-09
2.59958e-09
2.95843e-09
3.01172e-09
2.62177e-09
2.28248e-09
2.09932e-09
2.02042e-09
1.95903e-09
1.89014e-09
1.79616e-09
1.6876e-09
1.57291e-09
1.46366e-09
1.3629e-09
1.27462e-09
1.19881e-09
1.13524e-09
1.08273e-09
1.04162e-09
1.01009e-09
9.86375e-10
9.6853e-10
9.55918e-10
9.47207e-10
9.41193e-10
9.37748e-10
9.3609e-10
9.36027e-10
9.37586e-10
9.4096e-10
9.46942e-10
9.55709e-10
9.68483e-10
9.86493e-10
1.01042e-09
1.04219e-09
1.08356e-09
1.13627e-09
1.1999e-09
1.27588e-09
1.36426e-09
1.46507e-09
1.57417e-09
1.68902e-09
1.79757e-09
1.89147e-09
1.96046e-09
2.02226e-09
2.1022e-09
2.28716e-09
2.62945e-09
3.02261e-09
3.08284e-09
2.65578e-09
2.28666e-09
2.08896e-09
2.00413e-09
1.94291e-09
1.8742e-09
1.78121e-09
1.67293e-09
1.55802e-09
1.44825e-09
1.34683e-09
1.2578e-09
1.18148e-09
1.11718e-09
1.06416e-09
1.02262e-09
9.90787e-10
9.6679e-10
9.48994e-10
9.36448e-10
9.27831e-10
9.21881e-10
9.18392e-10
9.16717e-10
9.16653e-10
9.18226e-10
9.21647e-10
9.27568e-10
9.36243e-10
9.48946e-10
9.66918e-10
9.9111e-10
1.02319e-09
1.06501e-09
1.11823e-09
1.18258e-09
1.25908e-09
1.34821e-09
1.44968e-09
1.55918e-09
1.67437e-09
1.78256e-09
1.87553e-09
1.94436e-09
2.00604e-09
2.09194e-09
2.2916e-09
2.66393e-09
3.09451e-09
3.16231e-09
2.69432e-09
2.29331e-09
2.07989e-09
1.98853e-09
1.92693e-09
1.85838e-09
1.76632e-09
1.65845e-09
1.54341e-09
1.43319e-09
1.33121e-09
1.24152e-09
1.16472e-09
1.09977e-09
1.04627e-09
1.00433e-09
9.7222e-10
9.47962e-10
9.30018e-10
9.1734e-10
9.08633e-10
9.02736e-10
8.99234e-10
8.97555e-10
8.9749e-10
8.99064e-10
9.02501e-10
9.08367e-10
9.17135e-10
9.29971e-10
9.48089e-10
9.72539e-10
1.00491e-09
1.04714e-09
1.10083e-09
1.16584e-09
1.24281e-09
1.33261e-09
1.43464e-09
1.54518e-09
1.6599e-09
1.76767e-09
1.85973e-09
1.92837e-09
1.99049e-09
2.08302e-09
2.29851e-09
2.70298e-09
3.17479e-09
3.25089e-09
2.73813e-09
2.30265e-09
2.07267e-09
1.97367e-09
1.91145e-09
1.8427e-09
1.75151e-09
1.64413e-09
1.52978e-09
1.41846e-09
1.31601e-09
1.22575e-09
1.14853e-09
1.08297e-09
1.02906e-09
9.86752e-10
9.54368e-10
9.29888e-10
9.11803e-10
8.99002e-10
8.90199e-10
8.84298e-10
8.80763e-10
8.79068e-10
8.79003e-10
8.80589e-10
8.84064e-10
8.8993e-10
8.98798e-10
9.1175e-10
9.30008e-10
9.54691e-10
9.87339e-10
1.02993e-09
1.08405e-09
1.14965e-09
1.22705e-09
1.31743e-09
1.41993e-09
1.53149e-09
1.64558e-09
1.75289e-09
1.84406e-09
1.91292e-09
1.97571e-09
2.07594e-09
2.30813e-09
2.74732e-09
3.26423e-09
3.34943e-09
2.78797e-09
2.31514e-09
2.06705e-09
1.95965e-09
1.89634e-09
1.82715e-09
1.7368e-09
1.62991e-09
1.51578e-09
1.40402e-09
1.30122e-09
1.21047e-09
1.13287e-09
1.06678e-09
1.01248e-09
9.69861e-10
9.37225e-10
9.12535e-10
8.94331e-10
8.81417e-10
8.72531e-10
8.66614e-10
8.63052e-10
8.61344e-10
8.61278e-10
8.62876e-10
8.6638e-10
8.72259e-10
8.81215e-10
8.94266e-10
9.12667e-10
9.37544e-10
9.70452e-10
1.01336e-09
1.06788e-09
1.134e-09
1.21178e-09
1.30265e-09
1.40552e-09
1.5174e-09
1.63138e-09
1.73819e-09
1.82854e-09
1.89784e-09
1.96175e-09
2.07047e-09
2.32093e-09
2.79775e-09
3.36374e-09
3.45917e-09
2.84411e-09
2.33083e-09
2.063e-09
1.94654e-09
1.88089e-09
1.81266e-09
1.72217e-09
1.61579e-09
1.50193e-09
1.38987e-09
1.2868e-09
1.19564e-09
1.11772e-09
1.05116e-09
9.96539e-10
9.53637e-10
9.20773e-10
8.95899e-10
8.7758e-10
8.64571e-10
8.55609e-10
8.49669e-10
8.46087e-10
8.44367e-10
8.44301e-10
8.45909e-10
8.49437e-10
8.55335e-10
8.64367e-10
8.77506e-10
8.9605e-10
9.21084e-10
9.54229e-10
9.97427e-10
1.05228e-09
1.11885e-09
1.19697e-09
1.28825e-09
1.3914e-09
1.50353e-09
1.61729e-09
1.72358e-09
1.81406e-09
1.88241e-09
1.94872e-09
2.0666e-09
2.33694e-09
2.8545e-09
3.47451e-09
3.58123e-09
2.9071e-09
2.34999e-09
2.0608e-09
1.93443e-09
1.86575e-09
1.79789e-09
1.70764e-09
1.60176e-09
1.48828e-09
1.37665e-09
1.27274e-09
1.18127e-09
1.10308e-09
1.0361e-09
9.81212e-10
9.38067e-10
9.05e-10
8.79967e-10
8.61535e-10
8.48448e-10
8.39418e-10
8.33452e-10
8.29854e-10
8.28123e-10
8.28057e-10
8.29674e-10
8.33223e-10
8.39144e-10
8.48239e-10
8.6146e-10
8.80139e-10
9.053e-10
9.38655e-10
9.82104e-10
1.03725e-09
1.10421e-09
1.1826e-09
1.27421e-09
1.37821e-09
1.48987e-09
1.60331e-09
1.70908e-09
1.79928e-09
1.86732e-09
1.9367e-09
2.06458e-09
2.35644e-09
2.91813e-09
3.59769e-09
3.71699e-09
2.97721e-09
2.37295e-09
2.06072e-09
1.92391e-09
1.85109e-09
1.78307e-09
1.69404e-09
1.58862e-09
1.47483e-09
1.36358e-09
1.25904e-09
1.16734e-09
1.08894e-09
1.02155e-09
9.66496e-10
9.23136e-10
8.89892e-10
8.64731e-10
8.46183e-10
8.33036e-10
8.23943e-10
8.17954e-10
8.1434e-10
8.126e-10
8.12534e-10
8.14158e-10
8.17726e-10
8.23673e-10
8.32819e-10
8.46116e-10
8.64918e-10
8.9018e-10
9.23717e-10
9.67383e-10
1.02275e-09
1.09007e-09
1.16867e-09
1.26053e-09
1.36511e-09
1.47642e-09
1.59023e-09
1.6955e-09
1.78449e-09
1.8527e-09
1.92627e-09
2.06468e-09
2.37976e-09
2.98893e-09
3.73463e-09
3.86813e-09
3.05568e-09
2.4001e-09
2.0628e-09
1.9145e-09
1.83698e-09
1.76853e-09
1.68048e-09
1.57534e-09
1.46156e-09
1.35031e-09
1.24569e-09
1.15382e-09
1.07534e-09
1.00751e-09
9.52356e-10
9.08835e-10
8.75441e-10
8.50176e-10
8.31518e-10
8.1832e-10
8.09172e-10
8.03165e-10
7.99535e-10
7.97787e-10
7.9772e-10
7.99352e-10
8.02937e-10
8.08908e-10
8.18096e-10
8.31464e-10
8.50379e-10
8.75712e-10
9.09405e-10
9.53259e-10
1.00876e-09
1.07644e-09
1.15517e-09
1.24719e-09
1.35187e-09
1.46317e-09
1.57688e-09
1.68193e-09
1.77006e-09
1.83864e-09
1.91695e-09
2.06696e-09
2.40728e-09
3.06813e-09
3.88706e-09
4.03688e-09
3.14359e-09
2.43119e-09
2.06731e-09
1.90611e-09
1.82348e-09
1.75505e-09
1.6665e-09
1.56259e-09
1.44851e-09
1.33729e-09
1.23328e-09
1.14075e-09
1.06223e-09
9.94013e-10
9.38776e-10
8.95158e-10
8.61639e-10
8.36293e-10
8.17536e-10
8.04291e-10
7.95095e-10
7.89077e-10
7.85432e-10
7.83675e-10
7.83608e-10
7.85248e-10
7.8885e-10
7.94845e-10
8.04063e-10
8.17495e-10
8.36514e-10
8.6189e-10
8.95714e-10
9.39687e-10
9.95272e-10
1.06335e-09
1.14209e-09
1.23479e-09
1.33887e-09
1.45015e-09
1.56417e-09
1.66796e-09
1.75663e-09
1.82518e-09
1.90867e-09
2.07168e-09
2.43876e-09
3.15685e-09
4.05721e-09
4.22492e-09
3.24173e-09
2.46726e-09
2.07446e-09
1.89878e-09
1.81131e-09
1.7413e-09
1.65263e-09
1.54957e-09
1.43636e-09
1.32515e-09
1.22075e-09
1.12866e-09
1.04961e-09
9.81072e-10
9.25752e-10
8.82104e-10
8.48484e-10
8.2308e-10
8.04232e-10
7.90944e-10
7.81708e-10
7.75688e-10
7.72025e-10
7.7026e-10
7.70193e-10
7.7184e-10
7.75459e-10
7.8148e-10
7.90717e-10
8.04204e-10
8.23318e-10
8.48712e-10
8.82644e-10
9.26665e-10
9.82359e-10
1.05075e-09
1.13e-09
1.22226e-09
1.32676e-09
1.43802e-09
1.55117e-09
1.65413e-09
1.74288e-09
1.81306e-09
1.90145e-09
2.07906e-09
2.47532e-09
3.2558e-09
4.24667e-09
4.43485e-09
3.35156e-09
2.50947e-09
2.08426e-09
1.89292e-09
1.7997e-09
1.72764e-09
1.63897e-09
1.53646e-09
1.42421e-09
1.31322e-09
1.20906e-09
1.11705e-09
1.03796e-09
9.69196e-10
9.13759e-10
8.6968e-10
8.35978e-10
8.1054e-10
7.9161e-10
7.78284e-10
7.69013e-10
7.62999e-10
7.59317e-10
7.57544e-10
7.57477e-10
7.59132e-10
7.62768e-10
7.68819e-10
7.7806e-10
7.91593e-10
8.10793e-10
8.36187e-10
8.70204e-10
9.14672e-10
9.70512e-10
1.03913e-09
1.11837e-09
1.21059e-09
1.31483e-09
1.42583e-09
1.53808e-09
1.64051e-09
1.72924e-09
1.8016e-09
1.89573e-09
2.0891e-09
2.51799e-09
3.36649e-09
4.45819e-09
4.67011e-09
3.47472e-09
2.55697e-09
2.09723e-09
1.88873e-09
1.78855e-09
1.71437e-09
1.62556e-09
1.52355e-09
1.41192e-09
1.30173e-09
1.19735e-09
1.10559e-09
1.02657e-09
9.57873e-10
9.02363e-10
8.58309e-10
8.24575e-10
7.99126e-10
7.80121e-10
7.66765e-10
7.57462e-10
7.5146e-10
7.4776e-10
7.45979e-10
7.45911e-10
7.47574e-10
7.51228e-10
7.57317e-10
7.66543e-10
7.80109e-10
7.99395e-10
8.24773e-10
8.58816e-10
9.03298e-10
9.59219e-10
1.02776e-09
1.1069e-09
1.19889e-09
1.30336e-09
1.41356e-09
1.52518e-09
1.62714e-09
1.716e-09
1.79053e-09
1.89168e-09
2.10233e-09
2.56594e-09
3.49055e-09
4.69511e-09
4.93436e-09
3.61283e-09
2.61123e-09
2.11393e-09
1.88641e-09
1.77842e-09
1.70159e-09
1.6132e-09
1.51088e-09
1.39984e-09
1.29017e-09
1.18642e-09
1.09448e-09
1.01541e-09
9.46905e-10
8.91657e-10
8.47549e-10
8.13555e-10
7.88155e-10
7.69122e-10
7.55779e-10
7.46473e-10
7.40508e-10
7.36806e-10
7.35026e-10
7.34957e-10
7.36621e-10
7.40276e-10
7.46401e-10
7.55561e-10
7.6913e-10
7.88444e-10
8.13756e-10
8.48041e-10
8.92595e-10
9.48274e-10
1.01664e-09
1.09575e-09
1.18797e-09
1.2918e-09
1.4015e-09
1.51253e-09
1.61483e-09
1.70326e-09
1.78049e-09
1.88951e-09
2.1193e-09
2.62063e-09
3.62956e-09
4.96108e-09
5.23195e-09
3.76805e-09
2.67339e-09
2.13454e-09
1.8862e-09
1.76991e-09
1.68938e-09
1.60083e-09
1.49852e-09
1.388e-09
1.27878e-09
1.17558e-09
1.08435e-09
1.0047e-09
9.36265e-10
8.81247e-10
8.37374e-10
8.03453e-10
7.78096e-10
7.59008e-10
7.45657e-10
7.36324e-10
7.3001e-10
7.26295e-10
7.24509e-10
7.24441e-10
7.26109e-10
7.29776e-10
7.35956e-10
7.45433e-10
7.59035e-10
7.78392e-10
8.03656e-10
8.3788e-10
8.82197e-10
9.37669e-10
1.00599e-09
1.08558e-09
1.17713e-09
1.28042e-09
1.38968e-09
1.5002e-09
1.60247e-09
1.6911e-09
1.77207e-09
1.88949e-09
2.14019e-09
2.68328e-09
3.78564e-09
5.26042e-09
5.56802e-09
3.9429e-09
2.74383e-09
2.15892e-09
1.88823e-09
1.7624e-09
1.67785e-09
1.58855e-09
1.48652e-09
1.37646e-09
1.26772e-09
1.165e-09
1.07431e-09
9.94948e-10
9.26608e-10
8.71378e-10
8.27579e-10
7.93711e-10
7.68494e-10
7.4945e-10
7.36175e-10
7.26885e-10
7.20568e-10
7.16837e-10
7.15044e-10
7.14975e-10
7.1665e-10
7.20332e-10
7.26569e-10
7.35962e-10
7.49502e-10
7.68798e-10
7.93924e-10
8.2809e-10
8.72337e-10
9.28054e-10
9.96325e-10
1.07549e-09
1.16655e-09
1.26938e-09
1.37817e-09
1.48827e-09
1.59025e-09
1.67963e-09
1.76466e-09
1.8917e-09
2.16483e-09
2.75412e-09
3.96122e-09
5.59824e-09
5.94865e-09
4.14027e-09
2.82514e-09
2.18824e-09
1.89279e-09
1.75611e-09
1.66714e-09
1.57676e-09
1.47557e-09
1.36528e-09
1.25706e-09
1.15488e-09
1.06476e-09
9.85389e-10
9.17474e-10
8.62488e-10
8.18829e-10
7.84923e-10
7.59474e-10
7.40391e-10
7.27137e-10
7.17846e-10
7.11549e-10
7.07812e-10
7.06018e-10
7.05949e-10
7.07625e-10
7.11313e-10
7.17592e-10
7.26923e-10
7.40474e-10
7.59777e-10
7.85147e-10
8.19353e-10
8.63471e-10
9.18939e-10
9.86741e-10
1.06595e-09
1.15644e-09
1.25874e-09
1.36702e-09
1.47737e-09
1.57851e-09
1.66895e-09
1.7585e-09
1.89647e-09
2.19446e-09
2.83582e-09
4.15925e-09
5.98056e-09
6.38494e-09
4.36389e-09
2.91664e-09
2.22364e-09
1.9002e-09
1.75142e-09
1.65741e-09
1.56553e-09
1.46468e-09
1.3551e-09
1.24686e-09
1.14531e-09
1.05576e-09
9.76379e-10
9.08756e-10
8.5395e-10
8.1056e-10
7.76809e-10
7.51491e-10
7.32385e-10
7.19149e-10
7.0984e-10
7.03556e-10
6.99807e-10
6.98007e-10
6.97938e-10
6.99619e-10
7.0332e-10
7.09643e-10
7.18931e-10
7.32508e-10
7.51797e-10
7.7705e-10
8.11129e-10
8.54985e-10
9.10257e-10
9.77738e-10
1.05696e-09
1.14688e-09
1.24857e-09
1.35687e-09
1.46649e-09
1.56736e-09
1.65925e-09
1.75397e-09
1.90411e-09
2.23008e-09
2.92756e-09
4.38326e-09
6.41844e-09
6.87897e-09
4.61813e-09
3.02197e-09
2.2644e-09
1.91081e-09
1.74856e-09
1.64883e-09
1.55499e-09
1.45406e-09
1.34544e-09
1.23768e-09
1.13635e-09
1.04737e-09
9.68016e-10
9.00747e-10
8.46089e-10
8.02867e-10
7.69142e-10
7.43987e-10
7.24884e-10
7.11699e-10
7.02401e-10
6.9615e-10
6.92403e-10
6.90604e-10
6.90534e-10
6.92214e-10
6.95913e-10
7.02262e-10
7.11496e-10
7.25056e-10
7.4431e-10
7.69431e-10
8.03479e-10
8.47196e-10
9.02243e-10
9.69426e-10
1.0486e-09
1.13795e-09
1.23943e-09
1.34724e-09
1.45593e-09
1.55691e-09
1.65117e-09
1.75132e-09
1.915e-09
2.27099e-09
3.03299e-09
4.63748e-09
6.91296e-09
7.44256e-09
4.90829e-09
3.14309e-09
2.31221e-09
1.92508e-09
1.74781e-09
1.6419e-09
1.54525e-09
1.44403e-09
1.33593e-09
1.2291e-09
1.12841e-09
1.03999e-09
9.6077e-10
8.93733e-10
8.38917e-10
7.95901e-10
7.62232e-10
7.37229e-10
7.18108e-10
7.04954e-10
6.95641e-10
6.89409e-10
6.85653e-10
6.83849e-10
6.83779e-10
6.85462e-10
6.89171e-10
6.95574e-10
7.04778e-10
7.1835e-10
7.37576e-10
7.62601e-10
7.96575e-10
8.40149e-10
8.95272e-10
9.62231e-10
1.04129e-09
1.13006e-09
1.23089e-09
1.33778e-09
1.44597e-09
1.54731e-09
1.64427e-09
1.75084e-09
1.92963e-09
2.31886e-09
3.15381e-09
4.92691e-09
7.47784e-09
8.0888e-09
5.24101e-09
3.28048e-09
2.36814e-09
1.94354e-09
1.74943e-09
1.63595e-09
1.53648e-09
1.43471e-09
1.32698e-09
1.22082e-09
1.12094e-09
1.03344e-09
9.54138e-10
8.87479e-10
8.32753e-10
7.89916e-10
7.5633e-10
7.31509e-10
7.12379e-10
6.99252e-10
6.89922e-10
6.83707e-10
6.79942e-10
6.78132e-10
6.78061e-10
6.79749e-10
6.83466e-10
6.89953e-10
6.99136e-10
7.12708e-10
7.31919e-10
7.56859e-10
7.90756e-10
8.34174e-10
8.89125e-10
9.557e-10
1.03485e-09
1.12267e-09
1.22273e-09
1.32894e-09
1.43676e-09
1.53875e-09
1.63852e-09
1.75278e-09
1.94787e-09
2.37461e-09
3.2904e-09
5.25935e-09
8.12653e-09
7.26566e-10
7.07435e-10
6.94333e-10
6.84982e-10
6.78782e-10
6.75007e-10
6.73191e-10
6.73119e-10
6.74811e-10
6.78537e-10
6.85178e-10
6.94346e-10
7.07906e-10
7.27121e-10
7.51978e-10
7.85783e-10
8.29044e-10
8.83838e-10
9.50006e-10
1.02921e-09
1.11626e-09
1.21571e-09
1.32095e-09
1.42848e-09
1.53186e-09
1.63445e-09
1.75752e-09
1.97072e-09
2.44072e-09
3.4472e-09
5.64072e-09
8.86768e-09
6.81224e-10
6.90384e-10
7.0392e-10
7.23149e-10
7.47931e-10
7.81638e-10
8.24758e-10
8.79443e-10
9.45195e-10
1.02439e-09
1.11049e-09
1.20939e-09
1.31436e-09
1.42134e-09
1.52618e-09
1.63238e-09
1.76519e-09
1.99963e-09
2.5178e-09
3.62862e-09
6.07774e-09
9.71823e-09
1.30864e-09
1.41588e-09
1.52191e-09
1.63267e-09
1.77668e-09
2.03507e-09
2.60596e-09
3.8375e-09
6.58106e-09
1.07036e-08
)
;

boundaryField
{
    fuel
    {
        type            fixedValue;
        value           nonuniform 0();
    }
    wall
    {
        type            zeroGradient;
    }
    outlet
    {
        type            zeroGradient;
    }
    frontAndBack
    {
        type            empty;
    }
    procBoundary0to1
    {
        type            processor;
        value           nonuniform List<scalar> 
50
(
2.71251e-09
2.65147e-09
2.58484e-09
2.51798e-09
2.45121e-09
2.37031e-09
2.27752e-09
2.17667e-09
2.07828e-09
1.98361e-09
1.89668e-09
1.82112e-09
1.75713e-09
1.70032e-09
1.65627e-09
1.61833e-09
1.5908e-09
1.56939e-09
1.55319e-09
1.54129e-09
1.53283e-09
1.52688e-09
1.52293e-09
1.52056e-09
1.51941e-09
1.51936e-09
1.52043e-09
1.52276e-09
1.52669e-09
1.53266e-09
1.54121e-09
1.55326e-09
1.56965e-09
1.59114e-09
1.61895e-09
1.65697e-09
1.70115e-09
1.75801e-09
1.82204e-09
1.89768e-09
1.98463e-09
2.07936e-09
2.17773e-09
2.27856e-09
2.37143e-09
2.45226e-09
2.51941e-09
2.58674e-09
2.6541e-09
2.71584e-09
)
;
    }
    procBoundary0to2
    {
        type            processor;
        value           nonuniform List<scalar> 
53
(
8.78569e-09
5.59943e-09
3.42936e-09
2.4312e-09
1.96526e-09
1.75376e-09
1.63176e-09
1.52953e-09
1.42643e-09
1.31899e-09
1.21381e-09
1.11462e-09
1.02791e-09
9.48564e-10
8.82327e-10
8.27726e-10
7.8507e-10
7.51628e-10
7.51628e-10
7.22843e-10
7.03742e-10
6.90666e-10
6.81293e-10
6.75105e-10
6.7132e-10
6.69497e-10
6.69424e-10
6.71121e-10
6.74853e-10
6.74853e-10
6.78454e-10
6.87605e-10
7.01121e-10
7.2036e-10
7.45083e-10
7.78743e-10
8.21712e-10
8.76334e-10
9.41635e-10
1.02085e-09
1.10617e-09
1.20417e-09
1.20417e-09
1.30462e-09
1.41203e-09
1.51974e-09
1.63563e-09
1.79216e-09
2.0749e-09
2.70355e-09
4.06613e-09
7.12975e-09
1.1766e-08
)
;
    }
}


// ************************************************************************* //
