/*--------------------------------*- C++ -*----------------------------------*\
| =========                 |                                                 |
| \\      /  F ield         | OpenFOAM: The Open Source CFD Toolbox           |
|  \\    /   O peration     | Version:  dev                                   |
|   \\  /    A nd           | Web:      www.OpenFOAM.org                      |
|    \\/     M anipulation  |                                                 |
\*---------------------------------------------------------------------------*/
FoamFile
{
    version     2.0;
    format      ascii;
    class       volScalarField;
    location    "0.07";
    object      CH2;
}
// * * * * * * * * * * * * * * * * * * * * * * * * * * * * * * * * * * * * * //

dimensions      [0 0 0 0 0 0 0];

internalField   nonuniform List<scalar> 
1989
(
1.25118e-08
1.2498e-08
1.24916e-08
1.24828e-08
1.24805e-08
1.24751e-08
1.24745e-08
1.24711e-08
1.24713e-08
1.24693e-08
1.24696e-08
1.24685e-08
1.24687e-08
1.24683e-08
1.24683e-08
1.24687e-08
1.24685e-08
1.24696e-08
1.24692e-08
1.24712e-08
1.24711e-08
1.24745e-08
1.24751e-08
1.24806e-08
1.24829e-08
1.24917e-08
1.24979e-08
1.2511e-08
1.25266e-08
1.25503e-08
1.25861e-08
1.26271e-08
1.27039e-08
1.27806e-08
1.29298e-08
1.31017e-08
1.33093e-08
1.36461e-08
1.38574e-08
1.17321e-08
1.15421e-08
1.12462e-08
1.10658e-08
1.0916e-08
1.07876e-08
1.0722e-08
1.06551e-08
1.06201e-08
1.05893e-08
1.05698e-08
1.05564e-08
1.05444e-08
1.0539e-08
1.05314e-08
1.05295e-08
1.05248e-08
1.05243e-08
1.05214e-08
1.05215e-08
1.05198e-08
1.05201e-08
1.05191e-08
1.05193e-08
1.0519e-08
1.0519e-08
1.05193e-08
1.05191e-08
1.05201e-08
1.05198e-08
1.05215e-08
1.05214e-08
1.05243e-08
1.05247e-08
1.05295e-08
1.05315e-08
1.05391e-08
1.05443e-08
1.05556e-08
1.05691e-08
1.05896e-08
1.06206e-08
1.06555e-08
1.07221e-08
1.07877e-08
1.0916e-08
1.10658e-08
1.1246e-08
1.15421e-08
1.1732e-08
9.87028e-09
9.70036e-09
9.44161e-09
9.28663e-09
9.15666e-09
9.04728e-09
8.99159e-09
8.93401e-09
8.90435e-09
8.87783e-09
8.86116e-09
8.84963e-09
8.83942e-09
8.83486e-09
8.82836e-09
8.82677e-09
8.82268e-09
8.82235e-09
8.81983e-09
8.81998e-09
8.81848e-09
8.81873e-09
8.81792e-09
8.81808e-09
8.81781e-09
8.81781e-09
8.81809e-09
8.81791e-09
8.81872e-09
8.81845e-09
8.81996e-09
8.81981e-09
8.82233e-09
8.82267e-09
8.82679e-09
8.8284e-09
8.83491e-09
8.83935e-09
8.84894e-09
8.86049e-09
8.87814e-09
8.90476e-09
8.93432e-09
8.99173e-09
9.04739e-09
9.15662e-09
9.28657e-09
9.44138e-09
9.70025e-09
9.87015e-09
8.23506e-09
8.08163e-09
7.85516e-09
7.72202e-09
7.61072e-09
7.51708e-09
7.46996e-09
7.42056e-09
7.39553e-09
7.37275e-09
7.35855e-09
7.34867e-09
7.34001e-09
7.33618e-09
7.33064e-09
7.32932e-09
7.32583e-09
7.32558e-09
7.32342e-09
7.32356e-09
7.32228e-09
7.3225e-09
7.32181e-09
7.32196e-09
7.32172e-09
7.32172e-09
7.32196e-09
7.3218e-09
7.32249e-09
7.32226e-09
7.32354e-09
7.3234e-09
7.32556e-09
7.32582e-09
7.32933e-09
7.33067e-09
7.33622e-09
7.33995e-09
7.34808e-09
7.3579e-09
7.37308e-09
7.39586e-09
7.42078e-09
7.47006e-09
7.51714e-09
7.61066e-09
7.72194e-09
7.85495e-09
8.08149e-09
8.23492e-09
6.80381e-09
6.69719e-09
6.50126e-09
6.38863e-09
6.29551e-09
6.21584e-09
6.17657e-09
6.1346e-09
6.11378e-09
6.09442e-09
6.08249e-09
6.07413e-09
6.06686e-09
6.06368e-09
6.05899e-09
6.05792e-09
6.05496e-09
6.05478e-09
6.05295e-09
6.05309e-09
6.05199e-09
6.05219e-09
6.0516e-09
6.05173e-09
6.05154e-09
6.05154e-09
6.05174e-09
6.0516e-09
6.05219e-09
6.05197e-09
6.05307e-09
6.05293e-09
6.05476e-09
6.05495e-09
6.05793e-09
6.05902e-09
6.06371e-09
6.06681e-09
6.07363e-09
6.08187e-09
6.09476e-09
6.11405e-09
6.13478e-09
6.17665e-09
6.21587e-09
6.29546e-09
6.38856e-09
6.50108e-09
6.69705e-09
6.80367e-09
5.60118e-09
5.50736e-09
5.33373e-09
5.23572e-09
5.1568e-09
5.08813e-09
5.05504e-09
5.01914e-09
5.00166e-09
4.9851e-09
4.97503e-09
4.96788e-09
4.96176e-09
4.95909e-09
4.95511e-09
4.95422e-09
4.95171e-09
4.95157e-09
4.95001e-09
4.95014e-09
4.94921e-09
4.94939e-09
4.94889e-09
4.949e-09
4.94883e-09
4.94883e-09
4.949e-09
4.94888e-09
4.94938e-09
4.94919e-09
4.95012e-09
4.95e-09
4.95155e-09
4.9517e-09
4.95423e-09
4.95514e-09
4.95912e-09
4.96171e-09
4.96749e-09
4.97445e-09
4.98542e-09
5.00189e-09
5.01928e-09
5.0551e-09
5.08815e-09
5.15674e-09
5.23566e-09
5.33357e-09
5.50723e-09
5.60106e-09
4.57577e-09
4.49483e-09
4.34768e-09
4.26493e-09
4.20007e-09
4.14232e-09
4.11521e-09
4.08511e-09
4.07082e-09
4.05691e-09
4.0486e-09
4.04261e-09
4.03756e-09
4.03539e-09
4.03207e-09
4.03136e-09
4.02926e-09
4.02916e-09
4.02786e-09
4.02798e-09
4.0272e-09
4.02736e-09
4.02693e-09
4.02703e-09
4.02689e-09
4.02689e-09
4.02703e-09
4.02693e-09
4.02735e-09
4.02718e-09
4.02796e-09
4.02784e-09
4.02915e-09
4.02925e-09
4.03137e-09
4.03209e-09
4.03541e-09
4.03753e-09
4.0423e-09
4.04809e-09
4.0572e-09
4.07101e-09
4.08522e-09
4.11525e-09
4.14233e-09
4.20002e-09
4.26488e-09
4.34756e-09
4.49471e-09
4.57567e-09
3.69955e-09
3.62923e-09
3.50583e-09
3.43558e-09
3.38238e-09
3.33412e-09
3.31199e-09
3.2869e-09
3.27526e-09
3.26363e-09
3.25679e-09
3.25181e-09
3.24766e-09
3.24589e-09
3.24315e-09
3.24258e-09
3.24084e-09
3.24077e-09
3.23968e-09
3.23979e-09
3.23915e-09
3.23928e-09
3.23893e-09
3.23901e-09
3.2389e-09
3.2389e-09
3.23902e-09
3.23893e-09
3.23927e-09
3.23913e-09
3.23978e-09
3.23967e-09
3.24076e-09
3.24083e-09
3.24258e-09
3.24316e-09
3.24591e-09
3.24763e-09
3.25156e-09
3.25638e-09
3.26385e-09
3.27541e-09
3.28698e-09
3.31202e-09
3.33412e-09
3.38232e-09
3.43554e-09
3.50573e-09
3.62912e-09
3.69946e-09
2.95701e-09
2.89728e-09
2.79644e-09
2.73753e-09
2.69475e-09
2.6553e-09
2.63754e-09
2.61706e-09
2.60776e-09
2.5982e-09
2.59269e-09
2.58863e-09
2.58528e-09
2.58386e-09
2.58163e-09
2.58118e-09
2.57977e-09
2.57972e-09
2.57884e-09
2.57893e-09
2.57841e-09
2.57852e-09
2.57823e-09
2.5783e-09
2.57821e-09
2.57821e-09
2.5783e-09
2.57823e-09
2.57851e-09
2.57839e-09
2.57892e-09
2.57883e-09
2.57971e-09
2.57976e-09
2.58119e-09
2.58164e-09
2.58388e-09
2.58526e-09
2.58844e-09
2.59238e-09
2.59834e-09
2.60789e-09
2.61712e-09
2.63756e-09
2.65529e-09
2.69469e-09
2.7375e-09
2.79636e-09
2.89719e-09
2.95693e-09
2.34026e-09
2.29013e-09
2.20887e-09
2.15938e-09
2.12537e-09
2.09353e-09
2.07945e-09
2.06292e-09
2.05556e-09
2.04784e-09
2.04339e-09
2.04016e-09
2.03748e-09
2.03635e-09
2.03456e-09
2.03421e-09
2.03307e-09
2.03304e-09
2.03233e-09
2.03241e-09
2.03198e-09
2.03208e-09
2.03185e-09
2.0319e-09
2.03183e-09
2.03183e-09
2.03191e-09
2.03185e-09
2.03207e-09
2.03198e-09
2.0324e-09
2.03232e-09
2.03303e-09
2.03307e-09
2.03421e-09
2.03457e-09
2.03636e-09
2.03746e-09
2.04001e-09
2.04318e-09
2.04791e-09
2.05567e-09
2.06296e-09
2.07947e-09
2.09352e-09
2.12532e-09
2.15936e-09
2.20882e-09
2.29005e-09
2.3402e-09
1.83278e-09
1.79131e-09
1.72629e-09
1.69262e-09
1.66581e-09
1.64013e-09
1.62912e-09
1.61577e-09
1.60999e-09
1.6038e-09
1.60023e-09
1.59766e-09
1.59552e-09
1.59463e-09
1.5932e-09
1.59293e-09
1.59202e-09
1.592e-09
1.59143e-09
1.5915e-09
1.59116e-09
1.59123e-09
1.59105e-09
1.5911e-09
1.59103e-09
1.59103e-09
1.5911e-09
1.59105e-09
1.59123e-09
1.59115e-09
1.59149e-09
1.59142e-09
1.59199e-09
1.59201e-09
1.59293e-09
1.59321e-09
1.59464e-09
1.59551e-09
1.59755e-09
1.60006e-09
1.60385e-09
1.61007e-09
1.6158e-09
1.62913e-09
1.64013e-09
1.66576e-09
1.69261e-09
1.72625e-09
1.79124e-09
1.83273e-09
1.42582e-09
1.3919e-09
1.33948e-09
1.31163e-09
1.28975e-09
1.26877e-09
1.26003e-09
1.24915e-09
1.24456e-09
1.23955e-09
1.23666e-09
1.2346e-09
1.23287e-09
1.23218e-09
1.23102e-09
1.23081e-09
1.23007e-09
1.23007e-09
1.2296e-09
1.22966e-09
1.22939e-09
1.22945e-09
1.2293e-09
1.22934e-09
1.22929e-09
1.22929e-09
1.22934e-09
1.2293e-09
1.22945e-09
1.22938e-09
1.22966e-09
1.2296e-09
1.23006e-09
1.23007e-09
1.23082e-09
1.23103e-09
1.23218e-09
1.23287e-09
1.23452e-09
1.23653e-09
1.23959e-09
1.24462e-09
1.24917e-09
1.26003e-09
1.26876e-09
1.2897e-09
1.31163e-09
1.33946e-09
1.39184e-09
1.42578e-09
1.09168e-09
1.06408e-09
1.02709e-09
1.00482e-09
9.87817e-10
9.71252e-10
9.64559e-10
9.55947e-10
9.52426e-10
9.48485e-10
9.46211e-10
9.44595e-10
9.43251e-10
9.42715e-10
9.41806e-10
9.41653e-10
9.4107e-10
9.4107e-10
9.40704e-10
9.40754e-10
9.40535e-10
9.40588e-10
9.40469e-10
9.40502e-10
9.40461e-10
9.40461e-10
9.40502e-10
9.40469e-10
9.40586e-10
9.4053e-10
9.40749e-10
9.40699e-10
9.41064e-10
9.41066e-10
9.41654e-10
9.4181e-10
9.42721e-10
9.43245e-10
9.44547e-10
9.46108e-10
9.48514e-10
9.52463e-10
9.55964e-10
9.64563e-10
9.71245e-10
9.87766e-10
1.00483e-09
1.02708e-09
1.06403e-09
1.09164e-09
8.28346e-10
8.06385e-10
7.76697e-10
7.60011e-10
7.46922e-10
7.34025e-10
7.28976e-10
7.22238e-10
7.19576e-10
7.16502e-10
7.14743e-10
7.13495e-10
7.12456e-10
7.12051e-10
7.11344e-10
7.11233e-10
7.10778e-10
7.10783e-10
7.10497e-10
7.10539e-10
7.10368e-10
7.10411e-10
7.10318e-10
7.10344e-10
7.10313e-10
7.10313e-10
7.10345e-10
7.10318e-10
7.1041e-10
7.10364e-10
7.10535e-10
7.10493e-10
7.10779e-10
7.10775e-10
7.11233e-10
7.11347e-10
7.12055e-10
7.12452e-10
7.13463e-10
7.14666e-10
7.16524e-10
7.196e-10
7.22249e-10
7.28978e-10
7.34019e-10
7.46873e-10
7.60022e-10
7.76685e-10
8.06344e-10
8.28319e-10
6.20008e-10
6.02604e-10
5.79868e-10
5.66897e-10
5.57039e-10
5.47087e-10
5.43336e-10
5.38132e-10
5.36151e-10
5.33785e-10
5.3244e-10
5.3149e-10
5.30696e-10
5.30394e-10
5.29853e-10
5.29773e-10
5.29423e-10
5.29431e-10
5.2921e-10
5.29245e-10
5.29113e-10
5.29147e-10
5.29075e-10
5.29096e-10
5.29072e-10
5.29072e-10
5.29096e-10
5.29075e-10
5.29146e-10
5.2911e-10
5.29242e-10
5.29207e-10
5.29427e-10
5.29421e-10
5.29773e-10
5.29855e-10
5.30397e-10
5.30694e-10
5.31469e-10
5.32383e-10
5.338e-10
5.36166e-10
5.3814e-10
5.43337e-10
5.47081e-10
5.56986e-10
5.66919e-10
5.79861e-10
6.02572e-10
6.19987e-10
4.57075e-10
4.43666e-10
4.26522e-10
4.16519e-10
4.09238e-10
4.01648e-10
3.98909e-10
3.94946e-10
3.93496e-10
3.91702e-10
3.90686e-10
3.89973e-10
3.89376e-10
3.89154e-10
3.88745e-10
3.88689e-10
3.88424e-10
3.88432e-10
3.88265e-10
3.88293e-10
3.88193e-10
3.8822e-10
3.88165e-10
3.88181e-10
3.88162e-10
3.88162e-10
3.88181e-10
3.88165e-10
3.88219e-10
3.8819e-10
3.8829e-10
3.88263e-10
3.8843e-10
3.88422e-10
3.88689e-10
3.88746e-10
3.89156e-10
3.89375e-10
3.89959e-10
3.90646e-10
3.91711e-10
3.93506e-10
3.94951e-10
3.9891e-10
4.01643e-10
4.09202e-10
4.16531e-10
4.26518e-10
4.43641e-10
4.57059e-10
3.31517e-10
3.21335e-10
3.08651e-10
3.01056e-10
2.95768e-10
2.90069e-10
2.88107e-10
2.85135e-10
2.84091e-10
2.82755e-10
2.81997e-10
2.8147e-10
2.81028e-10
2.80868e-10
2.80564e-10
2.80526e-10
2.80328e-10
2.80336e-10
2.80211e-10
2.80233e-10
2.80158e-10
2.80179e-10
2.80138e-10
2.8015e-10
2.80136e-10
2.80136e-10
2.8015e-10
2.80138e-10
2.80178e-10
2.80156e-10
2.80231e-10
2.80209e-10
2.80334e-10
2.80326e-10
2.80526e-10
2.80565e-10
2.8087e-10
2.81028e-10
2.81461e-10
2.81969e-10
2.82759e-10
2.84099e-10
2.85138e-10
2.88107e-10
2.90065e-10
2.95743e-10
3.01062e-10
3.08648e-10
3.21317e-10
3.31505e-10
2.36216e-10
2.28625e-10
2.19412e-10
2.13762e-10
2.09992e-10
2.05787e-10
2.04411e-10
2.0222e-10
2.01485e-10
2.00507e-10
1.99951e-10
1.99567e-10
1.99247e-10
1.99133e-10
1.98911e-10
1.98886e-10
1.98741e-10
1.98748e-10
1.98656e-10
1.98673e-10
1.98618e-10
1.98634e-10
1.98604e-10
1.98613e-10
1.98603e-10
1.98603e-10
1.98613e-10
1.98604e-10
1.98633e-10
1.98617e-10
1.98672e-10
1.98655e-10
1.98747e-10
1.98739e-10
1.98886e-10
1.98912e-10
1.99135e-10
1.99246e-10
1.99562e-10
1.99932e-10
2.0051e-10
2.0149e-10
2.02222e-10
2.04411e-10
2.05784e-10
2.09976e-10
2.13764e-10
2.1941e-10
2.28613e-10
2.36208e-10
1.64892e-10
1.59218e-10
1.5255e-10
1.4839e-10
1.45719e-10
1.42657e-10
1.41697e-10
1.40107e-10
1.39594e-10
1.38888e-10
1.38482e-10
1.38205e-10
1.37977e-10
1.37897e-10
1.37737e-10
1.3772e-10
1.37616e-10
1.37622e-10
1.37556e-10
1.37568e-10
1.37529e-10
1.3754e-10
1.37519e-10
1.37525e-10
1.37518e-10
1.37518e-10
1.37525e-10
1.37518e-10
1.3754e-10
1.37528e-10
1.37567e-10
1.37555e-10
1.37621e-10
1.37615e-10
1.3772e-10
1.37738e-10
1.37898e-10
1.37977e-10
1.38202e-10
1.38469e-10
1.38889e-10
1.39596e-10
1.40108e-10
1.41697e-10
1.42654e-10
1.45709e-10
1.4839e-10
1.52548e-10
1.59209e-10
1.64885e-10
1.12768e-10
1.08684e-10
1.04026e-10
1.01065e-10
9.92373e-11
9.70646e-11
9.64196e-11
9.52929e-11
9.49475e-11
9.44506e-11
9.41632e-11
9.39684e-11
9.38098e-11
9.37555e-11
9.36436e-11
9.36327e-11
9.35593e-11
9.35644e-11
9.35177e-11
9.3527e-11
9.3499e-11
9.35074e-11
9.34921e-11
9.3497e-11
9.34918e-11
9.34917e-11
9.34971e-11
9.3492e-11
9.35071e-11
9.34983e-11
9.35263e-11
9.3517e-11
9.35635e-11
9.35586e-11
9.36327e-11
9.3644e-11
9.37561e-11
9.38098e-11
9.39666e-11
9.41545e-11
9.44509e-11
9.4949e-11
9.52933e-11
9.64192e-11
9.70608e-11
9.92304e-11
1.01064e-10
1.04025e-10
1.08678e-10
1.12764e-10
7.53478e-11
7.2467e-11
6.92939e-11
6.72433e-11
6.60255e-11
6.45213e-11
6.40978e-11
6.33187e-11
6.3093e-11
6.27516e-11
6.25517e-11
6.24182e-11
6.23108e-11
6.22748e-11
6.21983e-11
6.21917e-11
6.21413e-11
6.21453e-11
6.21132e-11
6.21199e-11
6.21006e-11
6.21065e-11
6.2096e-11
6.20995e-11
6.20959e-11
6.20958e-11
6.20995e-11
6.20959e-11
6.21063e-11
6.21001e-11
6.21194e-11
6.21127e-11
6.21447e-11
6.21408e-11
6.21917e-11
6.21986e-11
6.22753e-11
6.23109e-11
6.24173e-11
6.25462e-11
6.27516e-11
6.30937e-11
6.33188e-11
6.40975e-11
6.4516e-11
6.60211e-11
6.72425e-11
6.92929e-11
7.24628e-11
7.53448e-11
4.90962e-11
4.71026e-11
4.50035e-11
4.35964e-11
4.27895e-11
4.17565e-11
4.14747e-11
4.09409e-11
4.07951e-11
4.05629e-11
4.04242e-11
4.03337e-11
4.02618e-11
4.02381e-11
4.01865e-11
4.01824e-11
4.01483e-11
4.01513e-11
4.01295e-11
4.01342e-11
4.01212e-11
4.01253e-11
4.01181e-11
4.01205e-11
4.0118e-11
4.0118e-11
4.01205e-11
4.01181e-11
4.01251e-11
4.01208e-11
4.01339e-11
4.01292e-11
4.01509e-11
4.0148e-11
4.01824e-11
4.01866e-11
4.02385e-11
4.02619e-11
4.03332e-11
4.04208e-11
4.05627e-11
4.07955e-11
4.09409e-11
4.14743e-11
4.17481e-11
4.27867e-11
4.35957e-11
4.50028e-11
4.70997e-11
4.90942e-11
3.11286e-11
2.98094e-11
2.84588e-11
2.75366e-11
2.70291e-11
2.6358e-11
2.61647e-11
2.58142e-11
2.57247e-11
2.55733e-11
2.54804e-11
2.54214e-11
2.53753e-11
2.53605e-11
2.5327e-11
2.53247e-11
2.53026e-11
2.53047e-11
2.52905e-11
2.52937e-11
2.52852e-11
2.52879e-11
2.52832e-11
2.52848e-11
2.52832e-11
2.52832e-11
2.52848e-11
2.52832e-11
2.52878e-11
2.52849e-11
2.52934e-11
2.52903e-11
2.53044e-11
2.53023e-11
2.53247e-11
2.53271e-11
2.53607e-11
2.53754e-11
2.54211e-11
2.54784e-11
2.55731e-11
2.57249e-11
2.58142e-11
2.61645e-11
2.63475e-11
2.70275e-11
2.7536e-11
2.84583e-11
2.98074e-11
3.11274e-11
1.91794e-11
1.83174e-11
1.74548e-11
1.6861e-11
1.65474e-11
1.61324e-11
1.60582e-11
1.58351e-11
1.57823e-11
1.56867e-11
1.56256e-11
1.55881e-11
1.55597e-11
1.55507e-11
1.55296e-11
1.55284e-11
1.55145e-11
1.5516e-11
1.5507e-11
1.55091e-11
1.55037e-11
1.55055e-11
1.55025e-11
1.55035e-11
1.55025e-11
1.55025e-11
1.55036e-11
1.55025e-11
1.55054e-11
1.55036e-11
1.55089e-11
1.55069e-11
1.55158e-11
1.55143e-11
1.55284e-11
1.55297e-11
1.55508e-11
1.55598e-11
1.5588e-11
1.56245e-11
1.56865e-11
1.57823e-11
1.58351e-11
1.6058e-11
1.61357e-11
1.65467e-11
1.68606e-11
1.74544e-11
1.83161e-11
1.91786e-11
1.14911e-11
1.096e-11
1.04363e-11
1.00725e-11
9.88877e-12
9.64013e-12
9.59344e-12
9.45615e-12
9.42627e-12
9.36794e-12
9.32829e-12
9.30534e-12
9.28837e-12
9.28308e-12
9.27033e-12
9.26972e-12
9.26123e-12
9.26221e-12
9.25676e-12
9.25807e-12
9.2548e-12
9.2559e-12
9.2541e-12
9.25473e-12
9.25412e-12
9.25411e-12
9.25474e-12
9.25409e-12
9.25586e-12
9.25471e-12
9.25798e-12
9.25667e-12
9.26209e-12
9.26114e-12
9.26972e-12
9.27037e-12
9.28316e-12
9.28842e-12
9.30528e-12
9.32764e-12
9.36781e-12
9.42626e-12
9.45609e-12
9.59335e-12
9.64228e-12
9.88839e-12
1.00723e-11
1.04361e-11
1.09593e-11
1.14906e-11
6.70615e-12
6.38944e-12
6.08178e-12
5.85902e-12
5.75226e-12
5.60383e-12
5.57609e-12
5.49293e-12
5.47627e-12
5.44122e-12
5.41438e-12
5.40062e-12
5.39065e-12
5.38758e-12
5.38001e-12
5.3797e-12
5.37465e-12
5.37526e-12
5.37201e-12
5.37281e-12
5.37086e-12
5.37153e-12
5.37046e-12
5.37084e-12
5.37047e-12
5.37047e-12
5.37084e-12
5.37045e-12
5.37151e-12
5.37081e-12
5.37276e-12
5.37196e-12
5.37519e-12
5.37459e-12
5.3797e-12
5.38004e-12
5.38763e-12
5.39069e-12
5.4006e-12
5.41403e-12
5.44112e-12
5.47623e-12
5.49288e-12
5.57603e-12
5.60461e-12
5.75208e-12
5.85886e-12
6.08164e-12
6.38901e-12
6.70587e-12
3.79698e-12
3.61298e-12
3.43877e-12
3.31178e-12
3.25292e-12
3.16918e-12
3.1538e-12
3.10645e-12
3.09758e-12
3.07785e-12
3.05872e-12
3.05089e-12
3.04538e-12
3.04366e-12
3.03943e-12
3.03926e-12
3.03643e-12
3.03677e-12
3.03495e-12
3.0354e-12
3.03431e-12
3.03468e-12
3.03408e-12
3.0343e-12
3.03409e-12
3.03409e-12
3.0343e-12
3.03408e-12
3.03467e-12
3.03428e-12
3.03537e-12
3.03492e-12
3.03673e-12
3.03639e-12
3.03926e-12
3.03944e-12
3.04369e-12
3.04541e-12
3.05088e-12
3.05854e-12
3.07779e-12
3.09755e-12
3.10642e-12
3.15376e-12
3.16939e-12
3.25284e-12
3.31169e-12
3.43869e-12
3.61271e-12
3.79685e-12
2.09852e-12
1.99657e-12
1.90181e-12
1.83252e-12
1.80106e-12
1.75538e-12
1.74723e-12
1.72123e-12
1.71666e-12
1.70611e-12
1.70606e-12
1.70176e-12
1.69877e-12
1.69784e-12
1.69551e-12
1.69543e-12
1.69387e-12
1.69407e-12
1.69307e-12
1.69332e-12
1.69272e-12
1.69293e-12
1.6926e-12
1.69272e-12
1.6926e-12
1.6926e-12
1.69272e-12
1.6926e-12
1.69292e-12
1.6927e-12
1.6933e-12
1.69305e-12
1.69405e-12
1.69385e-12
1.69543e-12
1.69552e-12
1.69786e-12
1.69878e-12
1.70176e-12
1.70597e-12
1.70608e-12
1.71665e-12
1.72121e-12
1.7472e-12
1.75542e-12
1.80103e-12
1.83247e-12
1.90176e-12
1.9964e-12
2.09848e-12
1.14691e-12
1.09174e-12
1.04118e-12
1.00355e-12
9.87251e-13
9.62456e-13
9.58469e-13
9.44274e-13
9.42068e-13
9.36484e-13
9.3652e-13
9.34224e-13
9.32643e-13
9.32152e-13
9.30907e-13
9.30871e-13
9.30035e-13
9.30147e-13
9.29607e-13
9.29746e-13
9.29422e-13
9.29536e-13
9.29358e-13
9.29423e-13
9.29362e-13
9.29361e-13
9.29424e-13
9.29358e-13
9.29533e-13
9.29413e-13
9.29736e-13
9.29598e-13
9.30134e-13
9.30024e-13
9.30871e-13
9.30911e-13
9.3216e-13
9.32651e-13
9.34231e-13
9.3647e-13
9.36462e-13
9.42056e-13
9.44262e-13
9.58456e-13
9.62457e-13
9.87236e-13
1.00352e-12
1.04115e-12
1.09166e-12
1.14686e-12
6.16163e-13
5.87022e-13
5.60689e-13
5.40719e-13
5.325e-13
5.19347e-13
5.17494e-13
5.09912e-13
5.08897e-13
5.06001e-13
5.06011e-13
5.04823e-13
5.04002e-13
5.03748e-13
5.03099e-13
5.03083e-13
5.02646e-13
5.02706e-13
5.02424e-13
5.02498e-13
5.02329e-13
5.02389e-13
5.02296e-13
5.0233e-13
5.02298e-13
5.02297e-13
5.0233e-13
5.02295e-13
5.02387e-13
5.02323e-13
5.02492e-13
5.02419e-13
5.02699e-13
5.0264e-13
5.03083e-13
5.03101e-13
5.03752e-13
5.04006e-13
5.04827e-13
5.05986e-13
5.05989e-13
5.0889e-13
5.09905e-13
5.17487e-13
5.19341e-13
5.32494e-13
5.40706e-13
5.60675e-13
5.86996e-13
6.16128e-13
3.24862e-13
3.0984e-13
2.96428e-13
2.86079e-13
2.82054e-13
2.7524e-13
2.74432e-13
2.70471e-13
2.70034e-13
2.68562e-13
2.68557e-13
2.67954e-13
2.67541e-13
2.67412e-13
2.67082e-13
2.67076e-13
2.66853e-13
2.66885e-13
2.66741e-13
2.66779e-13
2.66693e-13
2.66724e-13
2.66677e-13
2.66694e-13
2.66678e-13
2.66678e-13
2.66694e-13
2.66676e-13
2.66723e-13
2.6669e-13
2.66776e-13
2.66738e-13
2.66881e-13
2.6685e-13
2.67075e-13
2.67083e-13
2.67414e-13
2.67543e-13
2.67957e-13
2.68545e-13
2.68555e-13
2.70029e-13
2.70467e-13
2.74428e-13
2.75235e-13
2.82051e-13
2.86072e-13
2.96421e-13
3.09834e-13
3.24838e-13
1.66823e-13
1.5936e-13
1.52661e-13
1.47508e-13
1.45584e-13
1.42202e-13
1.41854e-13
1.39869e-13
1.39686e-13
1.38963e-13
1.38953e-13
1.38657e-13
1.38456e-13
1.38392e-13
1.38232e-13
1.38228e-13
1.38119e-13
1.38134e-13
1.38064e-13
1.38083e-13
1.38041e-13
1.38056e-13
1.38033e-13
1.38041e-13
1.38033e-13
1.38033e-13
1.38042e-13
1.38033e-13
1.38056e-13
1.38039e-13
1.38081e-13
1.38063e-13
1.38133e-13
1.38118e-13
1.38228e-13
1.38232e-13
1.38393e-13
1.38458e-13
1.38658e-13
1.38947e-13
1.38959e-13
1.39684e-13
1.39866e-13
1.41852e-13
1.42199e-13
1.45583e-13
1.47505e-13
1.52658e-13
1.5936e-13
1.66808e-13
8.32441e-14
7.96925e-14
7.69282e-14
7.44269e-14
7.3546e-14
7.19061e-14
7.1774e-14
7.08003e-14
7.07337e-14
7.03856e-14
7.03788e-14
7.02374e-14
7.01431e-14
7.01118e-14
7.00359e-14
7.00339e-14
6.99825e-14
6.99896e-14
6.99563e-14
6.99651e-14
6.99453e-14
6.99524e-14
6.99415e-14
6.99456e-14
6.99418e-14
6.99417e-14
6.99456e-14
6.99415e-14
6.99522e-14
6.99446e-14
6.99644e-14
6.99557e-14
6.99887e-14
6.99816e-14
7.00338e-14
7.00361e-14
7.01123e-14
7.01437e-14
7.02383e-14
7.03763e-14
7.03839e-14
7.07324e-14
7.07991e-14
7.17729e-14
7.19047e-14
7.35449e-14
7.4425e-14
7.69263e-14
7.96937e-14
8.32356e-14
4.06039e-14
3.89545e-14
3.76975e-14
3.65088e-14
3.61142e-14
3.53399e-14
3.5293e-14
3.48281e-14
3.48064e-14
3.46429e-14
3.4639e-14
3.4573e-14
3.45299e-14
3.45148e-14
3.448e-14
3.44788e-14
3.44552e-14
3.44583e-14
3.4443e-14
3.4447e-14
3.44379e-14
3.44412e-14
3.44362e-14
3.4438e-14
3.44363e-14
3.44362e-14
3.4438e-14
3.44361e-14
3.44411e-14
3.44376e-14
3.44467e-14
3.44428e-14
3.44579e-14
3.44548e-14
3.44787e-14
3.44801e-14
3.4515e-14
3.45302e-14
3.45734e-14
3.46379e-14
3.46421e-14
3.48058e-14
3.48275e-14
3.52924e-14
3.53392e-14
3.61136e-14
3.65078e-14
3.76966e-14
3.89553e-14
4.05996e-14
1.91657e-14
1.84278e-14
1.78801e-14
1.73426e-14
1.71741e-14
1.68256e-14
1.68111e-14
1.65991e-14
1.65937e-14
1.65199e-14
1.6518e-14
1.64883e-14
1.64696e-14
1.64625e-14
1.64474e-14
1.64466e-14
1.64363e-14
1.64376e-14
1.64309e-14
1.64325e-14
1.64286e-14
1.643e-14
1.64278e-14
1.64286e-14
1.64278e-14
1.64278e-14
1.64286e-14
1.64278e-14
1.64299e-14
1.64284e-14
1.64324e-14
1.64307e-14
1.64373e-14
1.64361e-14
1.64466e-14
1.64474e-14
1.64626e-14
1.64697e-14
1.64885e-14
1.65175e-14
1.65195e-14
1.65933e-14
1.65988e-14
1.68108e-14
1.68252e-14
1.71738e-14
1.73422e-14
1.78797e-14
1.84282e-14
1.91636e-14
8.65867e-15
8.34309e-15
8.11575e-15
7.88402e-15
7.81509e-15
7.66572e-15
7.66194e-15
7.5699e-15
7.56927e-15
7.53742e-15
7.53661e-15
7.52378e-15
7.5161e-15
7.51285e-15
7.5066e-15
7.50612e-15
7.50186e-15
7.5023e-15
7.49954e-15
7.50018e-15
7.49856e-15
7.49911e-15
7.49821e-15
7.49854e-15
7.49821e-15
7.49821e-15
7.49854e-15
7.4982e-15
7.49909e-15
7.49849e-15
7.50012e-15
7.49948e-15
7.5022e-15
7.50178e-15
7.5061e-15
7.5066e-15
7.51289e-15
7.51615e-15
7.52385e-15
7.53645e-15
7.53726e-15
7.56913e-15
7.56977e-15
7.66182e-15
7.66557e-15
7.81492e-15
7.88382e-15
8.11556e-15
8.34314e-15
8.65781e-15
3.66372e-15
3.53712e-15
3.4492e-15
3.35604e-15
3.32946e-15
3.26989e-15
3.26904e-15
3.2319e-15
3.2322e-15
3.21935e-15
3.21904e-15
3.21381e-15
3.21089e-15
3.20947e-15
3.20708e-15
3.2068e-15
3.20517e-15
3.20529e-15
3.20423e-15
3.20445e-15
3.20383e-15
3.20403e-15
3.20369e-15
3.20381e-15
3.20368e-15
3.20368e-15
3.20381e-15
3.20369e-15
3.20402e-15
3.20381e-15
3.20443e-15
3.20421e-15
3.20525e-15
3.20514e-15
3.20679e-15
3.20708e-15
3.20948e-15
3.21091e-15
3.21384e-15
3.21898e-15
3.21929e-15
3.23214e-15
3.23184e-15
3.26899e-15
3.26983e-15
3.32938e-15
3.35596e-15
3.44912e-15
3.53708e-15
3.6634e-15
1.42058e-15
1.37461e-15
1.34418e-15
1.31076e-15
1.30128e-15
1.28014e-15
1.2798e-15
1.2665e-15
1.26669e-15
1.26205e-15
1.26193e-15
1.25999e-15
1.259e-15
1.25843e-15
1.25761e-15
1.25747e-15
1.25691e-15
1.25692e-15
1.25657e-15
1.25663e-15
1.25642e-15
1.25648e-15
1.25636e-15
1.2564e-15
1.25635e-15
1.25635e-15
1.2564e-15
1.25636e-15
1.25647e-15
1.25641e-15
1.25662e-15
1.25656e-15
1.25691e-15
1.2569e-15
1.25746e-15
1.25761e-15
1.25843e-15
1.259e-15
1.26e-15
1.26191e-15
1.26203e-15
1.26666e-15
1.26648e-15
1.27978e-15
1.28012e-15
1.30125e-15
1.31073e-15
1.34415e-15
1.37456e-15
1.42048e-15
5.32978e-16
5.17736e-16
5.08186e-16
4.97616e-16
4.94259e-16
4.87681e-16
4.87281e-16
4.83149e-16
4.83099e-16
4.81628e-16
4.81541e-16
4.80892e-16
4.80574e-16
4.80361e-16
4.80106e-16
4.80038e-16
4.79866e-16
4.79856e-16
4.79745e-16
4.79757e-16
4.79692e-16
4.79707e-16
4.7967e-16
4.79681e-16
4.79667e-16
4.79666e-16
4.79681e-16
4.7967e-16
4.79706e-16
4.79688e-16
4.79754e-16
4.79742e-16
4.79851e-16
4.79862e-16
4.80037e-16
4.80105e-16
4.80363e-16
4.80576e-16
4.80895e-16
4.81535e-16
4.8162e-16
4.83092e-16
4.83143e-16
4.87276e-16
4.87675e-16
4.94251e-16
4.97607e-16
5.08176e-16
5.1771e-16
5.32947e-16
2.81414e-16
2.74998e-16
2.71387e-16
2.67721e-16
2.65935e-16
2.63749e-16
2.63145e-16
2.61826e-16
2.61597e-16
2.61098e-16
2.60985e-16
2.6073e-16
2.60588e-16
2.60491e-16
2.60385e-16
2.60347e-16
2.60277e-16
2.60266e-16
2.60221e-16
2.60222e-16
2.60195e-16
2.60199e-16
2.60183e-16
2.60187e-16
2.60181e-16
2.60181e-16
2.60187e-16
2.60183e-16
2.60199e-16
2.60193e-16
2.60221e-16
2.6022e-16
2.60264e-16
2.60275e-16
2.60346e-16
2.60385e-16
2.60492e-16
2.60589e-16
2.60731e-16
2.60983e-16
2.61095e-16
2.61594e-16
2.61825e-16
2.63144e-16
2.63748e-16
2.65933e-16
2.67718e-16
2.71383e-16
2.74984e-16
2.81401e-16
)
;

boundaryField
{
    fuel
    {
        type            fixedValue;
        value           nonuniform 0();
    }
    wall
    {
        type            zeroGradient;
    }
    outlet
    {
        type            zeroGradient;
    }
    frontAndBack
    {
        type            empty;
    }
    procBoundary3to2
    {
        type            processor;
        value           nonuniform List<scalar> 
51
(
1.47378e-08
1.47217e-08
1.47143e-08
1.47043e-08
1.47016e-08
1.46953e-08
1.46946e-08
1.46907e-08
1.46908e-08
1.46885e-08
1.46889e-08
1.46876e-08
1.46878e-08
1.46874e-08
1.46874e-08
1.46879e-08
1.46876e-08
1.46888e-08
1.46885e-08
1.46908e-08
1.46907e-08
1.46946e-08
1.46953e-08
1.47016e-08
1.47043e-08
1.47144e-08
1.47217e-08
1.47368e-08
1.47549e-08
1.4782e-08
1.48231e-08
1.48708e-08
1.49589e-08
1.50477e-08
1.52199e-08
1.54162e-08
1.56532e-08
1.60343e-08
1.6268e-08
1.38576e-08
1.36462e-08
1.33095e-08
1.31017e-08
1.29298e-08
1.27803e-08
1.27037e-08
1.26265e-08
1.25855e-08
1.255e-08
1.25273e-08
1.25273e-08
)
;
    }
}


// ************************************************************************* //
