/*--------------------------------*- C++ -*----------------------------------*\
| =========                 |                                                 |
| \\      /  F ield         | OpenFOAM: The Open Source CFD Toolbox           |
|  \\    /   O peration     | Version:  dev                                   |
|   \\  /    A nd           | Web:      www.OpenFOAM.org                      |
|    \\/     M anipulation  |                                                 |
\*---------------------------------------------------------------------------*/
FoamFile
{
    version     2.0;
    format      ascii;
    class       volScalarField;
    location    "0.005";
    object      A2C2H22;
}
// * * * * * * * * * * * * * * * * * * * * * * * * * * * * * * * * * * * * * //

dimensions      [0 0 0 0 0 0 0];

internalField   nonuniform List<scalar> 
1989
(
1.12644e-20
1.42212e-20
1.67709e-20
1.9209e-20
2.12681e-20
2.32946e-20
2.47202e-20
2.60515e-20
2.7014e-20
2.79606e-20
2.85541e-20
2.90227e-20
2.9206e-20
2.94468e-20
2.95181e-20
2.94247e-20
2.92182e-20
2.87597e-20
2.81036e-20
2.71176e-20
2.61542e-20
2.47005e-20
2.32196e-20
2.12807e-20
1.914e-20
1.66465e-20
1.40843e-20
1.12573e-20
8.47152e-21
6.04503e-21
3.83645e-21
2.54451e-21
1.45426e-21
8.702e-22
4.73449e-22
3.02887e-22
2.12813e-22
2.16316e-22
3.11248e-22
1.6027e-22
1.10255e-22
1.0765e-22
1.54658e-22
2.37858e-22
4.39348e-22
7.38939e-22
1.30515e-21
1.97252e-21
3.16329e-21
4.37788e-21
5.87783e-21
7.5501e-21
8.98584e-21
1.0299e-20
1.14374e-20
1.25213e-20
1.33088e-20
1.40231e-20
1.45406e-20
1.48998e-20
1.51261e-20
1.53753e-20
1.54706e-20
1.55374e-20
1.55765e-20
1.55266e-20
1.54812e-20
1.52357e-20
1.49774e-20
1.45979e-20
1.40764e-20
1.32984e-20
1.24857e-20
1.14425e-20
1.02652e-20
8.91828e-21
7.46806e-21
5.87013e-21
4.34644e-21
3.11458e-21
1.94712e-21
1.283e-21
7.25518e-22
4.30974e-22
2.33544e-22
1.52047e-22
1.05827e-22
1.08479e-22
1.58044e-22
7.9151e-23
5.3726e-23
5.18215e-23
7.45426e-23
1.17113e-22
2.10039e-22
3.57521e-22
6.37037e-22
9.67899e-22
1.57084e-21
2.17942e-21
2.94402e-21
3.81092e-21
4.55536e-21
5.261e-21
5.88264e-21
6.47426e-21
6.92519e-21
7.33115e-21
7.62695e-21
7.8739e-21
8.01234e-21
8.1529e-21
8.20558e-21
8.24886e-21
8.27102e-21
8.24299e-21
8.21337e-21
8.07274e-21
7.91751e-21
7.66019e-21
7.3581e-21
6.91869e-21
6.45784e-21
5.88393e-21
5.24393e-21
4.51924e-21
3.76658e-21
2.94483e-21
2.16381e-21
1.54057e-21
9.53885e-22
6.25586e-22
3.50616e-22
2.05788e-22
1.14822e-22
7.31668e-23
5.08914e-23
5.28021e-23
7.79494e-23
3.78878e-23
2.5383e-23
2.43071e-23
3.48093e-23
5.45596e-23
9.993e-23
1.66578e-22
3.00227e-22
4.5936e-22
7.50024e-22
1.04991e-21
1.42282e-21
1.85926e-21
2.21617e-21
2.58017e-21
2.88491e-21
3.18309e-21
3.40676e-21
3.61594e-21
3.76365e-21
3.89836e-21
3.9727e-21
4.04727e-21
4.07435e-21
4.1011e-21
4.11304e-21
4.09814e-21
4.07973e-21
4.00419e-21
3.92114e-21
3.7807e-21
3.62874e-21
3.40446e-21
3.17636e-21
2.88471e-21
2.57227e-21
2.19888e-21
1.83663e-21
1.42458e-21
1.04114e-21
7.34665e-22
4.52383e-22
2.94642e-22
1.63353e-22
9.78441e-23
5.34369e-23
3.41448e-23
2.38577e-23
2.49292e-23
3.7309e-23
1.75694e-23
1.1677e-23
1.11657e-23
1.58329e-23
2.43316e-23
4.5223e-23
7.65794e-23
1.37286e-22
2.09973e-22
3.44607e-22
4.87802e-22
6.62687e-22
8.73019e-22
1.04141e-21
1.21889e-21
1.36332e-21
1.512e-21
1.61804e-21
1.72106e-21
1.79142e-21
1.85834e-21
1.89423e-21
1.93112e-21
1.94396e-21
1.95794e-21
1.96396e-21
1.95664e-21
1.94736e-21
1.90975e-21
1.8696e-21
1.79972e-21
1.72707e-21
1.61734e-21
1.50933e-21
1.36292e-21
1.2154e-21
1.03314e-21
8.62476e-22
6.63861e-22
4.83188e-22
3.37182e-22
2.06713e-22
1.34626e-22
7.52034e-23
4.42008e-23
2.38255e-23
1.55345e-23
1.09615e-23
1.14788e-23
1.72973e-23
7.94166e-24
5.23645e-24
5.02329e-24
6.94747e-24
1.05111e-23
1.9839e-23
3.39754e-23
5.99167e-23
9.42201e-23
1.52317e-22
2.18044e-22
2.96695e-22
3.94679e-22
4.71091e-22
5.53162e-22
6.20119e-22
6.9019e-22
7.39144e-22
7.88034e-22
8.20521e-22
8.52429e-22
8.6897e-22
8.86626e-22
8.92493e-22
8.99264e-22
9.02179e-22
8.98711e-22
8.94452e-22
8.76401e-22
8.57812e-22
8.24459e-22
7.90824e-22
7.39001e-22
6.89198e-22
6.19892e-22
5.51618e-22
4.67225e-22
3.89985e-22
2.97538e-22
2.15257e-22
1.49117e-22
9.27771e-23
5.88764e-23
3.32479e-23
1.94009e-23
1.02878e-23
6.81583e-24
4.92957e-24
5.14636e-24
7.82293e-24
3.54876e-24
2.29407e-24
2.18336e-24
2.9274e-24
4.56959e-24
8.37035e-24
1.44061e-23
2.50818e-23
4.08055e-23
6.41994e-23
9.49674e-23
1.27699e-22
1.70923e-22
2.05144e-22
2.40749e-22
2.71586e-22
3.0275e-22
3.25043e-22
3.47535e-22
3.62047e-22
3.76785e-22
3.84092e-22
3.92285e-22
3.94861e-22
3.97993e-22
3.99354e-22
3.97751e-22
3.95936e-22
3.87534e-22
3.79248e-22
3.6382e-22
3.48731e-22
3.25031e-22
3.02411e-22
2.71449e-22
2.40008e-22
2.03424e-22
1.69016e-22
1.27875e-22
9.3394e-23
6.31252e-23
4.02392e-23
2.46671e-23
1.40829e-23
8.19951e-24
4.46923e-24
2.87133e-24
2.14191e-24
2.25344e-24
3.49521e-24
1.50809e-24
9.78585e-25
9.20813e-25
1.20204e-24
1.88953e-24
3.52424e-24
6.02626e-24
1.01665e-23
1.66614e-23
2.63258e-23
3.93836e-23
5.30695e-23
7.08678e-23
8.59025e-23
1.00579e-22
1.13978e-22
1.27179e-22
1.36726e-22
1.46508e-22
1.52682e-22
1.59129e-22
1.62219e-22
1.65839e-22
1.66919e-22
1.68293e-22
1.68911e-22
1.68199e-22
1.67457e-22
1.63741e-22
1.60216e-22
1.53461e-22
1.47033e-22
1.36754e-22
1.27073e-22
1.13939e-22
1.00226e-22
8.51776e-23
7.00678e-23
5.31387e-23
3.87549e-23
2.58482e-23
1.64246e-23
1.00147e-23
5.89482e-24
3.45139e-24
1.84728e-24
1.17847e-24
9.03212e-25
9.61036e-25
1.48486e-24
6.32633e-25
3.96922e-25
3.7242e-25
4.79843e-25
7.61901e-25
1.39779e-24
2.44477e-24
4.07529e-24
6.79464e-24
1.04886e-23
1.5505e-23
2.12413e-23
2.81913e-23
3.44376e-23
4.03372e-23
4.59059e-23
5.12298e-23
5.51195e-23
5.91823e-23
6.16879e-23
6.43965e-23
6.56452e-23
6.71684e-23
6.76004e-23
6.81759e-23
6.84679e-23
6.81421e-23
6.78525e-23
6.62875e-23
6.48549e-23
6.20157e-23
5.94051e-23
5.5141e-23
5.12014e-23
4.5908e-23
4.0173e-23
3.41418e-23
2.7923e-23
2.11995e-23
1.52887e-23
1.02898e-23
6.70179e-24
4.00959e-24
2.39187e-24
1.36919e-24
7.44533e-25
4.70337e-25
3.65333e-25
3.90003e-25
6.21886e-25
2.55262e-25
1.60527e-25
1.48559e-25
1.87088e-25
2.96424e-25
5.36858e-25
9.52889e-25
1.58277e-24
2.67457e-24
4.15097e-24
6.16957e-24
8.38302e-24
1.08379e-23
1.32159e-23
1.5469e-23
1.75735e-23
1.96333e-23
2.11964e-23
2.28566e-23
2.38192e-23
2.49509e-23
2.54322e-23
2.60378e-23
2.62021e-23
2.64324e-23
2.66001e-23
2.64213e-23
2.63137e-23
2.56912e-23
2.51353e-23
2.39511e-23
2.2947e-23
2.12098e-23
1.96269e-23
1.75764e-23
1.54039e-23
1.31048e-23
1.0741e-23
8.34437e-24
6.08085e-24
4.08489e-24
2.63926e-24
1.5566e-24
9.32032e-25
5.25706e-25
2.89832e-25
1.83392e-25
1.45761e-25
1.57788e-25
2.51946e-25
1.01783e-25
6.24715e-26
5.70059e-26
7.1915e-26
1.13156e-25
2.02582e-25
3.5707e-25
5.82939e-25
9.97918e-25
1.60143e-24
2.37287e-24
3.29156e-24
4.21946e-24
5.15137e-24
6.03409e-24
6.85575e-24
7.67284e-24
8.18359e-24
8.758e-24
9.12648e-24
9.50485e-24
9.68736e-24
9.92431e-24
9.98567e-24
1.00762e-23
1.0089e-23
1.00722e-23
1.00332e-23
9.78999e-24
9.57716e-24
9.17909e-24
8.79315e-24
8.18994e-24
7.67066e-24
6.85874e-24
6.00781e-24
5.10786e-24
4.18269e-24
3.27011e-24
2.3392e-24
1.5772e-24
9.86105e-25
5.73327e-25
3.50777e-25
1.98184e-25
1.10752e-25
7.04414e-26
5.60043e-26
6.14006e-26
1.00296e-25
3.84959e-26
2.34839e-26
2.14125e-26
2.65335e-26
4.22991e-26
7.36253e-26
1.3162e-25
2.13346e-25
3.67367e-25
5.83384e-25
8.49454e-25
1.18533e-24
1.55049e-24
1.94845e-24
2.29537e-24
2.6089e-24
2.93318e-24
3.15394e-24
3.39539e-24
3.53762e-24
3.69505e-24
3.76607e-24
3.86085e-24
3.88405e-24
3.91979e-24
3.92785e-24
3.91816e-24
3.90365e-24
3.80703e-24
3.72399e-24
3.55867e-24
3.40842e-24
3.1565e-24
2.93296e-24
2.60984e-24
2.28505e-24
1.93191e-24
1.53577e-24
1.17479e-24
8.3856e-25
5.75123e-25
3.63201e-25
2.09826e-25
1.29369e-25
7.18443e-26
4.13807e-26
2.60095e-26
2.10298e-26
2.30891e-26
3.79289e-26
1.42727e-26
8.67854e-27
7.89304e-27
9.58774e-27
1.50765e-26
2.60359e-26
4.65229e-26
7.53082e-26
1.30126e-25
2.12818e-25
3.06665e-25
4.30687e-25
5.59934e-25
6.9032e-25
8.06285e-25
9.1227e-25
1.02107e-24
1.09788e-24
1.18268e-24
1.23275e-24
1.29118e-24
1.31617e-24
1.34966e-24
1.35816e-24
1.37214e-24
1.377e-24
1.37144e-24
1.3662e-24
1.33101e-24
1.30169e-24
1.24052e-24
1.1867e-24
1.09879e-24
1.02112e-24
9.12711e-25
8.02544e-25
6.84441e-25
5.54572e-25
4.26437e-25
3.02825e-25
2.09997e-25
1.28656e-25
7.40634e-26
4.56848e-26
2.54741e-26
1.47545e-26
9.40338e-27
7.75485e-27
8.53691e-27
1.40726e-26
5.2245e-27
3.16172e-27
2.84888e-27
3.43833e-27
5.29372e-27
9.05315e-27
1.58513e-26
2.57438e-26
4.36747e-26
7.25766e-26
1.03718e-25
1.49709e-25
1.94169e-25
2.43769e-25
2.87482e-25
3.2561e-25
3.65878e-25
3.93169e-25
4.24281e-25
4.42254e-25
4.63739e-25
4.72622e-25
4.84204e-25
4.8705e-25
4.91991e-25
4.94042e-25
4.91744e-25
4.90028e-25
4.78043e-25
4.67589e-25
4.45074e-25
4.2565e-25
3.93492e-25
3.6592e-25
3.25741e-25
2.86103e-25
2.4161e-25
1.92158e-25
1.4801e-25
1.02433e-25
7.17453e-26
4.31783e-26
2.53242e-26
1.55673e-26
8.8685e-27
5.18398e-27
3.37425e-27
2.80109e-27
3.11208e-27
5.15559e-27
1.89246e-27
1.14011e-27
1.02023e-27
1.22064e-27
1.83825e-27
3.10149e-27
5.30313e-27
8.7043e-27
1.43791e-26
2.37854e-26
3.376e-26
4.8667e-26
6.24391e-26
7.90692e-26
9.33303e-26
1.06526e-25
1.20127e-25
1.29641e-25
1.40422e-25
1.46667e-25
1.54122e-25
1.5714e-25
1.61283e-25
1.62186e-25
1.63928e-25
1.64687e-25
1.6384e-25
1.63323e-25
1.59059e-25
1.55455e-25
1.47611e-25
1.40866e-25
1.2974e-25
1.20126e-25
1.06582e-25
9.28788e-26
7.83425e-26
6.17954e-26
4.80928e-26
3.33622e-26
2.35479e-26
1.42193e-26
8.56552e-27
5.20971e-27
3.04057e-27
1.80169e-27
1.19885e-27
1.00401e-27
1.12312e-27
1.86903e-27
6.80099e-28
4.0883e-28
3.63999e-28
4.30814e-28
6.34078e-28
1.05194e-27
1.7562e-27
2.90637e-27
4.66594e-27
7.66324e-27
1.07999e-26
1.54577e-26
1.9741e-26
2.4884e-26
2.9238e-26
3.33432e-26
3.75329e-26
4.04827e-26
4.38255e-26
4.57522e-26
4.80417e-26
4.89716e-26
5.02896e-26
5.05549e-26
5.11002e-26
5.13417e-26
5.10764e-26
5.093e-26
4.9576e-26
4.8468e-26
4.60495e-26
4.39795e-26
4.0522e-26
3.75373e-26
3.33682e-26
2.91066e-26
2.46577e-26
1.95411e-26
1.52761e-26
1.06773e-26
7.59537e-27
4.61678e-27
2.86161e-27
1.72597e-27
1.03207e-27
6.22078e-28
4.23519e-28
3.5857e-28
4.03115e-28
6.72229e-28
2.43298e-28
1.46413e-28
1.29892e-28
1.51821e-28
2.18283e-28
3.55102e-28
5.78787e-28
9.60724e-28
1.49856e-27
2.43972e-27
3.41303e-27
4.83841e-27
6.16314e-27
7.71892e-27
9.03736e-27
1.02822e-26
1.15522e-26
1.2441e-26
1.3453e-26
1.40316e-26
1.47208e-26
1.49993e-26
1.54061e-26
1.54825e-26
1.56492e-26
1.57236e-26
1.56431e-26
1.56026e-26
1.51855e-26
1.48536e-26
1.41238e-26
1.35062e-26
1.24557e-26
1.15549e-26
1.02921e-26
9.00018e-27
7.64923e-27
6.10177e-27
4.7831e-27
3.37571e-27
2.42015e-27
1.48383e-27
9.46655e-28
5.69139e-28
3.48698e-28
2.14381e-28
1.49409e-28
1.28094e-28
1.44514e-28
2.40685e-28
8.69573e-29
5.25666e-29
4.65262e-29
5.36478e-29
7.53398e-29
1.19926e-28
1.90849e-28
3.15533e-28
4.78583e-28
7.71092e-28
1.07005e-27
1.5006e-27
1.90648e-27
2.37041e-27
2.76673e-27
3.13816e-27
3.51924e-27
3.78258e-27
4.0848e-27
4.25577e-27
4.46092e-27
4.54288e-27
4.66571e-27
4.68737e-27
4.73761e-27
4.76009e-27
4.73607e-27
4.7251e-27
4.59945e-27
4.50169e-27
4.28397e-27
4.10244e-27
3.78775e-27
3.52034e-27
3.14173e-27
2.75632e-27
2.34918e-27
1.88777e-27
1.48412e-27
1.05885e-27
7.65394e-28
4.74216e-28
3.11213e-28
1.87798e-28
1.17878e-28
7.40771e-29
5.28564e-29
4.59339e-29
5.19403e-29
8.60985e-29
3.11577e-29
1.89792e-29
1.67772e-29
1.90785e-29
2.61761e-29
4.07122e-29
6.32577e-29
1.03445e-28
1.52749e-28
2.43096e-28
3.34288e-28
4.63247e-28
5.86609e-28
7.23617e-28
8.41864e-28
9.51367e-28
1.06475e-27
1.14192e-27
1.23139e-27
1.28134e-27
1.34194e-27
1.36575e-27
1.40234e-27
1.40839e-27
1.42338e-27
1.43011e-27
1.42302e-27
1.42011e-27
1.38277e-27
1.35432e-27
1.28986e-27
1.23701e-27
1.14363e-27
1.06513e-27
9.526e-28
8.3896e-28
7.1721e-28
5.80869e-28
4.58467e-28
3.3097e-28
2.41423e-28
1.51456e-28
1.02138e-28
6.23003e-29
4.00601e-29
2.57684e-29
1.88198e-29
1.65826e-29
1.87733e-29
3.08775e-29
1.12237e-29
6.90596e-30
6.10309e-30
6.84694e-30
9.18389e-30
1.39468e-29
2.11474e-29
3.40353e-29
4.89699e-29
7.68168e-29
1.04551e-28
1.42998e-28
1.80303e-28
2.20529e-28
2.55613e-28
2.87632e-28
3.21147e-28
3.43582e-28
3.69916e-28
3.84386e-28
4.0219e-28
4.09038e-28
4.1985e-28
4.21517e-28
4.25961e-28
4.27961e-28
4.25881e-28
4.25137e-28
4.14123e-28
4.05918e-28
3.86938e-28
3.71649e-28
3.44122e-28
3.2126e-28
2.88042e-28
2.54803e-28
2.18611e-28
1.78551e-28
1.41624e-28
1.03578e-28
7.63241e-29
4.85857e-29
3.36427e-29
2.08489e-29
1.37392e-29
9.05209e-30
6.76234e-30
6.03904e-30
6.83825e-30
1.11327e-29
4.07257e-30
2.53548e-30
2.24212e-30
2.48376e-30
3.26047e-30
4.83493e-30
7.15192e-30
1.12914e-29
1.58422e-29
2.44433e-29
3.28889e-29
4.43378e-29
5.56121e-29
6.73918e-29
7.77788e-29
8.71013e-29
9.6971e-29
1.03463e-28
1.11193e-28
1.15361e-28
1.20577e-28
1.22531e-28
1.25714e-28
1.26167e-28
1.27479e-28
1.28073e-28
1.27465e-28
1.27282e-28
1.24045e-28
1.21693e-28
1.16119e-28
1.11716e-28
1.03628e-28
9.7003e-29
8.72345e-29
7.75535e-29
6.68205e-29
5.50791e-29
4.39453e-29
3.26058e-29
2.42982e-29
1.57277e-29
1.11737e-29
7.05892e-30
4.76866e-30
3.21769e-30
2.45599e-30
2.22093e-30
2.5131e-30
4.04305e-30
1.49004e-30
9.39462e-31
8.3196e-31
9.11157e-31
1.17234e-30
1.69893e-30
2.45235e-30
3.79083e-30
5.19132e-30
7.86434e-30
1.04499e-29
1.38687e-29
1.72876e-29
2.07397e-29
2.3821e-29
2.65338e-29
2.94409e-29
3.13164e-29
3.35872e-29
3.47844e-29
3.63137e-29
3.68681e-29
3.78053e-29
3.79264e-29
3.83141e-29
3.84905e-29
3.83131e-29
3.82709e-29
3.73191e-29
3.66476e-29
3.50091e-29
3.37433e-29
3.13657e-29
2.94496e-29
2.65767e-29
2.37585e-29
2.05698e-29
1.71256e-29
1.37568e-29
1.03681e-29
7.82181e-30
5.15709e-30
3.75553e-30
2.4233e-30
1.67765e-30
1.15836e-30
9.01979e-31
8.24892e-31
9.32009e-31
1.48046e-30
5.49729e-31
3.51074e-31
3.11571e-31
3.3784e-31
4.26821e-31
6.05326e-31
8.53537e-31
1.29089e-30
1.72762e-30
2.56647e-30
3.36518e-30
4.39297e-30
5.43681e-30
6.45267e-30
7.37234e-30
8.16406e-30
9.02401e-30
9.56675e-30
1.02368e-29
1.05809e-29
1.10312e-29
1.11881e-29
1.1465e-29
1.14969e-29
1.16118e-29
1.16646e-29
1.16126e-29
1.1604e-29
1.1323e-29
1.11313e-29
1.06475e-29
1.02833e-29
9.5813e-30
9.02638e-30
8.17792e-30
7.35512e-30
6.40212e-30
5.38754e-30
4.36101e-30
3.34167e-30
2.55412e-30
1.7174e-30
1.28027e-30
8.44406e-31
5.98434e-31
4.22214e-31
3.3478e-31
3.09189e-31
3.48567e-31
5.46614e-31
2.04357e-31
1.3214e-31
1.17601e-31
1.26437e-31
1.57158e-31
2.18514e-31
3.01492e-31
4.46251e-31
5.84587e-31
8.51163e-31
1.10086e-30
1.41311e-30
1.7348e-30
2.03605e-30
2.31319e-30
2.54566e-30
2.80211e-30
2.95992e-30
3.15927e-30
3.25849e-30
3.39216e-30
3.43656e-30
3.51894e-30
3.52717e-30
3.56149e-30
3.57741e-30
3.56212e-30
3.56079e-30
3.47724e-30
3.42236e-30
3.27837e-30
3.17313e-30
2.96421e-30
2.8028e-30
2.55019e-30
2.30851e-30
2.02094e-30
1.71979e-30
1.40391e-30
1.09415e-30
8.47628e-31
5.81542e-31
4.43043e-31
2.98597e-31
2.1626e-31
1.55626e-31
1.25407e-31
1.1679e-31
1.31288e-31
2.0334e-31
7.64408e-32
5.00107e-32
4.46608e-32
4.76775e-32
5.84184e-32
7.97839e-32
1.07939e-31
1.56512e-31
2.0107e-31
2.86997e-31
3.66156e-31
4.62296e-31
5.62551e-31
6.52869e-31
7.37396e-31
8.06267e-31
8.83624e-31
9.29852e-31
9.8983e-31
1.01863e-30
1.05875e-30
1.07135e-30
1.09611e-30
1.09818e-30
1.10853e-30
1.1134e-30
1.10885e-30
1.10886e-30
1.08376e-30
1.06796e-30
1.02461e-30
9.94e-31
9.31131e-31
8.83849e-31
8.07774e-31
7.3616e-31
6.48312e-31
5.57964e-31
4.59612e-31
3.64255e-31
2.86006e-31
2.00167e-31
1.5554e-31
1.07013e-31
7.90395e-32
5.79033e-32
4.73269e-32
4.43819e-32
4.97182e-32
7.61078e-32
2.87262e-32
1.90021e-32
1.70374e-32
1.80822e-32
2.18792e-32
2.94034e-32
3.90902e-32
5.56016e-32
7.01915e-32
9.82902e-32
1.23753e-31
1.53796e-31
1.85424e-31
2.12861e-31
2.38985e-31
2.59616e-31
2.83268e-31
2.9694e-31
3.15228e-31
3.23663e-31
3.35866e-31
3.3946e-31
3.46992e-31
3.47489e-31
3.50654e-31
3.52163e-31
3.50797e-31
3.50936e-31
3.43294e-31
3.3871e-31
3.25486e-31
3.16499e-31
2.97327e-31
2.8335e-31
2.60127e-31
2.38671e-31
2.11477e-31
1.84013e-31
1.53005e-31
1.23221e-31
9.80207e-32
6.9926e-32
5.53065e-32
3.87905e-32
2.91551e-32
2.17045e-32
1.79619e-32
1.69405e-32
1.89008e-32
2.86169e-32
1.08294e-32
7.23879e-33
6.51984e-33
6.88654e-33
8.24116e-33
1.09151e-32
1.42879e-32
1.99649e-32
2.4814e-32
3.41254e-32
4.24308e-32
5.19575e-32
6.20578e-32
7.05085e-32
7.86917e-32
8.49451e-32
9.22801e-32
9.63665e-32
1.02023e-31
1.04517e-31
1.08282e-31
1.09313e-31
1.11636e-31
1.11747e-31
1.12727e-31
1.13203e-31
1.12787e-31
1.12875e-31
1.10516e-31
1.09174e-31
1.05081e-31
1.02415e-31
9.64871e-32
9.23133e-32
8.51225e-32
7.86166e-32
7.00855e-32
6.16191e-32
5.17228e-32
4.2284e-32
3.40557e-32
2.47369e-32
1.98755e-32
1.41901e-32
1.08315e-32
8.18146e-33
6.8449e-33
6.48594e-33
7.20343e-33
1.07934e-32
4.08936e-33
2.76116e-33
2.49938e-33
2.62958e-33
3.11633e-33
4.073e-33
5.25881e-33
7.22873e-33
8.86091e-33
1.19818e-32
1.47241e-32
1.77856e-32
2.10472e-32
2.36852e-32
2.628e-32
2.81976e-32
3.05033e-32
3.17375e-32
3.3511e-32
3.42561e-32
3.5434e-32
3.57314e-32
3.64572e-32
3.64783e-32
3.67858e-32
3.69381e-32
3.68102e-32
3.68523e-32
3.61143e-32
3.57177e-32
3.44332e-32
3.36342e-32
3.17763e-32
3.05173e-32
2.82603e-32
2.62642e-32
2.35551e-32
2.09092e-32
1.77161e-32
1.46848e-32
1.19653e-32
8.83904e-33
7.20188e-33
5.22663e-33
4.04468e-33
3.0958e-33
2.61508e-33
2.48745e-33
2.74875e-33
4.07753e-33
1.54416e-33
1.05314e-33
9.58455e-34
1.00512e-33
1.18087e-33
1.52451e-33
1.94432e-33
2.63243e-33
3.18723e-33
4.24243e-33
5.15689e-33
6.15178e-33
7.21464e-33
8.04819e-33
8.87916e-33
9.4735e-33
1.02067e-32
1.05831e-32
1.11458e-32
1.13705e-32
1.17435e-32
1.18298e-32
1.20593e-32
1.20617e-32
1.21593e-32
1.22088e-32
1.2169e-32
1.21871e-32
1.19533e-32
1.18351e-32
1.14271e-32
1.11852e-32
1.0596e-32
1.02127e-32
9.49592e-33
8.87681e-33
8.00806e-33
7.17077e-33
6.13134e-33
5.14687e-33
4.23926e-33
3.18125e-33
2.62449e-33
1.93367e-33
1.51487e-33
1.17378e-33
1.00005e-33
9.54242e-34
1.04878e-33
1.54028e-33
5.82162e-34
4.01296e-34
3.67324e-34
3.84165e-34
4.47757e-34
5.71289e-34
7.20473e-34
9.61607e-34
1.1514e-33
1.51008e-33
1.81706e-33
2.14301e-33
2.49149e-33
2.75753e-33
3.02535e-33
3.21129e-33
3.44636e-33
3.56215e-33
3.74236e-33
3.81062e-33
3.92993e-33
3.95503e-33
4.02835e-33
4.02772e-33
4.05899e-33
4.07527e-33
4.06282e-33
4.07019e-33
3.99535e-33
3.95986e-33
3.82895e-33
3.75511e-33
3.56655e-33
3.44899e-33
3.21931e-33
3.02549e-33
2.74514e-33
2.47742e-33
2.13708e-33
1.81474e-33
1.50983e-33
1.14987e-33
9.59341e-34
7.16936e-34
5.68002e-34
4.45304e-34
3.8239e-34
3.65838e-34
3.99763e-34
5.80901e-34
2.19005e-34
1.52818e-34
1.40732e-34
1.46833e-34
1.69841e-34
2.14146e-34
2.67195e-34
3.51664e-34
4.16762e-34
5.38838e-34
6.42178e-34
7.49433e-34
8.63929e-34
9.49461e-34
1.03593e-33
1.09454e-33
1.17014e-33
1.20601e-33
1.26404e-33
1.28489e-33
1.32329e-33
1.3306e-33
1.35418e-33
1.35354e-33
1.36362e-33
1.36902e-33
1.36512e-33
1.368e-33
1.34388e-33
1.33317e-33
1.29091e-33
1.26824e-33
1.20755e-33
1.17132e-33
1.09736e-33
1.03626e-33
9.45647e-34
8.59389e-34
7.47761e-34
6.41751e-34
5.39041e-34
4.16419e-34
3.51056e-34
2.66021e-34
2.13029e-34
1.68994e-34
1.46213e-34
1.40211e-34
1.52284e-34
2.18602e-34
8.22832e-35
5.82693e-35
5.4e-35
5.62113e-35
6.45257e-35
8.035e-35
9.91836e-35
1.28674e-34
1.5099e-34
1.9244e-34
2.27192e-34
2.62508e-34
3.00037e-34
3.27658e-34
3.55471e-34
3.74045e-34
3.98312e-34
4.09478e-34
4.28188e-34
4.34569e-34
4.46955e-34
4.49083e-34
4.56679e-34
4.56337e-34
4.59593e-34
4.614e-34
4.60179e-34
4.61273e-34
4.53478e-34
4.50236e-34
4.36565e-34
4.29586e-34
4.10025e-34
3.98834e-34
3.75021e-34
3.55668e-34
3.2649e-34
2.98565e-34
2.62059e-34
2.27169e-34
1.9261e-34
1.50938e-34
1.28532e-34
9.87951e-35
7.99734e-35
6.42349e-35
5.59968e-35
5.3819e-35
5.80857e-35
8.21588e-35
3.09491e-35
2.23187e-35
2.08167e-35
2.16157e-35
2.4618e-35
3.02439e-35
3.69134e-35
4.71578e-35
5.47871e-35
6.87926e-35
8.04307e-35
9.20364e-35
1.04256e-34
1.13198e-34
1.22065e-34
1.2797e-34
1.35709e-34
1.39196e-34
1.45206e-34
1.47162e-34
1.51151e-34
1.51767e-34
1.54213e-34
1.54061e-34
1.5511e-34
1.55717e-34
1.55339e-34
1.55744e-34
1.53227e-34
1.52244e-34
1.47829e-34
1.4568e-34
1.3939e-34
1.3593e-34
1.28305e-34
1.22156e-34
1.12844e-34
1.03776e-34
9.1927e-35
8.04655e-35
6.88867e-35
5.47941e-35
4.71363e-35
3.67856e-35
3.01187e-35
2.45189e-35
2.15423e-35
2.07551e-35
2.2257e-35
3.09131e-35
1.1694e-35
8.62094e-36
8.0938e-36
8.37813e-36
9.46482e-36
1.14578e-35
1.38146e-35
1.73535e-35
1.99532e-35
2.46565e-35
2.85298e-35
3.23315e-35
3.62678e-35
3.91685e-35
4.19576e-35
4.38361e-35
4.62807e-35
4.73715e-35
4.92874e-35
4.98875e-35
5.11675e-35
5.13445e-35
5.2129e-35
5.20674e-35
5.24046e-35
5.26084e-35
5.24932e-35
5.26403e-35
5.183e-35
5.15322e-35
5.0113e-35
4.94514e-35
4.74405e-35
4.637e-35
4.3952e-35
4.19949e-35
3.90623e-35
3.61109e-35
3.23114e-35
2.85568e-35
2.47021e-35
1.99653e-35
1.73578e-35
1.37729e-35
1.1417e-35
9.43145e-36
8.35355e-36
8.07346e-36
8.60099e-36
1.16849e-35
4.4561e-36
3.36979e-36
3.18506e-36
3.28487e-36
3.67984e-36
4.38511e-36
5.21743e-36
6.43346e-36
7.31719e-36
8.88689e-36
1.0166e-35
1.14082e-35
1.26569e-35
1.36007e-35
1.44643e-35
1.50575e-35
1.58243e-35
1.61626e-35
1.67691e-35
1.69524e-35
1.73615e-35
1.74118e-35
1.76622e-35
1.76387e-35
1.77464e-35
1.78151e-35
1.77809e-35
1.78333e-35
1.75736e-35
1.74832e-35
1.703e-35
1.68261e-35
1.61878e-35
1.58588e-35
1.50986e-35
1.4478e-35
1.35692e-35
1.26054e-35
1.14086e-35
1.01807e-35
8.90779e-36
7.32534e-36
6.44027e-36
5.20394e-36
4.37228e-36
3.66873e-36
3.27691e-36
3.1787e-36
3.36376e-36
4.4546e-36
1.71824e-36
1.33611e-36
1.27132e-36
1.30651e-36
1.45061e-36
1.70092e-36
1.99541e-36
2.41124e-36
2.71169e-36
3.23279e-36
3.65134e-36
4.05714e-36
4.44518e-36
4.75257e-36
5.01712e-36
5.20031e-36
5.44062e-36
5.54342e-36
5.73457e-36
5.78983e-36
5.92011e-36
5.93423e-36
6.01372e-36
6.00505e-36
6.03929e-36
6.06252e-36
6.05273e-36
6.07122e-36
5.98831e-36
5.96088e-36
5.81688e-36
5.75443e-36
5.55317e-36
5.4535e-36
5.21509e-36
5.02195e-36
4.74336e-36
4.42839e-36
4.06044e-36
3.65824e-36
3.24215e-36
2.71627e-36
2.41608e-36
1.99101e-36
1.6971e-36
1.44695e-36
1.30408e-36
1.26952e-36
1.33451e-36
1.71851e-36
6.72133e-37
5.38066e-37
5.15273e-37
5.28144e-37
5.80794e-37
6.70404e-37
7.7511e-37
9.16645e-37
1.01934e-36
1.19158e-36
1.32709e-36
1.45982e-36
1.57795e-36
1.67681e-36
1.75812e-36
1.81287e-36
1.88821e-36
1.91863e-36
1.97863e-36
1.99502e-36
2.03632e-36
2.04024e-36
2.06534e-36
2.06225e-36
2.07305e-36
2.08098e-36
2.07835e-36
2.08481e-36
2.05843e-36
2.05011e-36
2.00451e-36
1.98563e-36
1.92253e-36
1.89298e-36
1.81819e-36
1.75991e-36
1.67391e-36
1.57307e-36
1.46216e-36
1.3299e-36
1.19574e-36
1.02181e-36
9.19514e-37
7.73637e-37
6.69388e-37
5.79581e-37
5.27477e-37
5.14898e-37
5.37771e-37
6.72608e-37
2.68175e-37
2.21107e-37
2.1308e-37
2.18121e-37
2.3735e-37
2.70048e-37
3.07661e-37
3.55728e-37
3.91395e-37
4.48201e-37
4.91521e-37
5.34728e-37
5.70554e-37
6.01582e-37
6.26892e-37
6.42683e-37
6.66256e-37
6.74952e-37
6.93726e-37
6.98498e-37
7.11548e-37
7.12625e-37
7.20534e-37
7.19447e-37
7.22838e-37
7.25594e-37
7.24964e-37
7.27227e-37
7.18834e-37
7.163e-37
7.01875e-37
6.96239e-37
6.76551e-37
6.68047e-37
6.44619e-37
6.27622e-37
6.00656e-37
5.69473e-37
5.35942e-37
4.925e-37
4.49953e-37
3.92753e-37
3.57272e-37
3.0718e-37
2.69853e-37
2.36914e-37
2.18037e-37
2.13055e-37
2.21132e-37
2.68522e-37
1.12843e-37
9.5943e-38
9.30074e-38
9.52393e-38
1.02565e-37
1.15051e-37
1.29083e-37
1.45866e-37
1.58722e-37
1.7783e-37
1.91921e-37
2.05987e-37
2.17352e-37
2.2688e-37
2.34935e-37
2.39399e-37
2.46805e-37
2.49245e-37
2.55185e-37
2.56574e-37
2.60776e-37
2.61068e-37
2.6361e-37
2.63219e-37
2.64305e-37
2.65307e-37
2.65202e-37
2.66022e-37
2.63292e-37
2.625e-37
2.57838e-37
2.56145e-37
2.49921e-37
2.47525e-37
2.40134e-37
2.35273e-37
2.26627e-37
2.17187e-37
2.06588e-37
1.92324e-37
1.78511e-37
1.59492e-37
1.46622e-37
1.29003e-37
1.15079e-37
1.02406e-37
9.52771e-38
9.3054e-38
9.60244e-38
1.13054e-37
5.96316e-38
5.21617e-38
5.08155e-38
5.20689e-38
5.56615e-38
6.16389e-38
6.81186e-38
7.55329e-38
8.12393e-38
8.91904e-38
9.48873e-38
1.00334e-37
1.04931e-37
1.08372e-37
1.11461e-37
1.12951e-37
1.15733e-37
1.16537e-37
1.18837e-37
1.19311e-37
1.20982e-37
1.21075e-37
1.22082e-37
1.21907e-37
1.22336e-37
1.22798e-37
1.22811e-37
1.23185e-37
1.22086e-37
1.21778e-37
1.19915e-37
1.193e-37
1.16895e-37
1.16107e-37
1.13308e-37
1.11629e-37
1.08352e-37
1.04914e-37
1.00683e-37
9.51461e-38
8.9528e-38
8.17357e-38
7.59211e-38
6.81775e-38
6.17288e-38
5.55802e-38
5.21223e-38
5.08696e-38
5.2227e-38
5.97877e-38
)
;

boundaryField
{
    fuel
    {
        type            fixedValue;
        value           nonuniform 0();
    }
    wall
    {
        type            zeroGradient;
    }
    outlet
    {
        type            zeroGradient;
    }
    frontAndBack
    {
        type            empty;
    }
    procBoundary3to2
    {
        type            processor;
        value           nonuniform List<scalar> 
51
(
2.08417e-20
2.6217e-20
3.15727e-20
3.61023e-20
3.97272e-20
4.34137e-20
4.59169e-20
4.82694e-20
4.99815e-20
5.14594e-20
5.23866e-20
5.31905e-20
5.35166e-20
5.38531e-20
5.39678e-20
5.38109e-20
5.35137e-20
5.27337e-20
5.17026e-20
5.016e-20
4.84639e-20
4.58794e-20
4.32479e-20
3.97659e-20
3.59581e-20
3.13287e-20
2.59744e-20
2.08199e-20
1.57486e-20
1.1485e-20
7.29135e-21
4.87583e-21
2.8286e-21
1.70602e-21
9.31035e-22
5.98014e-22
4.12318e-22
4.1957e-22
5.96586e-22
3.15612e-22
2.1978e-22
2.16367e-22
3.07974e-22
4.8202e-22
8.86967e-22
1.48101e-21
2.58994e-21
3.88935e-21
6.12767e-21
8.56189e-21
8.56189e-21
)
;
    }
}


// ************************************************************************* //
