/*--------------------------------*- C++ -*----------------------------------*\
| =========                 |                                                 |
| \\      /  F ield         | OpenFOAM: The Open Source CFD Toolbox           |
|  \\    /   O peration     | Version:  dev                                   |
|   \\  /    A nd           | Web:      www.OpenFOAM.org                      |
|    \\/     M anipulation  |                                                 |
\*---------------------------------------------------------------------------*/
FoamFile
{
    version     2.0;
    format      ascii;
    class       volScalarField;
    location    "0.055";
    object      C2H5;
}
// * * * * * * * * * * * * * * * * * * * * * * * * * * * * * * * * * * * * * //

dimensions      [0 0 0 0 0 0 0];

internalField   nonuniform List<scalar> 
1989
(
4.4814e-09
4.4818e-09
4.48185e-09
4.4821e-09
4.48208e-09
4.48223e-09
4.4822e-09
4.48232e-09
4.48228e-09
4.48268e-09
4.48271e-09
4.48234e-09
4.48235e-09
4.48236e-09
4.48236e-09
4.48235e-09
4.48234e-09
4.48271e-09
4.48268e-09
4.48227e-09
4.48231e-09
4.48219e-09
4.48223e-09
4.48207e-09
4.48209e-09
4.48187e-09
4.4818e-09
4.48142e-09
4.48102e-09
4.47987e-09
4.4782e-09
4.47712e-09
4.47441e-09
4.47226e-09
4.467e-09
4.46329e-09
4.4551e-09
4.44373e-09
4.43466e-09
4.56416e-09
4.57739e-09
4.59514e-09
4.60754e-09
4.61418e-09
4.62233e-09
4.62578e-09
4.62993e-09
4.63166e-09
4.63411e-09
4.63585e-09
4.63659e-09
4.63732e-09
4.63749e-09
4.63788e-09
4.63789e-09
4.63814e-09
4.63812e-09
4.63828e-09
4.63825e-09
4.63869e-09
4.63869e-09
4.63836e-09
4.63835e-09
4.63838e-09
4.63838e-09
4.63835e-09
4.63836e-09
4.63869e-09
4.63869e-09
4.63824e-09
4.63828e-09
4.6381e-09
4.63814e-09
4.63789e-09
4.63787e-09
4.63749e-09
4.63732e-09
4.63662e-09
4.63595e-09
4.63405e-09
4.63171e-09
4.63001e-09
4.62587e-09
4.62244e-09
4.61431e-09
4.60767e-09
4.59533e-09
4.57746e-09
4.56426e-09
4.7446e-09
4.7623e-09
4.78672e-09
4.80343e-09
4.813e-09
4.82414e-09
4.82884e-09
4.83448e-09
4.83677e-09
4.8398e-09
4.84245e-09
4.84348e-09
4.84449e-09
4.84478e-09
4.84532e-09
4.84536e-09
4.84571e-09
4.84568e-09
4.8459e-09
4.84587e-09
4.84635e-09
4.84632e-09
4.84602e-09
4.84601e-09
4.84604e-09
4.84604e-09
4.84601e-09
4.84602e-09
4.84633e-09
4.84636e-09
4.84586e-09
4.84589e-09
4.84567e-09
4.8457e-09
4.84536e-09
4.84531e-09
4.84477e-09
4.84449e-09
4.84351e-09
4.84257e-09
4.83978e-09
4.83683e-09
4.83457e-09
4.82895e-09
4.82427e-09
4.81315e-09
4.80358e-09
4.78693e-09
4.76238e-09
4.74473e-09
4.98168e-09
5.00452e-09
5.03614e-09
5.0575e-09
5.07013e-09
5.08455e-09
5.0905e-09
5.09777e-09
5.10059e-09
5.10412e-09
5.10794e-09
5.10926e-09
5.11057e-09
5.11098e-09
5.11169e-09
5.11176e-09
5.11222e-09
5.11219e-09
5.11246e-09
5.11243e-09
5.11297e-09
5.1129e-09
5.11263e-09
5.11261e-09
5.11265e-09
5.11265e-09
5.11261e-09
5.11264e-09
5.11291e-09
5.11297e-09
5.11242e-09
5.11246e-09
5.11217e-09
5.11221e-09
5.11176e-09
5.11168e-09
5.11096e-09
5.11057e-09
5.1093e-09
5.10808e-09
5.10414e-09
5.10066e-09
5.09787e-09
5.09063e-09
5.0847e-09
5.0703e-09
5.05767e-09
5.03637e-09
5.00463e-09
4.98183e-09
5.27546e-09
5.30343e-09
5.34224e-09
5.36805e-09
5.38359e-09
5.40131e-09
5.40841e-09
5.41732e-09
5.42064e-09
5.42462e-09
5.43e-09
5.43159e-09
5.43318e-09
5.4337e-09
5.43459e-09
5.43469e-09
5.43526e-09
5.43523e-09
5.43556e-09
5.43553e-09
5.43613e-09
5.43603e-09
5.43579e-09
5.43575e-09
5.4358e-09
5.4358e-09
5.43576e-09
5.43579e-09
5.43604e-09
5.43613e-09
5.43552e-09
5.43556e-09
5.43521e-09
5.43525e-09
5.43469e-09
5.43458e-09
5.43368e-09
5.43318e-09
5.43162e-09
5.43014e-09
5.42466e-09
5.42071e-09
5.41743e-09
5.40854e-09
5.40147e-09
5.38378e-09
5.36823e-09
5.34246e-09
5.30355e-09
5.27563e-09
5.63595e-09
5.67038e-09
5.71774e-09
5.74888e-09
5.76781e-09
5.7892e-09
5.79767e-09
5.80844e-09
5.81235e-09
5.81686e-09
5.8171e-09
5.81895e-09
5.82083e-09
5.82146e-09
5.82255e-09
5.82267e-09
5.82337e-09
5.82334e-09
5.82375e-09
5.82372e-09
5.82437e-09
5.82426e-09
5.82403e-09
5.82398e-09
5.82404e-09
5.82404e-09
5.82398e-09
5.82404e-09
5.82427e-09
5.82437e-09
5.8237e-09
5.82375e-09
5.82332e-09
5.82337e-09
5.82267e-09
5.82255e-09
5.82144e-09
5.82083e-09
5.81898e-09
5.81724e-09
5.81692e-09
5.81243e-09
5.80856e-09
5.79782e-09
5.78937e-09
5.76801e-09
5.74907e-09
5.71799e-09
5.67048e-09
5.63613e-09
6.06318e-09
6.10352e-09
6.15849e-09
6.19453e-09
6.2163e-09
6.24134e-09
6.25093e-09
6.26355e-09
6.26795e-09
6.27308e-09
6.2748e-09
6.27692e-09
6.2791e-09
6.27984e-09
6.28115e-09
6.28129e-09
6.28212e-09
6.28208e-09
6.28258e-09
6.28254e-09
6.28325e-09
6.28313e-09
6.28291e-09
6.28285e-09
6.28291e-09
6.28292e-09
6.28285e-09
6.28292e-09
6.28314e-09
6.28326e-09
6.28252e-09
6.28258e-09
6.28206e-09
6.28212e-09
6.28129e-09
6.28114e-09
6.27982e-09
6.2791e-09
6.27695e-09
6.27492e-09
6.27316e-09
6.26805e-09
6.26368e-09
6.25108e-09
6.24152e-09
6.21652e-09
6.19474e-09
6.15886e-09
6.1035e-09
6.06338e-09
6.56664e-09
6.61333e-09
6.68011e-09
6.72408e-09
6.74964e-09
6.77876e-09
6.78966e-09
6.80439e-09
6.80943e-09
6.81553e-09
6.81838e-09
6.82081e-09
6.82329e-09
6.82416e-09
6.82572e-09
6.82589e-09
6.82687e-09
6.82682e-09
6.82742e-09
6.82737e-09
6.82813e-09
6.82798e-09
6.8278e-09
6.82772e-09
6.8278e-09
6.8278e-09
6.82772e-09
6.82781e-09
6.828e-09
6.82814e-09
6.82735e-09
6.82742e-09
6.8268e-09
6.82687e-09
6.82589e-09
6.82571e-09
6.82415e-09
6.82329e-09
6.82084e-09
6.81848e-09
6.81565e-09
6.80956e-09
6.80453e-09
6.78983e-09
6.77896e-09
6.74988e-09
6.72429e-09
6.68041e-09
6.61343e-09
6.56685e-09
7.16478e-09
7.21977e-09
7.29494e-09
7.34518e-09
7.37369e-09
7.4069e-09
7.419e-09
7.43585e-09
7.44149e-09
7.44845e-09
7.45214e-09
7.45486e-09
7.45763e-09
7.45862e-09
7.46041e-09
7.4606e-09
7.46172e-09
7.46166e-09
7.46235e-09
7.4623e-09
7.46313e-09
7.46297e-09
7.46278e-09
7.46269e-09
7.46278e-09
7.46278e-09
7.4627e-09
7.46279e-09
7.46298e-09
7.46315e-09
7.46228e-09
7.46235e-09
7.46164e-09
7.46173e-09
7.4606e-09
7.4604e-09
7.45861e-09
7.45763e-09
7.45488e-09
7.45221e-09
7.4486e-09
7.44164e-09
7.43602e-09
7.41919e-09
7.40712e-09
7.37395e-09
7.34541e-09
7.2952e-09
7.21994e-09
7.165e-09
7.86138e-09
7.92385e-09
8.00731e-09
8.05299e-09
8.08451e-09
8.12247e-09
8.1357e-09
8.15502e-09
8.16125e-09
8.16921e-09
8.17361e-09
8.17662e-09
8.17971e-09
8.1808e-09
8.18285e-09
8.18304e-09
8.18433e-09
8.18425e-09
8.18505e-09
8.18498e-09
8.18589e-09
8.1857e-09
8.18553e-09
8.18542e-09
8.18552e-09
8.18552e-09
8.18543e-09
8.18554e-09
8.18572e-09
8.18591e-09
8.18496e-09
8.18505e-09
8.18423e-09
8.18434e-09
8.18305e-09
8.18284e-09
8.1808e-09
8.17972e-09
8.17664e-09
8.17364e-09
8.16941e-09
8.16144e-09
8.15521e-09
8.13591e-09
8.1227e-09
8.08478e-09
8.05324e-09
8.00757e-09
7.92402e-09
7.86161e-09
8.65505e-09
8.72595e-09
8.81893e-09
8.87245e-09
8.90718e-09
8.95048e-09
8.96486e-09
8.98697e-09
8.99381e-09
9.00285e-09
9.00791e-09
9.01122e-09
9.01464e-09
9.01583e-09
9.01814e-09
9.01834e-09
9.01981e-09
9.01969e-09
9.02061e-09
9.02051e-09
9.02151e-09
9.0213e-09
9.02113e-09
9.02101e-09
9.02112e-09
9.02113e-09
9.02102e-09
9.02115e-09
9.02132e-09
9.02154e-09
9.0205e-09
9.02061e-09
9.01968e-09
9.01982e-09
9.01835e-09
9.01814e-09
9.01582e-09
9.01465e-09
9.01123e-09
9.00789e-09
9.0031e-09
8.99403e-09
8.98718e-09
8.96509e-09
8.95073e-09
8.90745e-09
8.87271e-09
8.81921e-09
8.72612e-09
8.6553e-09
9.57504e-09
9.6554e-09
9.75918e-09
9.82259e-09
9.85852e-09
9.90802e-09
9.92353e-09
9.94883e-09
9.95628e-09
9.96649e-09
9.97217e-09
9.97579e-09
9.97956e-09
9.98084e-09
9.98345e-09
9.98364e-09
9.9853e-09
9.98515e-09
9.98619e-09
9.98607e-09
9.98716e-09
9.98691e-09
9.98676e-09
9.98662e-09
9.98674e-09
9.98675e-09
9.98663e-09
9.98678e-09
9.98693e-09
9.98718e-09
9.98606e-09
9.9862e-09
9.98514e-09
9.98531e-09
9.98365e-09
9.98345e-09
9.98083e-09
9.97957e-09
9.97581e-09
9.9721e-09
9.96679e-09
9.95654e-09
9.94907e-09
9.9238e-09
9.90829e-09
9.85878e-09
9.82288e-09
9.75947e-09
9.65557e-09
9.57532e-09
1.06422e-08
1.07333e-08
1.08493e-08
1.09213e-08
1.0965e-08
1.10171e-08
1.10337e-08
1.10626e-08
1.10706e-08
1.10821e-08
1.10883e-08
1.10923e-08
1.10964e-08
1.10978e-08
1.11007e-08
1.11009e-08
1.11027e-08
1.11025e-08
1.11037e-08
1.11036e-08
1.11048e-08
1.11045e-08
1.11043e-08
1.11042e-08
1.11043e-08
1.11043e-08
1.11042e-08
1.11044e-08
1.11045e-08
1.11048e-08
1.11036e-08
1.11037e-08
1.11025e-08
1.11028e-08
1.11009e-08
1.11007e-08
1.10978e-08
1.10964e-08
1.10923e-08
1.10882e-08
1.10824e-08
1.10709e-08
1.10629e-08
1.1034e-08
1.10174e-08
1.09652e-08
1.09216e-08
1.08496e-08
1.07335e-08
1.06425e-08
1.18834e-08
1.1987e-08
1.21169e-08
1.21986e-08
1.22461e-08
1.23078e-08
1.23271e-08
1.23618e-08
1.23711e-08
1.23845e-08
1.23917e-08
1.23964e-08
1.24012e-08
1.24028e-08
1.24062e-08
1.24064e-08
1.24086e-08
1.24084e-08
1.24098e-08
1.24096e-08
1.24109e-08
1.24106e-08
1.24105e-08
1.24104e-08
1.24105e-08
1.24105e-08
1.24104e-08
1.24106e-08
1.24106e-08
1.24109e-08
1.24096e-08
1.24098e-08
1.24084e-08
1.24087e-08
1.24064e-08
1.24062e-08
1.24028e-08
1.24012e-08
1.23965e-08
1.23917e-08
1.23849e-08
1.23715e-08
1.23621e-08
1.23275e-08
1.23082e-08
1.22463e-08
1.21989e-08
1.21172e-08
1.19872e-08
1.18837e-08
1.33334e-08
1.34517e-08
1.35975e-08
1.36902e-08
1.37422e-08
1.38126e-08
1.38329e-08
1.38728e-08
1.38826e-08
1.38977e-08
1.39055e-08
1.39107e-08
1.3916e-08
1.39176e-08
1.39214e-08
1.39216e-08
1.39241e-08
1.39238e-08
1.39253e-08
1.39251e-08
1.39265e-08
1.39261e-08
1.39262e-08
1.39259e-08
1.39261e-08
1.39261e-08
1.3926e-08
1.39262e-08
1.39262e-08
1.39265e-08
1.39251e-08
1.39254e-08
1.39238e-08
1.39241e-08
1.39216e-08
1.39214e-08
1.39176e-08
1.3916e-08
1.39107e-08
1.39054e-08
1.38982e-08
1.38831e-08
1.38732e-08
1.38334e-08
1.38131e-08
1.37425e-08
1.36906e-08
1.35979e-08
1.34518e-08
1.33338e-08
1.50374e-08
1.51733e-08
1.53357e-08
1.54418e-08
1.54987e-08
1.55792e-08
1.56006e-08
1.56467e-08
1.56571e-08
1.56741e-08
1.56825e-08
1.56883e-08
1.56941e-08
1.56958e-08
1.57001e-08
1.57003e-08
1.57031e-08
1.57027e-08
1.57045e-08
1.57041e-08
1.57057e-08
1.57053e-08
1.57053e-08
1.57051e-08
1.57053e-08
1.57053e-08
1.57051e-08
1.57054e-08
1.57053e-08
1.57057e-08
1.57042e-08
1.57045e-08
1.57027e-08
1.57031e-08
1.57003e-08
1.57002e-08
1.56958e-08
1.56942e-08
1.56884e-08
1.56825e-08
1.56746e-08
1.56576e-08
1.56472e-08
1.56011e-08
1.55797e-08
1.54991e-08
1.54422e-08
1.53361e-08
1.51735e-08
1.50378e-08
1.7056e-08
1.72199e-08
1.74061e-08
1.75315e-08
1.75961e-08
1.76898e-08
1.77131e-08
1.77677e-08
1.77789e-08
1.77984e-08
1.78078e-08
1.78144e-08
1.7821e-08
1.78228e-08
1.78277e-08
1.78278e-08
1.78311e-08
1.78306e-08
1.78327e-08
1.78323e-08
1.7834e-08
1.78335e-08
1.78337e-08
1.78334e-08
1.78336e-08
1.78336e-08
1.78334e-08
1.78337e-08
1.78336e-08
1.78341e-08
1.78323e-08
1.78328e-08
1.78307e-08
1.78312e-08
1.78279e-08
1.78278e-08
1.78228e-08
1.7821e-08
1.78145e-08
1.78077e-08
1.77989e-08
1.77794e-08
1.77682e-08
1.77137e-08
1.76903e-08
1.75965e-08
1.7532e-08
1.74065e-08
1.72201e-08
1.70565e-08
1.94603e-08
1.96513e-08
1.98578e-08
2.00028e-08
2.00736e-08
2.01813e-08
2.02054e-08
2.02694e-08
2.02809e-08
2.03033e-08
2.03134e-08
2.03209e-08
2.03283e-08
2.03302e-08
2.03358e-08
2.03358e-08
2.03395e-08
2.03389e-08
2.03413e-08
2.03407e-08
2.03427e-08
2.03421e-08
2.03423e-08
2.0342e-08
2.03423e-08
2.03423e-08
2.0342e-08
2.03424e-08
2.03422e-08
2.03428e-08
2.03408e-08
2.03414e-08
2.0339e-08
2.03396e-08
2.03359e-08
2.03358e-08
2.03302e-08
2.03283e-08
2.0321e-08
2.03134e-08
2.03038e-08
2.02815e-08
2.027e-08
2.0206e-08
2.01819e-08
2.00741e-08
2.00033e-08
1.98583e-08
1.96516e-08
1.94608e-08
2.23535e-08
2.25783e-08
2.28285e-08
2.30005e-08
2.30804e-08
2.32062e-08
2.32316e-08
2.33081e-08
2.33202e-08
2.33462e-08
2.33574e-08
2.33661e-08
2.33745e-08
2.33765e-08
2.3383e-08
2.33829e-08
2.33872e-08
2.33865e-08
2.33893e-08
2.33886e-08
2.33908e-08
2.33901e-08
2.33905e-08
2.33901e-08
2.33904e-08
2.33905e-08
2.33901e-08
2.33905e-08
2.33901e-08
2.33908e-08
2.33887e-08
2.33894e-08
2.33866e-08
2.33874e-08
2.3383e-08
2.33831e-08
2.33766e-08
2.33745e-08
2.33662e-08
2.33574e-08
2.33467e-08
2.33208e-08
2.33088e-08
2.32323e-08
2.32068e-08
2.3081e-08
2.3001e-08
2.2829e-08
2.25785e-08
2.23541e-08
2.58705e-08
2.61363e-08
2.64187e-08
2.66198e-08
2.67079e-08
2.68545e-08
2.68797e-08
2.69712e-08
2.69832e-08
2.70134e-08
2.70257e-08
2.70358e-08
2.70453e-08
2.70475e-08
2.70549e-08
2.70547e-08
2.70598e-08
2.70588e-08
2.70621e-08
2.70612e-08
2.70637e-08
2.70628e-08
2.70634e-08
2.7063e-08
2.70634e-08
2.70634e-08
2.7063e-08
2.70635e-08
2.70629e-08
2.70638e-08
2.70614e-08
2.70622e-08
2.7059e-08
2.706e-08
2.70548e-08
2.7055e-08
2.70475e-08
2.70454e-08
2.7036e-08
2.70257e-08
2.7014e-08
2.69839e-08
2.6972e-08
2.68805e-08
2.68552e-08
2.67085e-08
2.66203e-08
2.64192e-08
2.61365e-08
2.58711e-08
3.01962e-08
3.05129e-08
3.08369e-08
3.10747e-08
3.11724e-08
3.1345e-08
3.13691e-08
3.14798e-08
3.14913e-08
3.15269e-08
3.15405e-08
3.15523e-08
3.15632e-08
3.15655e-08
3.15742e-08
3.15739e-08
3.15798e-08
3.15787e-08
3.15825e-08
3.15814e-08
3.15842e-08
3.15832e-08
3.1584e-08
3.15835e-08
3.1584e-08
3.1584e-08
3.15835e-08
3.15841e-08
3.15834e-08
3.15844e-08
3.15816e-08
3.15827e-08
3.15789e-08
3.15801e-08
3.1574e-08
3.15744e-08
3.15656e-08
3.15633e-08
3.15525e-08
3.15406e-08
3.15275e-08
3.14921e-08
3.14807e-08
3.13699e-08
3.13458e-08
3.11731e-08
3.10753e-08
3.08375e-08
3.05132e-08
3.01969e-08
3.55931e-08
3.59747e-08
3.63518e-08
3.66367e-08
3.67456e-08
3.69517e-08
3.69732e-08
3.71096e-08
3.712e-08
3.71626e-08
3.71777e-08
3.71917e-08
3.72043e-08
3.72069e-08
3.72173e-08
3.72167e-08
3.72238e-08
3.72223e-08
3.72269e-08
3.72256e-08
3.72288e-08
3.72277e-08
3.72287e-08
3.72281e-08
3.72286e-08
3.72286e-08
3.72281e-08
3.72288e-08
3.72278e-08
3.7229e-08
3.72258e-08
3.72271e-08
3.72226e-08
3.72242e-08
3.72169e-08
3.72175e-08
3.7207e-08
3.72045e-08
3.7192e-08
3.71778e-08
3.71633e-08
3.71209e-08
3.71106e-08
3.69741e-08
3.69526e-08
3.67464e-08
3.66374e-08
3.63525e-08
3.59751e-08
3.55939e-08
4.24546e-08
4.29147e-08
4.33623e-08
4.37109e-08
4.38332e-08
4.40837e-08
4.41003e-08
4.42744e-08
4.42828e-08
4.43349e-08
4.43519e-08
4.43689e-08
4.43839e-08
4.43868e-08
4.43993e-08
4.43984e-08
4.44071e-08
4.44053e-08
4.44108e-08
4.44091e-08
4.4413e-08
4.44115e-08
4.44129e-08
4.44122e-08
4.44128e-08
4.44129e-08
4.44122e-08
4.4413e-08
4.44117e-08
4.44132e-08
4.44093e-08
4.44111e-08
4.44055e-08
4.44076e-08
4.43987e-08
4.43996e-08
4.43869e-08
4.43841e-08
4.43693e-08
4.4352e-08
4.43357e-08
4.42839e-08
4.42755e-08
4.41013e-08
4.40847e-08
4.38341e-08
4.37116e-08
4.3363e-08
4.29153e-08
4.24555e-08
5.1385e-08
5.19748e-08
5.25383e-08
5.29856e-08
5.31312e-08
5.34476e-08
5.34586e-08
5.36226e-08
5.36277e-08
5.36932e-08
5.37127e-08
5.37339e-08
5.37521e-08
5.37554e-08
5.37709e-08
5.37697e-08
5.37805e-08
5.37781e-08
5.37851e-08
5.37829e-08
5.37875e-08
5.37857e-08
5.37875e-08
5.37866e-08
5.37874e-08
5.37875e-08
5.37867e-08
5.37877e-08
5.37859e-08
5.37878e-08
5.37831e-08
5.37854e-08
5.37785e-08
5.37811e-08
5.37701e-08
5.37713e-08
5.37556e-08
5.37524e-08
5.37343e-08
5.37129e-08
5.36941e-08
5.3629e-08
5.3624e-08
5.34598e-08
5.34487e-08
5.31324e-08
5.29865e-08
5.25392e-08
5.19758e-08
5.13859e-08
6.33575e-08
6.41078e-08
6.4814e-08
6.539e-08
6.55592e-08
6.59656e-08
6.59645e-08
6.61955e-08
6.61952e-08
6.62804e-08
6.63033e-08
6.63303e-08
6.63532e-08
6.63573e-08
6.6377e-08
6.63752e-08
6.6389e-08
6.63858e-08
6.63947e-08
6.63918e-08
6.63976e-08
6.63953e-08
6.63977e-08
6.63966e-08
6.63976e-08
6.63977e-08
6.63967e-08
6.63979e-08
6.63956e-08
6.6398e-08
6.63921e-08
6.63951e-08
6.63862e-08
6.63898e-08
6.63757e-08
6.63775e-08
6.63575e-08
6.63537e-08
6.63309e-08
6.63037e-08
6.62815e-08
6.61968e-08
6.61973e-08
6.5966e-08
6.5967e-08
6.55606e-08
6.5391e-08
6.4815e-08
6.41095e-08
6.33582e-08
7.99411e-08
8.09304e-08
8.18462e-08
8.26382e-08
8.28556e-08
8.34144e-08
8.33994e-08
8.37271e-08
8.37202e-08
8.38378e-08
8.38669e-08
8.39038e-08
8.39344e-08
8.39397e-08
8.39662e-08
8.39636e-08
8.39823e-08
8.39779e-08
8.39898e-08
8.39858e-08
8.39936e-08
8.39904e-08
8.39938e-08
8.39923e-08
8.39937e-08
8.39938e-08
8.39924e-08
8.39941e-08
8.39907e-08
8.3994e-08
8.39862e-08
8.39904e-08
8.39784e-08
8.39833e-08
8.39642e-08
8.39669e-08
8.39399e-08
8.39349e-08
8.39045e-08
8.38675e-08
8.38393e-08
8.37223e-08
8.37293e-08
8.34013e-08
8.34162e-08
8.28574e-08
8.26396e-08
8.18473e-08
8.09336e-08
7.9941e-08
1.03797e-07
1.05151e-07
1.06376e-07
1.07448e-07
1.07716e-07
1.08457e-07
1.08419e-07
1.08869e-07
1.0885e-07
1.09008e-07
1.09043e-07
1.09092e-07
1.09132e-07
1.09138e-07
1.09173e-07
1.09169e-07
1.09194e-07
1.09188e-07
1.09203e-07
1.09198e-07
1.09208e-07
1.09204e-07
1.09208e-07
1.09206e-07
1.09208e-07
1.09208e-07
1.09207e-07
1.09209e-07
1.09204e-07
1.09209e-07
1.09198e-07
1.09204e-07
1.09188e-07
1.09195e-07
1.0917e-07
1.09174e-07
1.09139e-07
1.09132e-07
1.09093e-07
1.09044e-07
1.0901e-07
1.08853e-07
1.08872e-07
1.08421e-07
1.08459e-07
1.07718e-07
1.07449e-07
1.06377e-07
1.05157e-07
1.03795e-07
1.38153e-07
1.39918e-07
1.41501e-07
1.429e-07
1.43216e-07
1.44177e-07
1.44103e-07
1.44702e-07
1.44663e-07
1.44871e-07
1.44911e-07
1.44973e-07
1.45022e-07
1.45031e-07
1.45074e-07
1.45069e-07
1.451e-07
1.45092e-07
1.45112e-07
1.45105e-07
1.45117e-07
1.45112e-07
1.45118e-07
1.45115e-07
1.45117e-07
1.45118e-07
1.45115e-07
1.45118e-07
1.45112e-07
1.45118e-07
1.45105e-07
1.45113e-07
1.45093e-07
1.45102e-07
1.4507e-07
1.45075e-07
1.45031e-07
1.45023e-07
1.44974e-07
1.44912e-07
1.44873e-07
1.44667e-07
1.44706e-07
1.44106e-07
1.44179e-07
1.43219e-07
1.42902e-07
1.41502e-07
1.3993e-07
1.38147e-07
1.8538e-07
1.87543e-07
1.8945e-07
1.91193e-07
1.91504e-07
1.92692e-07
1.92545e-07
1.93306e-07
1.93227e-07
1.93484e-07
1.93523e-07
1.93595e-07
1.93652e-07
1.9366e-07
1.93711e-07
1.93702e-07
1.93739e-07
1.93729e-07
1.93752e-07
1.93743e-07
1.93757e-07
1.93751e-07
1.93758e-07
1.93755e-07
1.93758e-07
1.93758e-07
1.93755e-07
1.93759e-07
1.93751e-07
1.93758e-07
1.93744e-07
1.93753e-07
1.93729e-07
1.93741e-07
1.93704e-07
1.93712e-07
1.9366e-07
1.93653e-07
1.93596e-07
1.93524e-07
1.93487e-07
1.93232e-07
1.9331e-07
1.92549e-07
1.92696e-07
1.91507e-07
1.91195e-07
1.89452e-07
1.87567e-07
1.85363e-07
2.46669e-07
2.49024e-07
2.51053e-07
2.5298e-07
2.53201e-07
2.54507e-07
2.54261e-07
2.55121e-07
2.54989e-07
2.55269e-07
2.55294e-07
2.55368e-07
2.55428e-07
2.55433e-07
2.55487e-07
2.55475e-07
2.55515e-07
2.55502e-07
2.55527e-07
2.55517e-07
2.55532e-07
2.55524e-07
2.55532e-07
2.55529e-07
2.55532e-07
2.55532e-07
2.55529e-07
2.55533e-07
2.55525e-07
2.55533e-07
2.55517e-07
2.55529e-07
2.55503e-07
2.55517e-07
2.55477e-07
2.55489e-07
2.55433e-07
2.55429e-07
2.5537e-07
2.55296e-07
2.55273e-07
2.54993e-07
2.55126e-07
2.54265e-07
2.5451e-07
2.53205e-07
2.52982e-07
2.51055e-07
2.49061e-07
2.4664e-07
3.18379e-07
3.2053e-07
3.22336e-07
3.24152e-07
3.24178e-07
3.25401e-07
3.25044e-07
3.25886e-07
3.25691e-07
3.25951e-07
3.25947e-07
3.26006e-07
3.26052e-07
3.26049e-07
3.26095e-07
3.26078e-07
3.26113e-07
3.26098e-07
3.2612e-07
3.26109e-07
3.26122e-07
3.26114e-07
3.26121e-07
3.26118e-07
3.2612e-07
3.26121e-07
3.26118e-07
3.26122e-07
3.26115e-07
3.26123e-07
3.26109e-07
3.26121e-07
3.26099e-07
3.26115e-07
3.2608e-07
3.26096e-07
3.26049e-07
3.26053e-07
3.26007e-07
3.25948e-07
3.25954e-07
3.25696e-07
3.25891e-07
3.25049e-07
3.25405e-07
3.24181e-07
3.24154e-07
3.22338e-07
3.20578e-07
3.18338e-07
3.93254e-07
3.94722e-07
3.96002e-07
3.97362e-07
3.97135e-07
3.98046e-07
3.97613e-07
3.98285e-07
3.98041e-07
3.98231e-07
3.98188e-07
3.98219e-07
3.98238e-07
3.98225e-07
3.98252e-07
3.98233e-07
3.98254e-07
3.98239e-07
3.98253e-07
3.98243e-07
3.98251e-07
3.98245e-07
3.98249e-07
3.98247e-07
3.98248e-07
3.98249e-07
3.98247e-07
3.9825e-07
3.98246e-07
3.98252e-07
3.98244e-07
3.98254e-07
3.9824e-07
3.98256e-07
3.98234e-07
3.98253e-07
3.98226e-07
3.9824e-07
3.9822e-07
3.9819e-07
3.98234e-07
3.98045e-07
3.9829e-07
3.97617e-07
3.98049e-07
3.97138e-07
3.97363e-07
3.96003e-07
3.94748e-07
3.93231e-07
4.62112e-07
4.62629e-07
4.62587e-07
4.63336e-07
4.62833e-07
4.63335e-07
4.6284e-07
4.63281e-07
4.62995e-07
4.63093e-07
4.63012e-07
4.63006e-07
4.62997e-07
4.62972e-07
4.62977e-07
4.62955e-07
4.62962e-07
4.62947e-07
4.62952e-07
4.62943e-07
4.62946e-07
4.62941e-07
4.62942e-07
4.62941e-07
4.62941e-07
4.62941e-07
4.62941e-07
4.62943e-07
4.62942e-07
4.62946e-07
4.62944e-07
4.62953e-07
4.62948e-07
4.62963e-07
4.62956e-07
4.62978e-07
4.62973e-07
4.62998e-07
4.63007e-07
4.63013e-07
4.63096e-07
4.62999e-07
4.63285e-07
4.62843e-07
4.63337e-07
4.62834e-07
4.63336e-07
4.62587e-07
4.62639e-07
4.62103e-07
5.17778e-07
5.17428e-07
5.16774e-07
5.16893e-07
5.16169e-07
5.1634e-07
5.15741e-07
5.15938e-07
5.15632e-07
5.15637e-07
5.15524e-07
5.15486e-07
5.1545e-07
5.15414e-07
5.154e-07
5.15376e-07
5.1537e-07
5.15355e-07
5.15352e-07
5.15345e-07
5.15342e-07
5.15339e-07
5.15337e-07
5.15337e-07
5.15336e-07
5.15336e-07
5.15337e-07
5.15337e-07
5.15339e-07
5.15342e-07
5.15345e-07
5.15352e-07
5.15356e-07
5.1537e-07
5.15377e-07
5.15401e-07
5.15416e-07
5.15451e-07
5.15487e-07
5.15525e-07
5.15639e-07
5.15635e-07
5.15941e-07
5.15743e-07
5.16341e-07
5.16169e-07
5.16892e-07
5.16774e-07
5.1743e-07
5.17774e-07
5.5874e-07
5.57723e-07
5.56607e-07
5.56222e-07
5.55359e-07
5.55197e-07
5.54608e-07
5.54601e-07
5.54292e-07
5.54222e-07
5.5409e-07
5.54026e-07
5.53972e-07
5.53929e-07
5.539e-07
5.53874e-07
5.53858e-07
5.53844e-07
5.53834e-07
5.53828e-07
5.53822e-07
5.5382e-07
5.53816e-07
5.53816e-07
5.53815e-07
5.53815e-07
5.53816e-07
5.53816e-07
5.5382e-07
5.53822e-07
5.53828e-07
5.53835e-07
5.53844e-07
5.53858e-07
5.53874e-07
5.539e-07
5.5393e-07
5.53973e-07
5.54027e-07
5.54091e-07
5.54224e-07
5.54295e-07
5.54603e-07
5.5461e-07
5.55198e-07
5.55359e-07
5.56221e-07
5.56605e-07
5.57722e-07
5.58738e-07
5.85962e-07
5.84519e-07
5.83134e-07
5.82409e-07
5.81486e-07
5.811e-07
5.80539e-07
5.80387e-07
5.80089e-07
5.79968e-07
5.79828e-07
5.79747e-07
5.79681e-07
5.79633e-07
5.79595e-07
5.79569e-07
5.79547e-07
5.79534e-07
5.7952e-07
5.79515e-07
5.79506e-07
5.79505e-07
5.79499e-07
5.795e-07
5.79498e-07
5.79498e-07
5.795e-07
5.79499e-07
5.79504e-07
5.79506e-07
5.79515e-07
5.7952e-07
5.79534e-07
5.79547e-07
5.79569e-07
5.79596e-07
5.79635e-07
5.79682e-07
5.79748e-07
5.79828e-07
5.7997e-07
5.80091e-07
5.80389e-07
5.8054e-07
5.811e-07
5.81485e-07
5.82407e-07
5.83133e-07
5.84517e-07
5.8596e-07
6.02016e-07
6.00364e-07
5.98875e-07
5.97959e-07
5.97036e-07
5.96526e-07
5.96001e-07
5.95764e-07
5.95482e-07
5.95332e-07
5.95191e-07
5.95102e-07
5.95031e-07
5.94981e-07
5.94939e-07
5.94912e-07
5.94888e-07
5.94875e-07
5.94859e-07
5.94854e-07
5.94844e-07
5.94843e-07
5.94837e-07
5.94838e-07
5.94836e-07
5.94836e-07
5.94838e-07
5.94837e-07
5.94843e-07
5.94844e-07
5.94854e-07
5.94859e-07
5.94875e-07
5.94888e-07
5.94913e-07
5.9494e-07
5.94982e-07
5.95033e-07
5.95103e-07
5.95192e-07
5.95333e-07
5.95483e-07
5.95765e-07
5.96001e-07
5.96526e-07
5.97035e-07
5.97957e-07
5.98873e-07
6.00361e-07
6.02014e-07
6.10041e-07
6.08332e-07
6.06851e-07
6.0586e-07
6.04972e-07
6.04413e-07
6.03923e-07
6.03647e-07
6.03383e-07
6.03222e-07
6.03084e-07
6.02993e-07
6.02922e-07
6.02871e-07
6.02828e-07
6.02801e-07
6.02776e-07
6.02763e-07
6.02748e-07
6.02742e-07
6.02732e-07
6.02731e-07
6.02725e-07
6.02726e-07
6.02724e-07
6.02724e-07
6.02726e-07
6.02725e-07
6.02731e-07
6.02732e-07
6.02742e-07
6.02747e-07
6.02763e-07
6.02776e-07
6.02802e-07
6.02829e-07
6.02872e-07
6.02923e-07
6.02994e-07
6.03085e-07
6.03223e-07
6.03384e-07
6.03648e-07
6.03924e-07
6.04412e-07
6.04971e-07
6.05858e-07
6.0685e-07
6.0833e-07
6.10038e-07
6.13133e-07
6.11452e-07
6.10029e-07
6.09032e-07
6.08189e-07
6.07623e-07
6.07165e-07
6.06877e-07
6.06628e-07
6.06466e-07
6.06334e-07
6.06243e-07
6.06173e-07
6.06123e-07
6.06081e-07
6.06055e-07
6.0603e-07
6.06017e-07
6.06002e-07
6.05997e-07
6.05987e-07
6.05986e-07
6.0598e-07
6.05981e-07
6.05978e-07
6.05978e-07
6.0598e-07
6.05979e-07
6.05985e-07
6.05986e-07
6.05996e-07
6.06002e-07
6.06017e-07
6.0603e-07
6.06055e-07
6.06082e-07
6.06124e-07
6.06175e-07
6.06244e-07
6.06335e-07
6.06467e-07
6.0663e-07
6.06878e-07
6.07165e-07
6.07623e-07
6.08188e-07
6.0903e-07
6.10029e-07
6.11449e-07
6.1313e-07
6.13799e-07
6.12162e-07
6.10795e-07
6.09813e-07
6.09004e-07
6.08448e-07
6.08008e-07
6.07722e-07
6.07483e-07
6.07323e-07
6.07195e-07
6.07106e-07
6.07037e-07
6.06988e-07
6.06947e-07
6.06921e-07
6.06897e-07
6.06884e-07
6.06869e-07
6.06864e-07
6.06854e-07
6.06853e-07
6.06847e-07
6.06848e-07
6.06846e-07
6.06846e-07
6.06848e-07
6.06847e-07
6.06853e-07
6.06854e-07
6.06863e-07
6.06869e-07
6.06884e-07
6.06897e-07
6.06921e-07
6.06948e-07
6.06989e-07
6.07039e-07
6.07107e-07
6.07196e-07
6.07324e-07
6.07485e-07
6.07723e-07
6.08009e-07
6.08448e-07
6.09004e-07
6.09812e-07
6.10794e-07
6.12159e-07
6.13797e-07
)
;

boundaryField
{
    fuel
    {
        type            fixedValue;
        value           nonuniform 0();
    }
    wall
    {
        type            zeroGradient;
    }
    outlet
    {
        type            zeroGradient;
    }
    frontAndBack
    {
        type            empty;
    }
    procBoundary3to2
    {
        type            processor;
        value           nonuniform List<scalar> 
51
(
4.37487e-09
4.37483e-09
4.37476e-09
4.37484e-09
4.37479e-09
4.37484e-09
4.37481e-09
4.37486e-09
4.37481e-09
4.37519e-09
4.37524e-09
4.37483e-09
4.37485e-09
4.37485e-09
4.37485e-09
4.37485e-09
4.37483e-09
4.37524e-09
4.37519e-09
4.37481e-09
4.37485e-09
4.3748e-09
4.37484e-09
4.37478e-09
4.37484e-09
4.37479e-09
4.37483e-09
4.37489e-09
4.37475e-09
4.37424e-09
4.37327e-09
4.37285e-09
4.37155e-09
4.37072e-09
4.3682e-09
4.36745e-09
4.3632e-09
4.35807e-09
4.35286e-09
4.43464e-09
4.44374e-09
4.45501e-09
4.46325e-09
4.46695e-09
4.47223e-09
4.47438e-09
4.47708e-09
4.47817e-09
4.47996e-09
4.48097e-09
4.48097e-09
)
;
    }
}


// ************************************************************************* //
