/*--------------------------------*- C++ -*----------------------------------*\
| =========                 |                                                 |
| \\      /  F ield         | OpenFOAM: The Open Source CFD Toolbox           |
|  \\    /   O peration     | Version:  dev                                   |
|   \\  /    A nd           | Web:      www.OpenFOAM.org                      |
|    \\/     M anipulation  |                                                 |
\*---------------------------------------------------------------------------*/
FoamFile
{
    version     2.0;
    format      ascii;
    class       volScalarField;
    location    "0.085";
    object      A2;
}
// * * * * * * * * * * * * * * * * * * * * * * * * * * * * * * * * * * * * * //

dimensions      [0 0 0 0 0 0 0];

internalField   nonuniform List<scalar> 
1997
(
1.17339e-08
1.17636e-08
1.18193e-08
1.18553e-08
1.18921e-08
1.19148e-08
1.19343e-08
1.19481e-08
1.19589e-08
1.19665e-08
1.19726e-08
1.19767e-08
1.19803e-08
1.19826e-08
1.19847e-08
1.19859e-08
1.19871e-08
1.19877e-08
1.19836e-08
1.20145e-08
1.20745e-08
1.21136e-08
1.21543e-08
1.21791e-08
1.22004e-08
1.22155e-08
1.22272e-08
1.22355e-08
1.22422e-08
1.22466e-08
1.22505e-08
1.22529e-08
1.22552e-08
1.22565e-08
1.22578e-08
1.22585e-08
1.22592e-08
1.22595e-08
1.226e-08
1.22601e-08
1.22604e-08
1.22604e-08
1.22605e-08
1.22605e-08
1.22604e-08
1.22604e-08
1.22702e-08
1.23028e-08
1.23677e-08
1.24102e-08
1.24554e-08
1.24823e-08
1.25057e-08
1.25221e-08
1.25349e-08
1.25439e-08
1.25511e-08
1.25559e-08
1.25602e-08
1.25627e-08
1.25653e-08
1.25666e-08
1.25681e-08
1.25687e-08
1.25696e-08
1.25699e-08
1.25704e-08
1.25706e-08
1.25708e-08
1.25709e-08
1.25709e-08
1.25709e-08
1.25709e-08
1.25708e-08
1.25706e-08
1.25704e-08
1.25699e-08
1.25696e-08
1.25687e-08
1.2568e-08
1.25666e-08
1.25652e-08
1.25627e-08
1.25601e-08
1.25559e-08
1.25511e-08
1.2597e-08
1.26315e-08
1.27021e-08
1.27483e-08
1.27985e-08
1.28278e-08
1.28534e-08
1.28714e-08
1.28854e-08
1.28951e-08
1.2903e-08
1.29081e-08
1.29127e-08
1.29155e-08
1.29182e-08
1.29196e-08
1.29213e-08
1.2922e-08
1.29229e-08
1.29232e-08
1.29238e-08
1.29239e-08
1.29242e-08
1.29242e-08
1.29243e-08
1.29243e-08
1.29242e-08
1.29242e-08
1.29239e-08
1.29238e-08
1.29232e-08
1.29229e-08
1.29219e-08
1.29212e-08
1.29196e-08
1.29182e-08
1.29154e-08
1.29127e-08
1.29081e-08
1.29029e-08
1.28951e-08
1.28853e-08
1.28713e-08
1.28534e-08
1.28277e-08
1.27985e-08
1.27483e-08
1.27021e-08
1.26315e-08
1.2597e-08
1.29673e-08
1.30042e-08
1.30813e-08
1.31316e-08
1.31874e-08
1.32192e-08
1.32473e-08
1.32669e-08
1.32821e-08
1.32927e-08
1.33013e-08
1.33068e-08
1.33119e-08
1.33148e-08
1.33178e-08
1.33193e-08
1.33211e-08
1.33218e-08
1.33228e-08
1.33232e-08
1.33238e-08
1.33239e-08
1.33242e-08
1.33243e-08
1.33244e-08
1.33244e-08
1.33243e-08
1.33242e-08
1.33239e-08
1.33238e-08
1.33232e-08
1.33228e-08
1.33218e-08
1.3321e-08
1.33192e-08
1.33177e-08
1.33148e-08
1.33118e-08
1.33068e-08
1.33012e-08
1.32927e-08
1.32821e-08
1.32669e-08
1.32473e-08
1.32192e-08
1.31874e-08
1.31316e-08
1.30813e-08
1.30042e-08
1.29674e-08
1.33917e-08
1.34306e-08
1.35152e-08
1.35705e-08
1.36337e-08
1.36685e-08
1.36998e-08
1.37215e-08
1.37383e-08
1.375e-08
1.37594e-08
1.37655e-08
1.3771e-08
1.37742e-08
1.37775e-08
1.37791e-08
1.37811e-08
1.37819e-08
1.3783e-08
1.37834e-08
1.3784e-08
1.37842e-08
1.37845e-08
1.37846e-08
1.37847e-08
1.37847e-08
1.37846e-08
1.37845e-08
1.37842e-08
1.3784e-08
1.37833e-08
1.3783e-08
1.37818e-08
1.3781e-08
1.37791e-08
1.37775e-08
1.37742e-08
1.3771e-08
1.37654e-08
1.37594e-08
1.375e-08
1.37383e-08
1.37215e-08
1.36997e-08
1.36684e-08
1.36336e-08
1.35705e-08
1.35152e-08
1.34306e-08
1.33917e-08
1.38612e-08
1.39035e-08
1.39964e-08
1.40568e-08
1.41267e-08
1.41646e-08
1.41989e-08
1.42226e-08
1.42409e-08
1.42536e-08
1.42638e-08
1.42704e-08
1.42764e-08
1.42798e-08
1.42834e-08
1.42851e-08
1.42872e-08
1.42881e-08
1.42893e-08
1.42897e-08
1.42904e-08
1.42905e-08
1.42909e-08
1.4291e-08
1.42911e-08
1.42911e-08
1.4291e-08
1.42909e-08
1.42905e-08
1.42904e-08
1.42897e-08
1.42893e-08
1.4288e-08
1.42872e-08
1.42851e-08
1.42833e-08
1.42798e-08
1.42763e-08
1.42703e-08
1.42638e-08
1.42536e-08
1.42409e-08
1.42226e-08
1.41989e-08
1.41646e-08
1.41267e-08
1.40568e-08
1.39964e-08
1.39036e-08
1.38613e-08
1.43868e-08
1.4433e-08
1.45352e-08
1.46013e-08
1.46783e-08
1.47198e-08
1.47575e-08
1.47841e-08
1.48045e-08
1.48187e-08
1.483e-08
1.48372e-08
1.48439e-08
1.48477e-08
1.48517e-08
1.48535e-08
1.48559e-08
1.48568e-08
1.48582e-08
1.48585e-08
1.48594e-08
1.48595e-08
1.48599e-08
1.486e-08
1.48601e-08
1.48601e-08
1.486e-08
1.48599e-08
1.48595e-08
1.48594e-08
1.48585e-08
1.48582e-08
1.48567e-08
1.48559e-08
1.48535e-08
1.48516e-08
1.48476e-08
1.48438e-08
1.48372e-08
1.48299e-08
1.48187e-08
1.48045e-08
1.47841e-08
1.47575e-08
1.47198e-08
1.46783e-08
1.46013e-08
1.45352e-08
1.4433e-08
1.43868e-08
1.49729e-08
1.50237e-08
1.51363e-08
1.52089e-08
1.52935e-08
1.53389e-08
1.53801e-08
1.54091e-08
1.54313e-08
1.54467e-08
1.54589e-08
1.54667e-08
1.54739e-08
1.5478e-08
1.54823e-08
1.54843e-08
1.54869e-08
1.54878e-08
1.54893e-08
1.54897e-08
1.54906e-08
1.54907e-08
1.54912e-08
1.54912e-08
1.54914e-08
1.54914e-08
1.54912e-08
1.54912e-08
1.54907e-08
1.54906e-08
1.54897e-08
1.54893e-08
1.54878e-08
1.54868e-08
1.54842e-08
1.54822e-08
1.54779e-08
1.54739e-08
1.54666e-08
1.54588e-08
1.54466e-08
1.54312e-08
1.54091e-08
1.53801e-08
1.53389e-08
1.52935e-08
1.52089e-08
1.51364e-08
1.50238e-08
1.4973e-08
1.56348e-08
1.56894e-08
1.58141e-08
1.58942e-08
1.59884e-08
1.60385e-08
1.60844e-08
1.61165e-08
1.61408e-08
1.61578e-08
1.61712e-08
1.61797e-08
1.61876e-08
1.6192e-08
1.61968e-08
1.61989e-08
1.62018e-08
1.62028e-08
1.62045e-08
1.62049e-08
1.62058e-08
1.6206e-08
1.62065e-08
1.62065e-08
1.62067e-08
1.62067e-08
1.62065e-08
1.62065e-08
1.6206e-08
1.62058e-08
1.62048e-08
1.62044e-08
1.62027e-08
1.62018e-08
1.61989e-08
1.61967e-08
1.6192e-08
1.61876e-08
1.61796e-08
1.61711e-08
1.61578e-08
1.61408e-08
1.61164e-08
1.60843e-08
1.60385e-08
1.59883e-08
1.58942e-08
1.58141e-08
1.56894e-08
1.56349e-08
1.63811e-08
1.64424e-08
1.65798e-08
1.66682e-08
1.67708e-08
1.6826e-08
1.68761e-08
1.69111e-08
1.69375e-08
1.69559e-08
1.69703e-08
1.69795e-08
1.69881e-08
1.69928e-08
1.6998e-08
1.70003e-08
1.70034e-08
1.70044e-08
1.70062e-08
1.70067e-08
1.70077e-08
1.70079e-08
1.70084e-08
1.70085e-08
1.70086e-08
1.70087e-08
1.70085e-08
1.70084e-08
1.70079e-08
1.70077e-08
1.70066e-08
1.70062e-08
1.70044e-08
1.70033e-08
1.70002e-08
1.69979e-08
1.69928e-08
1.6988e-08
1.69795e-08
1.69702e-08
1.69559e-08
1.69374e-08
1.69111e-08
1.68761e-08
1.6826e-08
1.67708e-08
1.66682e-08
1.65798e-08
1.64424e-08
1.63811e-08
1.71825e-08
1.72506e-08
1.74023e-08
1.74995e-08
1.76109e-08
1.76716e-08
1.77262e-08
1.77643e-08
1.77927e-08
1.78127e-08
1.78282e-08
1.78381e-08
1.78474e-08
1.78525e-08
1.7858e-08
1.78605e-08
1.78638e-08
1.78649e-08
1.78669e-08
1.78673e-08
1.78685e-08
1.78686e-08
1.78693e-08
1.78693e-08
1.78695e-08
1.78695e-08
1.78693e-08
1.78693e-08
1.78686e-08
1.78685e-08
1.78673e-08
1.78669e-08
1.78649e-08
1.78638e-08
1.78604e-08
1.7858e-08
1.78524e-08
1.78473e-08
1.78381e-08
1.78281e-08
1.78127e-08
1.77927e-08
1.77643e-08
1.77261e-08
1.76715e-08
1.76109e-08
1.74995e-08
1.74023e-08
1.72507e-08
1.71826e-08
1.80662e-08
1.8142e-08
1.83093e-08
1.84163e-08
1.85367e-08
1.86034e-08
1.86628e-08
1.87043e-08
1.87349e-08
1.87565e-08
1.87732e-08
1.87839e-08
1.87938e-08
1.87992e-08
1.88053e-08
1.88079e-08
1.88115e-08
1.88126e-08
1.88148e-08
1.88152e-08
1.88165e-08
1.88166e-08
1.88173e-08
1.88173e-08
1.88176e-08
1.88176e-08
1.88173e-08
1.88173e-08
1.88166e-08
1.88165e-08
1.88152e-08
1.88148e-08
1.88126e-08
1.88114e-08
1.88078e-08
1.88052e-08
1.87992e-08
1.87937e-08
1.87838e-08
1.87731e-08
1.87565e-08
1.87348e-08
1.87043e-08
1.86628e-08
1.86034e-08
1.85366e-08
1.84163e-08
1.83093e-08
1.81421e-08
1.80663e-08
1.90378e-08
1.91221e-08
1.93065e-08
1.94241e-08
1.95538e-08
1.96273e-08
1.96915e-08
1.97368e-08
1.97696e-08
1.9793e-08
1.98108e-08
1.98223e-08
1.9833e-08
1.98388e-08
1.98453e-08
1.98481e-08
1.9852e-08
1.98532e-08
1.98555e-08
1.9856e-08
1.98574e-08
1.98575e-08
1.98582e-08
1.98582e-08
1.98585e-08
1.98585e-08
1.98582e-08
1.98582e-08
1.98575e-08
1.98574e-08
1.9856e-08
1.98555e-08
1.98532e-08
1.98519e-08
1.9848e-08
1.98452e-08
1.98387e-08
1.98329e-08
1.98222e-08
1.98108e-08
1.9793e-08
1.97695e-08
1.97368e-08
1.96914e-08
1.96273e-08
1.95537e-08
1.94241e-08
1.93065e-08
1.91222e-08
1.90378e-08
2.0124e-08
2.02188e-08
2.04243e-08
2.05553e-08
2.06961e-08
2.07782e-08
2.08482e-08
2.08982e-08
2.09338e-08
2.09594e-08
2.09786e-08
2.09911e-08
2.10027e-08
2.1009e-08
2.1016e-08
2.1019e-08
2.10232e-08
2.10245e-08
2.10271e-08
2.10276e-08
2.10291e-08
2.10292e-08
2.103e-08
2.103e-08
2.10302e-08
2.10302e-08
2.103e-08
2.103e-08
2.10292e-08
2.10291e-08
2.10276e-08
2.10271e-08
2.10245e-08
2.10232e-08
2.10189e-08
2.10159e-08
2.10089e-08
2.10026e-08
2.0991e-08
2.09785e-08
2.09594e-08
2.09337e-08
2.08982e-08
2.08482e-08
2.07782e-08
2.06961e-08
2.05553e-08
2.04243e-08
2.02189e-08
2.01241e-08
2.13244e-08
2.14312e-08
2.16564e-08
2.18005e-08
2.19513e-08
2.20412e-08
2.21166e-08
2.21709e-08
2.22088e-08
2.22365e-08
2.22569e-08
2.22703e-08
2.22827e-08
2.22894e-08
2.22969e-08
2.23001e-08
2.23047e-08
2.23061e-08
2.23088e-08
2.23093e-08
2.23109e-08
2.2311e-08
2.23119e-08
2.23119e-08
2.23122e-08
2.23122e-08
2.23119e-08
2.23119e-08
2.2311e-08
2.23109e-08
2.23093e-08
2.23088e-08
2.2306e-08
2.23046e-08
2.23e-08
2.22969e-08
2.22893e-08
2.22826e-08
2.22702e-08
2.22569e-08
2.22365e-08
2.22088e-08
2.21709e-08
2.21166e-08
2.20412e-08
2.19512e-08
2.18005e-08
2.16565e-08
2.14313e-08
2.13245e-08
2.25953e-08
2.2714e-08
2.29606e-08
2.3118e-08
2.32797e-08
2.33776e-08
2.34587e-08
2.35172e-08
2.35577e-08
2.35875e-08
2.36091e-08
2.36233e-08
2.36365e-08
2.36437e-08
2.36517e-08
2.36551e-08
2.366e-08
2.36614e-08
2.36644e-08
2.36649e-08
2.36666e-08
2.36667e-08
2.36676e-08
2.36677e-08
2.36679e-08
2.3668e-08
2.36677e-08
2.36677e-08
2.36667e-08
2.36666e-08
2.36649e-08
2.36643e-08
2.36614e-08
2.36599e-08
2.3655e-08
2.36517e-08
2.36436e-08
2.36364e-08
2.36232e-08
2.3609e-08
2.35875e-08
2.35576e-08
2.35172e-08
2.34587e-08
2.33776e-08
2.32797e-08
2.3118e-08
2.29606e-08
2.27141e-08
2.25954e-08
2.39974e-08
2.4126e-08
2.43955e-08
2.45681e-08
2.47425e-08
2.485e-08
2.49378e-08
2.50016e-08
2.50454e-08
2.50778e-08
2.51009e-08
2.51163e-08
2.51306e-08
2.51382e-08
2.51469e-08
2.51505e-08
2.51558e-08
2.51573e-08
2.51605e-08
2.5161e-08
2.51629e-08
2.5163e-08
2.5164e-08
2.5164e-08
2.51643e-08
2.51643e-08
2.5164e-08
2.5164e-08
2.5163e-08
2.51629e-08
2.5161e-08
2.51605e-08
2.51573e-08
2.51557e-08
2.51504e-08
2.51468e-08
2.51381e-08
2.51305e-08
2.51162e-08
2.51009e-08
2.50779e-08
2.50453e-08
2.50016e-08
2.49378e-08
2.485e-08
2.47425e-08
2.45681e-08
2.43956e-08
2.41261e-08
2.39975e-08
2.54904e-08
2.56328e-08
2.59244e-08
2.61137e-08
2.63007e-08
2.64172e-08
2.65097e-08
2.65781e-08
2.66249e-08
2.66595e-08
2.66839e-08
2.67001e-08
2.67153e-08
2.67233e-08
2.67326e-08
2.67364e-08
2.6742e-08
2.67436e-08
2.6747e-08
2.67475e-08
2.67495e-08
2.67496e-08
2.67507e-08
2.67507e-08
2.6751e-08
2.6751e-08
2.67507e-08
2.67507e-08
2.67496e-08
2.67495e-08
2.67475e-08
2.6747e-08
2.67435e-08
2.6742e-08
2.67363e-08
2.67325e-08
2.67232e-08
2.67152e-08
2.67001e-08
2.66838e-08
2.66595e-08
2.66248e-08
2.65782e-08
2.65097e-08
2.64171e-08
2.63006e-08
2.61137e-08
2.59245e-08
2.5633e-08
2.54906e-08
2.71389e-08
2.72958e-08
2.76088e-08
2.78197e-08
2.80213e-08
2.81479e-08
2.82463e-08
2.83196e-08
2.837e-08
2.84071e-08
2.84329e-08
2.84503e-08
2.84664e-08
2.8475e-08
2.84849e-08
2.84889e-08
2.84949e-08
2.84966e-08
2.85002e-08
2.85008e-08
2.85029e-08
2.8503e-08
2.85041e-08
2.85041e-08
2.85045e-08
2.85045e-08
2.85041e-08
2.85042e-08
2.8503e-08
2.85029e-08
2.85008e-08
2.85002e-08
2.84965e-08
2.84948e-08
2.84888e-08
2.84848e-08
2.84749e-08
2.84663e-08
2.84502e-08
2.84329e-08
2.84071e-08
2.83699e-08
2.83197e-08
2.82463e-08
2.81479e-08
2.80213e-08
2.78198e-08
2.76089e-08
2.7296e-08
2.71391e-08
2.89183e-08
2.90926e-08
2.94214e-08
2.96058e-08
2.98214e-08
2.99565e-08
3.00602e-08
3.01378e-08
3.01913e-08
3.02305e-08
3.02576e-08
3.02759e-08
3.02928e-08
3.03018e-08
3.03122e-08
3.03164e-08
3.03228e-08
3.03245e-08
3.03284e-08
3.03289e-08
3.03312e-08
3.03313e-08
3.03325e-08
3.03325e-08
3.03329e-08
3.03329e-08
3.03325e-08
3.03325e-08
3.03313e-08
3.03312e-08
3.03289e-08
3.03283e-08
3.03245e-08
3.03227e-08
3.03163e-08
3.03121e-08
3.03017e-08
3.02927e-08
3.02758e-08
3.02576e-08
3.02305e-08
3.01912e-08
3.01379e-08
3.00602e-08
2.99565e-08
2.98214e-08
2.96059e-08
2.94215e-08
2.90928e-08
2.89185e-08
3.07679e-08
3.09593e-08
3.13091e-08
3.1512e-08
3.17426e-08
3.18856e-08
3.1995e-08
3.20761e-08
3.21329e-08
3.2174e-08
3.22025e-08
3.22217e-08
3.22399e-08
3.22496e-08
3.22609e-08
3.22653e-08
3.22722e-08
3.2274e-08
3.22782e-08
3.22788e-08
3.22812e-08
3.22813e-08
3.22826e-08
3.22826e-08
3.2283e-08
3.2283e-08
3.22826e-08
3.22827e-08
3.22814e-08
3.22813e-08
3.22788e-08
3.22782e-08
3.2274e-08
3.22722e-08
3.22652e-08
3.22608e-08
3.22495e-08
3.22398e-08
3.22216e-08
3.22025e-08
3.21741e-08
3.21328e-08
3.20762e-08
3.1995e-08
3.18856e-08
3.17426e-08
3.15121e-08
3.13093e-08
3.09595e-08
3.07682e-08
3.27717e-08
3.29899e-08
3.33657e-08
3.35847e-08
3.38325e-08
3.39839e-08
3.40996e-08
3.41848e-08
3.42452e-08
3.42883e-08
3.43183e-08
3.43385e-08
3.43576e-08
3.43678e-08
3.43797e-08
3.43843e-08
3.43916e-08
3.43935e-08
3.43979e-08
3.43985e-08
3.44011e-08
3.44011e-08
3.44025e-08
3.44025e-08
3.44029e-08
3.44029e-08
3.44025e-08
3.44025e-08
3.44012e-08
3.44011e-08
3.43985e-08
3.43979e-08
3.43934e-08
3.43915e-08
3.43842e-08
3.43795e-08
3.43677e-08
3.43575e-08
3.43384e-08
3.43183e-08
3.42884e-08
3.42451e-08
3.41849e-08
3.40996e-08
3.39839e-08
3.38325e-08
3.35848e-08
3.33659e-08
3.29902e-08
3.2772e-08
3.49172e-08
3.50955e-08
3.54982e-08
3.57305e-08
3.59921e-08
3.61519e-08
3.62725e-08
3.63614e-08
3.64246e-08
3.6469e-08
3.65005e-08
3.65215e-08
3.65413e-08
3.65519e-08
3.65643e-08
3.65691e-08
3.65767e-08
3.65786e-08
3.65832e-08
3.65838e-08
3.65865e-08
3.65866e-08
3.6588e-08
3.6588e-08
3.65885e-08
3.65885e-08
3.6588e-08
3.65881e-08
3.65866e-08
3.65865e-08
3.65838e-08
3.65832e-08
3.65786e-08
3.65766e-08
3.6569e-08
3.65641e-08
3.65518e-08
3.65412e-08
3.65214e-08
3.65005e-08
3.64692e-08
3.64245e-08
3.63615e-08
3.62724e-08
3.61518e-08
3.59921e-08
3.57306e-08
3.54984e-08
3.50957e-08
3.49175e-08
3.7119e-08
3.7314e-08
3.77453e-08
3.79901e-08
3.82635e-08
3.8432e-08
3.85568e-08
3.86494e-08
3.87165e-08
3.8764e-08
3.87979e-08
3.88204e-08
3.88416e-08
3.88528e-08
3.8866e-08
3.88711e-08
3.88793e-08
3.88813e-08
3.88862e-08
3.88869e-08
3.88898e-08
3.88898e-08
3.88914e-08
3.88913e-08
3.88918e-08
3.88918e-08
3.88913e-08
3.88914e-08
3.88899e-08
3.88898e-08
3.88869e-08
3.88862e-08
3.88813e-08
3.88792e-08
3.8871e-08
3.88659e-08
3.88527e-08
3.88414e-08
3.88203e-08
3.8798e-08
3.87641e-08
3.87165e-08
3.86495e-08
3.85567e-08
3.8432e-08
3.82635e-08
3.79902e-08
3.77455e-08
3.73142e-08
3.71192e-08
3.94689e-08
3.96853e-08
4.01507e-08
4.04107e-08
4.06964e-08
4.08764e-08
4.10053e-08
4.11026e-08
4.11725e-08
4.12217e-08
4.1257e-08
4.12804e-08
4.13023e-08
4.1314e-08
4.13277e-08
4.1333e-08
4.13414e-08
4.13435e-08
4.13487e-08
4.13493e-08
4.13523e-08
4.13524e-08
4.1354e-08
4.1354e-08
4.13545e-08
4.13545e-08
4.1354e-08
4.1354e-08
4.13524e-08
4.13524e-08
4.13493e-08
4.13487e-08
4.13435e-08
4.13413e-08
4.13329e-08
4.13275e-08
4.13138e-08
4.13021e-08
4.12803e-08
4.12571e-08
4.12218e-08
4.11725e-08
4.11027e-08
4.10052e-08
4.08764e-08
4.06964e-08
4.04108e-08
4.01509e-08
3.96855e-08
3.94692e-08
4.19496e-08
4.21837e-08
4.26096e-08
4.28804e-08
4.31753e-08
4.33637e-08
4.34953e-08
4.3596e-08
4.36678e-08
4.37183e-08
4.37546e-08
4.37787e-08
4.3801e-08
4.3813e-08
4.3827e-08
4.38324e-08
4.38411e-08
4.38433e-08
4.38486e-08
4.38493e-08
4.38524e-08
4.38524e-08
4.38541e-08
4.3854e-08
4.38546e-08
4.38546e-08
4.3854e-08
4.38541e-08
4.38525e-08
4.38524e-08
4.38493e-08
4.38486e-08
4.38433e-08
4.38411e-08
4.38323e-08
4.38269e-08
4.38128e-08
4.38008e-08
4.37785e-08
4.37547e-08
4.37185e-08
4.36678e-08
4.3596e-08
4.34951e-08
4.33637e-08
4.31754e-08
4.28805e-08
4.26099e-08
4.2184e-08
4.19499e-08
4.44579e-08
4.47087e-08
4.51754e-08
4.54663e-08
4.57796e-08
4.59797e-08
4.61166e-08
4.62227e-08
4.62967e-08
4.63497e-08
4.63875e-08
4.64125e-08
4.64356e-08
4.64481e-08
4.64627e-08
4.64683e-08
4.64773e-08
4.64796e-08
4.64851e-08
4.64858e-08
4.6489e-08
4.64891e-08
4.64908e-08
4.64907e-08
4.64913e-08
4.64913e-08
4.64907e-08
4.64908e-08
4.64891e-08
4.64891e-08
4.64858e-08
4.64851e-08
4.64796e-08
4.64773e-08
4.64682e-08
4.64625e-08
4.64479e-08
4.64354e-08
4.64124e-08
4.63876e-08
4.63499e-08
4.62967e-08
4.62227e-08
4.61165e-08
4.59797e-08
4.57796e-08
4.54664e-08
4.51757e-08
4.4709e-08
4.44582e-08
4.71096e-08
4.73152e-08
4.78067e-08
4.81054e-08
4.84283e-08
4.86354e-08
4.87732e-08
4.88817e-08
4.89565e-08
4.90111e-08
4.90494e-08
4.90748e-08
4.90981e-08
4.91109e-08
4.91257e-08
4.91314e-08
4.91406e-08
4.91429e-08
4.91485e-08
4.91492e-08
4.91525e-08
4.91526e-08
4.91544e-08
4.91543e-08
4.91549e-08
4.91549e-08
4.91543e-08
4.91544e-08
4.91526e-08
4.91526e-08
4.91492e-08
4.91485e-08
4.91429e-08
4.91406e-08
4.91313e-08
4.91255e-08
4.91107e-08
4.9098e-08
4.90746e-08
4.90495e-08
4.90113e-08
4.89565e-08
4.88817e-08
4.8773e-08
4.86354e-08
4.84283e-08
4.81056e-08
4.7807e-08
4.73155e-08
4.71099e-08
4.9774e-08
4.9992e-08
5.05067e-08
5.0809e-08
5.11472e-08
5.13675e-08
5.15091e-08
5.16232e-08
5.16998e-08
5.17573e-08
5.17965e-08
5.1823e-08
5.1847e-08
5.18602e-08
5.18756e-08
5.18814e-08
5.1891e-08
5.18934e-08
5.18992e-08
5.18999e-08
5.19033e-08
5.19034e-08
5.19052e-08
5.19051e-08
5.19057e-08
5.19057e-08
5.19051e-08
5.19052e-08
5.19034e-08
5.19034e-08
5.18999e-08
5.18992e-08
5.18933e-08
5.18909e-08
5.18813e-08
5.18754e-08
5.18601e-08
5.18469e-08
5.18229e-08
5.17967e-08
5.17575e-08
5.16998e-08
5.16231e-08
5.15089e-08
5.13675e-08
5.11473e-08
5.08092e-08
5.05069e-08
4.99923e-08
4.97743e-08
5.25499e-08
5.27838e-08
5.32606e-08
5.35646e-08
5.39142e-08
5.41396e-08
5.42802e-08
5.43963e-08
5.44725e-08
5.45313e-08
5.45703e-08
5.45972e-08
5.46212e-08
5.46345e-08
5.465e-08
5.46559e-08
5.46656e-08
5.46679e-08
5.46738e-08
5.46745e-08
5.4678e-08
5.4678e-08
5.46799e-08
5.46798e-08
5.46804e-08
5.46804e-08
5.46798e-08
5.468e-08
5.46781e-08
5.46781e-08
5.46745e-08
5.46738e-08
5.46679e-08
5.46655e-08
5.46558e-08
5.46498e-08
5.46344e-08
5.46211e-08
5.4597e-08
5.45705e-08
5.45315e-08
5.44725e-08
5.43962e-08
5.428e-08
5.41397e-08
5.39142e-08
5.35648e-08
5.32609e-08
5.27841e-08
5.25502e-08
5.53189e-08
5.55626e-08
5.60674e-08
5.63823e-08
5.67511e-08
5.69866e-08
5.71278e-08
5.72479e-08
5.73245e-08
5.73854e-08
5.74249e-08
5.74525e-08
5.74768e-08
5.74903e-08
5.75061e-08
5.75121e-08
5.7522e-08
5.75244e-08
5.75304e-08
5.75311e-08
5.75347e-08
5.75347e-08
5.75366e-08
5.75365e-08
5.75371e-08
5.75371e-08
5.75365e-08
5.75366e-08
5.75347e-08
5.75347e-08
5.75311e-08
5.75304e-08
5.75243e-08
5.75219e-08
5.7512e-08
5.75059e-08
5.74902e-08
5.74766e-08
5.74523e-08
5.74251e-08
5.73856e-08
5.73246e-08
5.72479e-08
5.71276e-08
5.69866e-08
5.67511e-08
5.63824e-08
5.60677e-08
5.55629e-08
5.53192e-08
5.81828e-08
5.84386e-08
5.89621e-08
5.9275e-08
5.95781e-08
5.98173e-08
5.99558e-08
6.00768e-08
6.01526e-08
6.02138e-08
6.02531e-08
6.02808e-08
6.03048e-08
6.03184e-08
6.03341e-08
6.03401e-08
6.035e-08
6.03524e-08
6.03584e-08
6.03591e-08
6.03627e-08
6.03627e-08
6.03646e-08
6.03645e-08
6.03652e-08
6.03652e-08
6.03646e-08
6.03647e-08
6.03628e-08
6.03627e-08
6.03591e-08
6.03584e-08
6.03523e-08
6.03499e-08
6.034e-08
6.03339e-08
6.03182e-08
6.03046e-08
6.02806e-08
6.02533e-08
6.02139e-08
6.01527e-08
6.00768e-08
5.99557e-08
5.98173e-08
5.95782e-08
5.92752e-08
5.89624e-08
5.84389e-08
5.81831e-08
6.09976e-08
6.1259e-08
6.17963e-08
6.21063e-08
6.2411e-08
6.26529e-08
6.2788e-08
6.29092e-08
6.29837e-08
6.3045e-08
6.3084e-08
6.31115e-08
6.31352e-08
6.31488e-08
6.31643e-08
6.31703e-08
6.31802e-08
6.31825e-08
6.31886e-08
6.31893e-08
6.31928e-08
6.31929e-08
6.31948e-08
6.31947e-08
6.31953e-08
6.31953e-08
6.31947e-08
6.31948e-08
6.31929e-08
6.31929e-08
6.31893e-08
6.31886e-08
6.31825e-08
6.31801e-08
6.31702e-08
6.31642e-08
6.31486e-08
6.31351e-08
6.31113e-08
6.30842e-08
6.30451e-08
6.29839e-08
6.29092e-08
6.27879e-08
6.26529e-08
6.2411e-08
6.21064e-08
6.17966e-08
6.12594e-08
6.0998e-08
6.38535e-08
6.41215e-08
6.46249e-08
6.49306e-08
6.52341e-08
6.54774e-08
6.56088e-08
6.57294e-08
6.58023e-08
6.58634e-08
6.59018e-08
6.5929e-08
6.59524e-08
6.59658e-08
6.59812e-08
6.59871e-08
6.59969e-08
6.59992e-08
6.60052e-08
6.60059e-08
6.60095e-08
6.60095e-08
6.60114e-08
6.60113e-08
6.60119e-08
6.6012e-08
6.60113e-08
6.60114e-08
6.60095e-08
6.60095e-08
6.60059e-08
6.60052e-08
6.59992e-08
6.59968e-08
6.5987e-08
6.59811e-08
6.59657e-08
6.59522e-08
6.59289e-08
6.59021e-08
6.58633e-08
6.58024e-08
6.57294e-08
6.56087e-08
6.54773e-08
6.52341e-08
6.49308e-08
6.46252e-08
6.41218e-08
6.38538e-08
6.6651e-08
6.6923e-08
6.74294e-08
6.77325e-08
6.80322e-08
6.82753e-08
6.84039e-08
6.8528e-08
6.86019e-08
6.86648e-08
6.87039e-08
6.87316e-08
6.87554e-08
6.8769e-08
6.87847e-08
6.87907e-08
6.88007e-08
6.8803e-08
6.88092e-08
6.88098e-08
6.88135e-08
6.88135e-08
6.88154e-08
6.88153e-08
6.8816e-08
6.8816e-08
6.88153e-08
6.88155e-08
6.88135e-08
6.88135e-08
6.88099e-08
6.88091e-08
6.8803e-08
6.88006e-08
6.87906e-08
6.87846e-08
6.87689e-08
6.87552e-08
6.87315e-08
6.87041e-08
6.86646e-08
6.86021e-08
6.85279e-08
6.84038e-08
6.82753e-08
6.80323e-08
6.77327e-08
6.74297e-08
6.69233e-08
6.66514e-08
6.94162e-08
6.96922e-08
7.01954e-08
7.04971e-08
7.07907e-08
7.10315e-08
7.11571e-08
7.12783e-08
7.13508e-08
7.14128e-08
7.14511e-08
7.14783e-08
7.15017e-08
7.15151e-08
7.15305e-08
7.15364e-08
7.15462e-08
7.15486e-08
7.15546e-08
7.15553e-08
7.15588e-08
7.15589e-08
7.15608e-08
7.15607e-08
7.15613e-08
7.15614e-08
7.15607e-08
7.15608e-08
7.15589e-08
7.15589e-08
7.15553e-08
7.15546e-08
7.15485e-08
7.15462e-08
7.15363e-08
7.15304e-08
7.1515e-08
7.15016e-08
7.14783e-08
7.14513e-08
7.14126e-08
7.1351e-08
7.12783e-08
7.1157e-08
7.10315e-08
7.07907e-08
7.04973e-08
7.01957e-08
6.96925e-08
6.94165e-08
7.21346e-08
7.24135e-08
7.29107e-08
7.32101e-08
7.34954e-08
7.37325e-08
7.38551e-08
7.39731e-08
7.40437e-08
7.41045e-08
7.41418e-08
7.41685e-08
7.41915e-08
7.42045e-08
7.42196e-08
7.42253e-08
7.4235e-08
7.42373e-08
7.42432e-08
7.42439e-08
7.42474e-08
7.42474e-08
7.42493e-08
7.42492e-08
7.42499e-08
7.42499e-08
7.42492e-08
7.42493e-08
7.42475e-08
7.42474e-08
7.42439e-08
7.42432e-08
7.42372e-08
7.42349e-08
7.42252e-08
7.42195e-08
7.42043e-08
7.41913e-08
7.41685e-08
7.41421e-08
7.41043e-08
7.4044e-08
7.39731e-08
7.3855e-08
7.37325e-08
7.34954e-08
7.32103e-08
7.2911e-08
7.24138e-08
7.2135e-08
7.47931e-08
7.50728e-08
7.55627e-08
7.58583e-08
7.61342e-08
7.63652e-08
7.64852e-08
7.65997e-08
7.66681e-08
7.67276e-08
7.67636e-08
7.67898e-08
7.68121e-08
7.68248e-08
7.68395e-08
7.68451e-08
7.68545e-08
7.68568e-08
7.68626e-08
7.68632e-08
7.68666e-08
7.68667e-08
7.68685e-08
7.68685e-08
7.68691e-08
7.68691e-08
7.68685e-08
7.68686e-08
7.68667e-08
7.68667e-08
7.68632e-08
7.68625e-08
7.68567e-08
7.68544e-08
7.6845e-08
7.68394e-08
7.68246e-08
7.6812e-08
7.67898e-08
7.67639e-08
7.67273e-08
7.66684e-08
7.65997e-08
7.64851e-08
7.63652e-08
7.61342e-08
7.58585e-08
7.5563e-08
7.50731e-08
7.47935e-08
7.73838e-08
7.76708e-08
7.81397e-08
7.84295e-08
7.86959e-08
7.89187e-08
7.90364e-08
7.91468e-08
7.92131e-08
7.92706e-08
7.93055e-08
7.9331e-08
7.93526e-08
7.93648e-08
7.93792e-08
7.93846e-08
7.93938e-08
7.93959e-08
7.94016e-08
7.94023e-08
7.94056e-08
7.94056e-08
7.94075e-08
7.94074e-08
7.9408e-08
7.9408e-08
7.94074e-08
7.94075e-08
7.94057e-08
7.94057e-08
7.94023e-08
7.94016e-08
7.93959e-08
7.93937e-08
7.93845e-08
7.9379e-08
7.93647e-08
7.93525e-08
7.9331e-08
7.93057e-08
7.92702e-08
7.92133e-08
7.91468e-08
7.90363e-08
7.89188e-08
7.86959e-08
7.84297e-08
7.814e-08
7.76711e-08
7.73842e-08
7.98885e-08
8.01719e-08
8.06315e-08
8.09137e-08
8.11699e-08
8.1384e-08
8.14988e-08
8.16051e-08
8.16686e-08
8.17239e-08
8.17577e-08
8.17825e-08
8.18033e-08
8.18151e-08
8.1829e-08
8.18343e-08
8.18432e-08
8.18453e-08
8.18508e-08
8.18514e-08
8.18547e-08
8.18547e-08
8.18565e-08
8.18564e-08
8.1857e-08
8.1857e-08
8.18564e-08
8.18565e-08
8.18548e-08
8.18547e-08
8.18514e-08
8.18508e-08
8.18453e-08
8.18431e-08
8.18342e-08
8.18289e-08
8.1815e-08
8.18032e-08
8.17826e-08
8.17579e-08
8.17236e-08
8.16688e-08
8.1605e-08
8.14987e-08
8.13841e-08
8.11699e-08
8.09139e-08
8.06318e-08
8.01722e-08
7.98889e-08
8.23014e-08
8.25796e-08
8.30293e-08
8.33022e-08
8.35478e-08
8.37527e-08
8.38642e-08
8.3966e-08
8.40267e-08
8.40797e-08
8.41123e-08
)
;

boundaryField
{
    fuel
    {
        type            fixedValue;
        value           nonuniform 0();
    }
    wall
    {
        type            zeroGradient;
    }
    outlet
    {
        type            zeroGradient;
    }
    frontAndBack
    {
        type            empty;
    }
    procBoundary2to0
    {
        type            processor;
        value           nonuniform List<scalar> 
53
(
1.15184e-08
1.15471e-08
1.15992e-08
1.16324e-08
1.16657e-08
1.16866e-08
1.17043e-08
1.1717e-08
1.17269e-08
1.17339e-08
1.17395e-08
1.17433e-08
1.17466e-08
1.17487e-08
1.17507e-08
1.17518e-08
1.17529e-08
1.17535e-08
1.19884e-08
1.19884e-08
1.19887e-08
1.19892e-08
1.19893e-08
1.19895e-08
1.19896e-08
1.19896e-08
1.19896e-08
1.19896e-08
1.19895e-08
1.22601e-08
1.22601e-08
1.226e-08
1.22595e-08
1.22592e-08
1.22584e-08
1.22578e-08
1.22564e-08
1.22552e-08
1.22529e-08
1.22505e-08
1.22466e-08
1.22421e-08
1.25439e-08
1.25439e-08
1.25349e-08
1.25221e-08
1.25056e-08
1.24822e-08
1.24553e-08
1.24102e-08
1.23677e-08
1.23028e-08
1.22702e-08
)
;
    }
    procBoundary2to3
    {
        type            processor;
        value           nonuniform List<scalar> 
51
(
8.41364e-08
8.41564e-08
8.41678e-08
8.41812e-08
8.41863e-08
8.41948e-08
8.41969e-08
8.42022e-08
8.42028e-08
8.4206e-08
8.42061e-08
8.42078e-08
8.42077e-08
8.42083e-08
8.42083e-08
8.42077e-08
8.42078e-08
8.42061e-08
8.4206e-08
8.42029e-08
8.42022e-08
8.41969e-08
8.41948e-08
8.41862e-08
8.4181e-08
8.41676e-08
8.41563e-08
8.41366e-08
8.41126e-08
8.40796e-08
8.40269e-08
8.39661e-08
8.38643e-08
8.37529e-08
8.35479e-08
8.33025e-08
8.30297e-08
8.258e-08
8.23019e-08
8.4615e-08
8.48865e-08
8.53263e-08
8.55883e-08
8.5823e-08
8.60182e-08
8.61264e-08
8.62232e-08
8.62809e-08
8.63317e-08
8.41364e-08
8.63629e-08
)
;
    }
}


// ************************************************************************* //
