/*--------------------------------*- C++ -*----------------------------------*\
| =========                 |                                                 |
| \\      /  F ield         | OpenFOAM: The Open Source CFD Toolbox           |
|  \\    /   O peration     | Version:  dev                                   |
|   \\  /    A nd           | Web:      www.OpenFOAM.org                      |
|    \\/     M anipulation  |                                                 |
\*---------------------------------------------------------------------------*/
FoamFile
{
    version     2.0;
    format      ascii;
    class       volScalarField;
    location    "0.085";
    object      C3H2;
}
// * * * * * * * * * * * * * * * * * * * * * * * * * * * * * * * * * * * * * //

dimensions      [0 0 0 0 0 0 0];

internalField   nonuniform List<scalar> 
1997
(
5.95337e-06
5.96174e-06
5.95904e-06
5.95761e-06
5.95193e-06
5.94888e-06
5.94453e-06
5.94165e-06
5.93892e-06
5.93725e-06
5.93566e-06
5.9348e-06
5.93387e-06
5.93346e-06
5.93291e-06
5.93274e-06
5.93242e-06
5.93236e-06
5.84395e-06
5.85156e-06
5.84802e-06
5.84611e-06
5.84007e-06
5.83675e-06
5.83231e-06
5.82935e-06
5.8266e-06
5.82489e-06
5.8233e-06
5.82243e-06
5.82149e-06
5.82107e-06
5.82052e-06
5.82035e-06
5.82002e-06
5.81997e-06
5.81977e-06
5.81976e-06
5.81965e-06
5.81965e-06
5.81959e-06
5.8196e-06
5.81958e-06
5.81958e-06
5.8196e-06
5.81959e-06
5.73407e-06
5.74092e-06
5.73655e-06
5.73418e-06
5.72776e-06
5.72419e-06
5.71966e-06
5.71663e-06
5.71386e-06
5.71213e-06
5.71053e-06
5.70964e-06
5.7087e-06
5.70828e-06
5.70773e-06
5.70755e-06
5.70722e-06
5.70716e-06
5.70697e-06
5.70696e-06
5.70684e-06
5.70685e-06
5.70679e-06
5.70679e-06
5.70677e-06
5.70677e-06
5.70679e-06
5.70679e-06
5.70685e-06
5.70684e-06
5.70696e-06
5.70697e-06
5.70717e-06
5.70723e-06
5.70755e-06
5.70773e-06
5.70829e-06
5.70871e-06
5.70964e-06
5.71053e-06
5.62372e-06
5.6298e-06
5.62462e-06
5.62179e-06
5.61498e-06
5.61119e-06
5.60658e-06
5.60347e-06
5.60069e-06
5.59892e-06
5.59732e-06
5.59642e-06
5.59548e-06
5.59505e-06
5.59449e-06
5.59431e-06
5.59399e-06
5.59393e-06
5.59373e-06
5.59372e-06
5.5936e-06
5.59361e-06
5.59355e-06
5.59355e-06
5.59353e-06
5.59353e-06
5.59355e-06
5.59355e-06
5.59361e-06
5.5936e-06
5.59372e-06
5.59373e-06
5.59393e-06
5.59399e-06
5.59432e-06
5.5945e-06
5.59506e-06
5.59548e-06
5.59642e-06
5.59732e-06
5.59893e-06
5.60069e-06
5.60348e-06
5.60658e-06
5.61119e-06
5.61498e-06
5.62179e-06
5.62462e-06
5.6298e-06
5.62371e-06
5.51286e-06
5.51818e-06
5.5122e-06
5.50893e-06
5.50171e-06
5.49772e-06
5.49302e-06
5.48985e-06
5.48705e-06
5.48526e-06
5.48365e-06
5.48274e-06
5.4818e-06
5.48137e-06
5.48081e-06
5.48063e-06
5.4803e-06
5.48024e-06
5.48004e-06
5.48003e-06
5.47991e-06
5.47992e-06
5.47985e-06
5.47986e-06
5.47984e-06
5.47984e-06
5.47986e-06
5.47985e-06
5.47992e-06
5.47991e-06
5.48003e-06
5.48004e-06
5.48024e-06
5.4803e-06
5.48063e-06
5.48082e-06
5.48137e-06
5.4818e-06
5.48275e-06
5.48365e-06
5.48526e-06
5.48705e-06
5.48985e-06
5.49302e-06
5.49772e-06
5.50171e-06
5.50892e-06
5.51219e-06
5.51818e-06
5.51285e-06
5.39969e-06
5.40448e-06
5.39768e-06
5.39387e-06
5.38595e-06
5.38172e-06
5.37681e-06
5.37351e-06
5.37064e-06
5.36879e-06
5.36715e-06
5.36621e-06
5.36525e-06
5.36481e-06
5.36424e-06
5.36405e-06
5.36372e-06
5.36365e-06
5.36345e-06
5.36344e-06
5.36332e-06
5.36333e-06
5.36326e-06
5.36327e-06
5.36325e-06
5.36325e-06
5.36327e-06
5.36326e-06
5.36333e-06
5.36332e-06
5.36344e-06
5.36346e-06
5.36366e-06
5.36372e-06
5.36406e-06
5.36425e-06
5.36482e-06
5.36526e-06
5.36622e-06
5.36715e-06
5.36879e-06
5.37064e-06
5.37351e-06
5.37682e-06
5.38172e-06
5.38595e-06
5.39387e-06
5.39767e-06
5.40447e-06
5.39969e-06
5.28767e-06
5.2917e-06
5.28413e-06
5.27988e-06
5.27158e-06
5.26715e-06
5.26216e-06
5.2588e-06
5.25591e-06
5.25404e-06
5.2524e-06
5.25146e-06
5.25049e-06
5.25005e-06
5.24948e-06
5.24929e-06
5.24895e-06
5.24889e-06
5.24869e-06
5.24867e-06
5.24855e-06
5.24856e-06
5.24849e-06
5.2485e-06
5.24848e-06
5.24848e-06
5.2485e-06
5.24849e-06
5.24856e-06
5.24855e-06
5.24867e-06
5.24869e-06
5.24889e-06
5.24895e-06
5.24929e-06
5.24948e-06
5.25005e-06
5.2505e-06
5.25146e-06
5.2524e-06
5.25405e-06
5.25592e-06
5.2588e-06
5.26216e-06
5.26715e-06
5.27158e-06
5.27988e-06
5.28412e-06
5.2917e-06
5.28766e-06
5.1751e-06
5.1784e-06
5.17006e-06
5.16538e-06
5.15671e-06
5.15209e-06
5.14698e-06
5.14342e-06
5.14041e-06
5.13845e-06
5.13675e-06
5.13577e-06
5.13477e-06
5.13431e-06
5.13372e-06
5.13352e-06
5.13317e-06
5.13311e-06
5.1329e-06
5.13289e-06
5.13276e-06
5.13277e-06
5.1327e-06
5.13271e-06
5.13269e-06
5.13269e-06
5.13271e-06
5.1327e-06
5.13277e-06
5.13276e-06
5.13289e-06
5.1329e-06
5.13311e-06
5.13318e-06
5.13353e-06
5.13373e-06
5.13432e-06
5.13478e-06
5.13578e-06
5.13675e-06
5.13846e-06
5.14042e-06
5.14342e-06
5.14698e-06
5.15209e-06
5.15671e-06
5.16538e-06
5.17006e-06
5.17839e-06
5.1751e-06
5.06201e-06
5.06457e-06
5.05549e-06
5.05037e-06
5.04136e-06
5.03657e-06
5.03138e-06
5.02776e-06
5.02474e-06
5.02276e-06
5.02105e-06
5.02007e-06
5.01907e-06
5.0186e-06
5.01801e-06
5.01781e-06
5.01746e-06
5.0174e-06
5.01719e-06
5.01717e-06
5.01705e-06
5.01705e-06
5.01699e-06
5.01699e-06
5.01697e-06
5.01697e-06
5.01699e-06
5.01699e-06
5.01705e-06
5.01705e-06
5.01717e-06
5.01719e-06
5.0174e-06
5.01747e-06
5.01782e-06
5.01802e-06
5.01861e-06
5.01908e-06
5.02007e-06
5.02106e-06
5.02276e-06
5.02474e-06
5.02776e-06
5.03138e-06
5.03657e-06
5.04137e-06
5.05037e-06
5.05548e-06
5.06456e-06
5.06201e-06
4.94667e-06
4.94875e-06
4.93888e-06
4.93327e-06
4.92371e-06
4.91868e-06
4.91329e-06
4.90954e-06
4.90646e-06
4.90442e-06
4.90269e-06
4.90169e-06
4.90067e-06
4.90019e-06
4.89959e-06
4.89939e-06
4.89903e-06
4.89896e-06
4.89875e-06
4.89874e-06
4.89861e-06
4.89861e-06
4.89855e-06
4.89855e-06
4.89853e-06
4.89853e-06
4.89855e-06
4.89855e-06
4.89861e-06
4.89861e-06
4.89874e-06
4.89875e-06
4.89897e-06
4.89903e-06
4.89939e-06
4.8996e-06
4.9002e-06
4.90068e-06
4.90169e-06
4.9027e-06
4.90443e-06
4.90646e-06
4.90954e-06
4.91329e-06
4.91868e-06
4.92371e-06
4.93327e-06
4.93887e-06
4.94875e-06
4.94666e-06
4.8289e-06
4.83015e-06
4.81962e-06
4.81355e-06
4.80375e-06
4.79855e-06
4.79309e-06
4.78929e-06
4.78622e-06
4.78416e-06
4.78244e-06
4.78143e-06
4.78041e-06
4.77994e-06
4.77933e-06
4.77913e-06
4.77877e-06
4.77871e-06
4.77849e-06
4.77848e-06
4.77835e-06
4.77836e-06
4.77829e-06
4.7783e-06
4.77828e-06
4.77828e-06
4.7783e-06
4.77829e-06
4.77836e-06
4.77835e-06
4.77848e-06
4.77849e-06
4.77871e-06
4.77878e-06
4.77914e-06
4.77934e-06
4.77994e-06
4.78042e-06
4.78143e-06
4.78244e-06
4.78416e-06
4.78622e-06
4.78929e-06
4.79309e-06
4.79855e-06
4.80375e-06
4.81355e-06
4.81962e-06
4.83015e-06
4.82889e-06
4.71408e-06
4.71463e-06
4.7034e-06
4.6969e-06
4.68688e-06
4.68149e-06
4.67596e-06
4.67211e-06
4.66904e-06
4.66697e-06
4.66525e-06
4.66424e-06
4.66323e-06
4.66275e-06
4.66215e-06
4.66195e-06
4.66159e-06
4.66152e-06
4.66131e-06
4.66129e-06
4.66117e-06
4.66117e-06
4.6611e-06
4.66111e-06
4.66109e-06
4.66109e-06
4.66111e-06
4.6611e-06
4.66117e-06
4.66117e-06
4.66129e-06
4.66131e-06
4.66152e-06
4.66159e-06
4.66195e-06
4.66216e-06
4.66276e-06
4.66324e-06
4.66424e-06
4.66526e-06
4.66697e-06
4.66904e-06
4.67211e-06
4.67596e-06
4.68149e-06
4.68688e-06
4.69689e-06
4.70339e-06
4.71462e-06
4.71408e-06
4.5989e-06
4.59874e-06
4.58682e-06
4.57989e-06
4.56971e-06
4.56413e-06
4.55854e-06
4.55464e-06
4.55158e-06
4.5495e-06
4.54779e-06
4.54678e-06
4.54577e-06
4.54529e-06
4.54469e-06
4.54449e-06
4.54413e-06
4.54407e-06
4.54385e-06
4.54384e-06
4.54371e-06
4.54372e-06
4.54365e-06
4.54366e-06
4.54364e-06
4.54364e-06
4.54366e-06
4.54365e-06
4.54372e-06
4.54371e-06
4.54384e-06
4.54385e-06
4.54407e-06
4.54414e-06
4.5445e-06
4.5447e-06
4.5453e-06
4.54578e-06
4.54678e-06
4.5478e-06
4.5495e-06
4.55159e-06
4.55465e-06
4.55854e-06
4.56413e-06
4.56971e-06
4.57988e-06
4.58681e-06
4.59873e-06
4.59889e-06
4.48341e-06
4.48256e-06
4.46996e-06
4.46261e-06
4.45232e-06
4.44655e-06
4.44092e-06
4.43698e-06
4.43393e-06
4.43184e-06
4.43014e-06
4.42913e-06
4.42813e-06
4.42765e-06
4.42706e-06
4.42686e-06
4.4265e-06
4.42643e-06
4.42622e-06
4.4262e-06
4.42608e-06
4.42608e-06
4.42602e-06
4.42602e-06
4.426e-06
4.426e-06
4.42602e-06
4.42602e-06
4.42608e-06
4.42608e-06
4.4262e-06
4.42622e-06
4.42643e-06
4.4265e-06
4.42686e-06
4.42706e-06
4.42766e-06
4.42814e-06
4.42914e-06
4.43015e-06
4.43184e-06
4.43394e-06
4.43698e-06
4.44093e-06
4.44655e-06
4.45232e-06
4.46261e-06
4.46996e-06
4.48255e-06
4.4834e-06
4.36539e-06
4.36376e-06
4.35028e-06
4.34233e-06
4.33182e-06
4.32576e-06
4.32004e-06
4.31598e-06
4.31292e-06
4.31079e-06
4.3091e-06
4.30808e-06
4.30707e-06
4.30659e-06
4.30599e-06
4.30579e-06
4.30543e-06
4.30536e-06
4.30514e-06
4.30513e-06
4.305e-06
4.30501e-06
4.30494e-06
4.30495e-06
4.30493e-06
4.30493e-06
4.30495e-06
4.30494e-06
4.30501e-06
4.305e-06
4.30513e-06
4.30515e-06
4.30536e-06
4.30543e-06
4.30579e-06
4.306e-06
4.3066e-06
4.30708e-06
4.30808e-06
4.3091e-06
4.31079e-06
4.31293e-06
4.31598e-06
4.32004e-06
4.32576e-06
4.33182e-06
4.34233e-06
4.35028e-06
4.36376e-06
4.36539e-06
4.24593e-06
4.2435e-06
4.22946e-06
4.22107e-06
4.21055e-06
4.20433e-06
4.1986e-06
4.1945e-06
4.19149e-06
4.18935e-06
4.18769e-06
4.18667e-06
4.18568e-06
4.1852e-06
4.18461e-06
4.1844e-06
4.18405e-06
4.18398e-06
4.18377e-06
4.18375e-06
4.18363e-06
4.18363e-06
4.18357e-06
4.18357e-06
4.18355e-06
4.18355e-06
4.18357e-06
4.18357e-06
4.18363e-06
4.18363e-06
4.18375e-06
4.18377e-06
4.18398e-06
4.18405e-06
4.18441e-06
4.18461e-06
4.18521e-06
4.18569e-06
4.18668e-06
4.18769e-06
4.18935e-06
4.19149e-06
4.1945e-06
4.1986e-06
4.20433e-06
4.21055e-06
4.22107e-06
4.22945e-06
4.2435e-06
4.24592e-06
4.12982e-06
4.12672e-06
4.11207e-06
4.10329e-06
4.09272e-06
4.08637e-06
4.08062e-06
4.0765e-06
4.07352e-06
4.07138e-06
4.06975e-06
4.06873e-06
4.06775e-06
4.06728e-06
4.06669e-06
4.06649e-06
4.06614e-06
4.06607e-06
4.06586e-06
4.06585e-06
4.06572e-06
4.06573e-06
4.06566e-06
4.06567e-06
4.06565e-06
4.06565e-06
4.06567e-06
4.06566e-06
4.06573e-06
4.06572e-06
4.06585e-06
4.06586e-06
4.06607e-06
4.06614e-06
4.0665e-06
4.0667e-06
4.06729e-06
4.06776e-06
4.06874e-06
4.06975e-06
4.07138e-06
4.07352e-06
4.07649e-06
4.08062e-06
4.08637e-06
4.09273e-06
4.10328e-06
4.11206e-06
4.12671e-06
4.12981e-06
4.01197e-06
4.00846e-06
3.99323e-06
3.984e-06
3.97333e-06
3.96676e-06
3.96094e-06
3.95673e-06
3.95374e-06
3.95157e-06
3.94994e-06
3.94893e-06
3.94795e-06
3.94747e-06
3.94688e-06
3.94668e-06
3.94633e-06
3.94626e-06
3.94605e-06
3.94604e-06
3.94591e-06
3.94592e-06
3.94585e-06
3.94586e-06
3.94584e-06
3.94584e-06
3.94586e-06
3.94585e-06
3.94592e-06
3.94591e-06
3.94604e-06
3.94605e-06
3.94626e-06
3.94633e-06
3.94669e-06
3.94689e-06
3.94748e-06
3.94795e-06
3.94893e-06
3.94995e-06
3.95157e-06
3.95374e-06
3.95673e-06
3.96093e-06
3.96675e-06
3.97333e-06
3.984e-06
3.99322e-06
4.00845e-06
4.01196e-06
3.89625e-06
3.8921e-06
3.87645e-06
3.86673e-06
3.85602e-06
3.84932e-06
3.84358e-06
3.83936e-06
3.8364e-06
3.83423e-06
3.83264e-06
3.83164e-06
3.83067e-06
3.8302e-06
3.82962e-06
3.82943e-06
3.82907e-06
3.82901e-06
3.8288e-06
3.82879e-06
3.82866e-06
3.82867e-06
3.82861e-06
3.82861e-06
3.82859e-06
3.82859e-06
3.82861e-06
3.8286e-06
3.82867e-06
3.82866e-06
3.82879e-06
3.8288e-06
3.82901e-06
3.82908e-06
3.82943e-06
3.82963e-06
3.83021e-06
3.83068e-06
3.83165e-06
3.83265e-06
3.83423e-06
3.8364e-06
3.83936e-06
3.84358e-06
3.84932e-06
3.85602e-06
3.86673e-06
3.87644e-06
3.89209e-06
3.89624e-06
3.77816e-06
3.77342e-06
3.75753e-06
3.74706e-06
3.73624e-06
3.72939e-06
3.72369e-06
3.71945e-06
3.71648e-06
3.71432e-06
3.71275e-06
3.71175e-06
3.71079e-06
3.71033e-06
3.70975e-06
3.70956e-06
3.70921e-06
3.70914e-06
3.70893e-06
3.70892e-06
3.7088e-06
3.70881e-06
3.70874e-06
3.70875e-06
3.70873e-06
3.70873e-06
3.70875e-06
3.70874e-06
3.70881e-06
3.7088e-06
3.70892e-06
3.70893e-06
3.70914e-06
3.70921e-06
3.70956e-06
3.70976e-06
3.71033e-06
3.7108e-06
3.71176e-06
3.71275e-06
3.71432e-06
3.71649e-06
3.71945e-06
3.72369e-06
3.72939e-06
3.73624e-06
3.74706e-06
3.75752e-06
3.77341e-06
3.77815e-06
3.66009e-06
3.65464e-06
3.63899e-06
3.63096e-06
3.62009e-06
3.61321e-06
3.60759e-06
3.60339e-06
3.60045e-06
3.5983e-06
3.59677e-06
3.59579e-06
3.59485e-06
3.5944e-06
3.59383e-06
3.59364e-06
3.5933e-06
3.59323e-06
3.59303e-06
3.59302e-06
3.5929e-06
3.59291e-06
3.59284e-06
3.59285e-06
3.59283e-06
3.59283e-06
3.59285e-06
3.59284e-06
3.5929e-06
3.5929e-06
3.59302e-06
3.59303e-06
3.59324e-06
3.5933e-06
3.59364e-06
3.59384e-06
3.5944e-06
3.59486e-06
3.5958e-06
3.59677e-06
3.5983e-06
3.60045e-06
3.60338e-06
3.60759e-06
3.61321e-06
3.62009e-06
3.63095e-06
3.63898e-06
3.65463e-06
3.66008e-06
3.54612e-06
3.54006e-06
3.52435e-06
3.51585e-06
3.50493e-06
3.49807e-06
3.49251e-06
3.48839e-06
3.48547e-06
3.48336e-06
3.48187e-06
3.4809e-06
3.47996e-06
3.4795e-06
3.47892e-06
3.47873e-06
3.47838e-06
3.47832e-06
3.47811e-06
3.4781e-06
3.47798e-06
3.47799e-06
3.47792e-06
3.47793e-06
3.47791e-06
3.47791e-06
3.47793e-06
3.47792e-06
3.47799e-06
3.47798e-06
3.4781e-06
3.47811e-06
3.47832e-06
3.47839e-06
3.47874e-06
3.47893e-06
3.4795e-06
3.47996e-06
3.48091e-06
3.48187e-06
3.48336e-06
3.48547e-06
3.48838e-06
3.49251e-06
3.49807e-06
3.50493e-06
3.51584e-06
3.52434e-06
3.54005e-06
3.54611e-06
3.43121e-06
3.42404e-06
3.40808e-06
3.39929e-06
3.38825e-06
3.38142e-06
3.3759e-06
3.37184e-06
3.36894e-06
3.36687e-06
3.3654e-06
3.36445e-06
3.36352e-06
3.36307e-06
3.3625e-06
3.36232e-06
3.36198e-06
3.36191e-06
3.36171e-06
3.3617e-06
3.36158e-06
3.36159e-06
3.36152e-06
3.36153e-06
3.36151e-06
3.36151e-06
3.36153e-06
3.36152e-06
3.36159e-06
3.36158e-06
3.3617e-06
3.36171e-06
3.36192e-06
3.36198e-06
3.36232e-06
3.36251e-06
3.36307e-06
3.36353e-06
3.36445e-06
3.3654e-06
3.36686e-06
3.36894e-06
3.37183e-06
3.3759e-06
3.38142e-06
3.38825e-06
3.39929e-06
3.40807e-06
3.42403e-06
3.4312e-06
3.31644e-06
3.31181e-06
3.29556e-06
3.28668e-06
3.27568e-06
3.26889e-06
3.26348e-06
3.2595e-06
3.25665e-06
3.25465e-06
3.25321e-06
3.25228e-06
3.25138e-06
3.25094e-06
3.25039e-06
3.25021e-06
3.24987e-06
3.24982e-06
3.24961e-06
3.24961e-06
3.24949e-06
3.2495e-06
3.24943e-06
3.24944e-06
3.24942e-06
3.24942e-06
3.24944e-06
3.24943e-06
3.2495e-06
3.24949e-06
3.24961e-06
3.24962e-06
3.24982e-06
3.24988e-06
3.25021e-06
3.2504e-06
3.25095e-06
3.25139e-06
3.25229e-06
3.25321e-06
3.25464e-06
3.25665e-06
3.25949e-06
3.26348e-06
3.26889e-06
3.27567e-06
3.28667e-06
3.29555e-06
3.3118e-06
3.31642e-06
3.20631e-06
3.20122e-06
3.18465e-06
3.17574e-06
3.16488e-06
3.15814e-06
3.15286e-06
3.14896e-06
3.14611e-06
3.1441e-06
3.14264e-06
3.1417e-06
3.1408e-06
3.14036e-06
3.1398e-06
3.13962e-06
3.13928e-06
3.13922e-06
3.13902e-06
3.13901e-06
3.13889e-06
3.1389e-06
3.13884e-06
3.13885e-06
3.13883e-06
3.13883e-06
3.13885e-06
3.13884e-06
3.1389e-06
3.13889e-06
3.13901e-06
3.13902e-06
3.13923e-06
3.13929e-06
3.13962e-06
3.13981e-06
3.14036e-06
3.1408e-06
3.14171e-06
3.14264e-06
3.14409e-06
3.14611e-06
3.14896e-06
3.15286e-06
3.15814e-06
3.16488e-06
3.17574e-06
3.18464e-06
3.20121e-06
3.2063e-06
3.09617e-06
3.09044e-06
3.07334e-06
3.06432e-06
3.05358e-06
3.04678e-06
3.04164e-06
3.03779e-06
3.03499e-06
3.03303e-06
3.0316e-06
3.03069e-06
3.02981e-06
3.02937e-06
3.02883e-06
3.02866e-06
3.02833e-06
3.02827e-06
3.02807e-06
3.02806e-06
3.02795e-06
3.02796e-06
3.0279e-06
3.0279e-06
3.02788e-06
3.02788e-06
3.0279e-06
3.02789e-06
3.02796e-06
3.02795e-06
3.02807e-06
3.02807e-06
3.02827e-06
3.02833e-06
3.02866e-06
3.02884e-06
3.02938e-06
3.02981e-06
3.03069e-06
3.0316e-06
3.03303e-06
3.03499e-06
3.03778e-06
3.04164e-06
3.04678e-06
3.05358e-06
3.06431e-06
3.07333e-06
3.09043e-06
3.09615e-06
2.98697e-06
2.98081e-06
2.96643e-06
2.95749e-06
2.947e-06
2.94027e-06
2.93531e-06
2.93156e-06
2.92884e-06
2.92695e-06
2.92556e-06
2.92468e-06
2.92384e-06
2.92342e-06
2.92289e-06
2.92272e-06
2.9224e-06
2.92235e-06
2.92216e-06
2.92215e-06
2.92204e-06
2.92205e-06
2.92199e-06
2.92199e-06
2.92198e-06
2.92197e-06
2.92199e-06
2.92199e-06
2.92205e-06
2.92204e-06
2.92215e-06
2.92216e-06
2.92235e-06
2.92241e-06
2.92273e-06
2.9229e-06
2.92342e-06
2.92384e-06
2.92469e-06
2.92556e-06
2.92695e-06
2.92884e-06
2.93155e-06
2.93532e-06
2.94027e-06
2.947e-06
2.95748e-06
2.96642e-06
2.9808e-06
2.98696e-06
2.88307e-06
2.87654e-06
2.8614e-06
2.85216e-06
2.84155e-06
2.83477e-06
2.82988e-06
2.82614e-06
2.82349e-06
2.82162e-06
2.82026e-06
2.81939e-06
2.81856e-06
2.81815e-06
2.81764e-06
2.81747e-06
2.81716e-06
2.81711e-06
2.81692e-06
2.81691e-06
2.8168e-06
2.81681e-06
2.81675e-06
2.81676e-06
2.81674e-06
2.81674e-06
2.81676e-06
2.81675e-06
2.81681e-06
2.8168e-06
2.81691e-06
2.81692e-06
2.81711e-06
2.81716e-06
2.81748e-06
2.81765e-06
2.81816e-06
2.81857e-06
2.81939e-06
2.82025e-06
2.82161e-06
2.82349e-06
2.82614e-06
2.82988e-06
2.83477e-06
2.84155e-06
2.85215e-06
2.86139e-06
2.87653e-06
2.88306e-06
2.7795e-06
2.77504e-06
2.75981e-06
2.75075e-06
2.74036e-06
2.73371e-06
2.72904e-06
2.72542e-06
2.72288e-06
2.72107e-06
2.71977e-06
2.71894e-06
2.71814e-06
2.71775e-06
2.71726e-06
2.7171e-06
2.7168e-06
2.71674e-06
2.71656e-06
2.71656e-06
2.71645e-06
2.71646e-06
2.7164e-06
2.71641e-06
2.71639e-06
2.71639e-06
2.71641e-06
2.7164e-06
2.71646e-06
2.71645e-06
2.71656e-06
2.71656e-06
2.71675e-06
2.7168e-06
2.7171e-06
2.71726e-06
2.71775e-06
2.71815e-06
2.71894e-06
2.71976e-06
2.72106e-06
2.72288e-06
2.72542e-06
2.72905e-06
2.73371e-06
2.74036e-06
2.75074e-06
2.7598e-06
2.77504e-06
2.77949e-06
2.68123e-06
2.6766e-06
2.66133e-06
2.65258e-06
2.64219e-06
2.63545e-06
2.63088e-06
2.62727e-06
2.6248e-06
2.62299e-06
2.62172e-06
2.6209e-06
2.62013e-06
2.61974e-06
2.61926e-06
2.6191e-06
2.61881e-06
2.61876e-06
2.61858e-06
2.61857e-06
2.61847e-06
2.61848e-06
2.61842e-06
2.61843e-06
2.61841e-06
2.61841e-06
2.61843e-06
2.61842e-06
2.61848e-06
2.61847e-06
2.61857e-06
2.61858e-06
2.61876e-06
2.61881e-06
2.61911e-06
2.61926e-06
2.61975e-06
2.62013e-06
2.62091e-06
2.62172e-06
2.62298e-06
2.6248e-06
2.62727e-06
2.63088e-06
2.63544e-06
2.64219e-06
2.65257e-06
2.66132e-06
2.67659e-06
2.68122e-06
2.58438e-06
2.57949e-06
2.56629e-06
2.5579e-06
2.54765e-06
2.54108e-06
2.53677e-06
2.53328e-06
2.53095e-06
2.5292e-06
2.528e-06
2.52722e-06
2.52648e-06
2.52611e-06
2.52565e-06
2.52551e-06
2.52522e-06
2.52518e-06
2.525e-06
2.525e-06
2.5249e-06
2.52491e-06
2.52485e-06
2.52486e-06
2.52484e-06
2.52484e-06
2.52486e-06
2.52485e-06
2.52491e-06
2.5249e-06
2.525e-06
2.525e-06
2.52518e-06
2.52522e-06
2.52551e-06
2.52566e-06
2.52612e-06
2.52649e-06
2.52722e-06
2.528e-06
2.52919e-06
2.53095e-06
2.53328e-06
2.53678e-06
2.54108e-06
2.54764e-06
2.55789e-06
2.56628e-06
2.57948e-06
2.58437e-06
2.4929e-06
2.48794e-06
2.47455e-06
2.4662e-06
2.4558e-06
2.44926e-06
2.44514e-06
2.4417e-06
2.43948e-06
2.43775e-06
2.43661e-06
2.43584e-06
2.43514e-06
2.43478e-06
2.43433e-06
2.43419e-06
2.43392e-06
2.43387e-06
2.4337e-06
2.4337e-06
2.4336e-06
2.43361e-06
2.43356e-06
2.43357e-06
2.43355e-06
2.43355e-06
2.43357e-06
2.43356e-06
2.43361e-06
2.4336e-06
2.4337e-06
2.43371e-06
2.43387e-06
2.43392e-06
2.43419e-06
2.43434e-06
2.43478e-06
2.43514e-06
2.43584e-06
2.4366e-06
2.43775e-06
2.43947e-06
2.4417e-06
2.44514e-06
2.44926e-06
2.4558e-06
2.46619e-06
2.47454e-06
2.48793e-06
2.49289e-06
2.40321e-06
2.39814e-06
2.38486e-06
2.37696e-06
2.36901e-06
2.36268e-06
2.35883e-06
2.35554e-06
2.35345e-06
2.3518e-06
2.35072e-06
2.34999e-06
2.34933e-06
2.34899e-06
2.34857e-06
2.34844e-06
2.34817e-06
2.34813e-06
2.34797e-06
2.34797e-06
2.34788e-06
2.34789e-06
2.34784e-06
2.34785e-06
2.34783e-06
2.34783e-06
2.34785e-06
2.34784e-06
2.34789e-06
2.34788e-06
2.34797e-06
2.34797e-06
2.34813e-06
2.34818e-06
2.34844e-06
2.34857e-06
2.349e-06
2.34934e-06
2.35e-06
2.35071e-06
2.3518e-06
2.35345e-06
2.35554e-06
2.35883e-06
2.36268e-06
2.36901e-06
2.37695e-06
2.38485e-06
2.39813e-06
2.4032e-06
2.3196e-06
2.31461e-06
2.30157e-06
2.29411e-06
2.2865e-06
2.28039e-06
2.27683e-06
2.27369e-06
2.27174e-06
2.27017e-06
2.26915e-06
2.26846e-06
2.26785e-06
2.26752e-06
2.26713e-06
2.267e-06
2.26676e-06
2.26672e-06
2.26657e-06
2.26656e-06
2.26648e-06
2.26649e-06
2.26644e-06
2.26645e-06
2.26643e-06
2.26643e-06
2.26645e-06
2.26644e-06
2.26648e-06
2.26648e-06
2.26656e-06
2.26657e-06
2.26672e-06
2.26676e-06
2.267e-06
2.26713e-06
2.26753e-06
2.26785e-06
2.26847e-06
2.26915e-06
2.27017e-06
2.27173e-06
2.27369e-06
2.27683e-06
2.28039e-06
2.2865e-06
2.2941e-06
2.30156e-06
2.3146e-06
2.31959e-06
2.23913e-06
2.23419e-06
2.22271e-06
2.21571e-06
2.20849e-06
2.20263e-06
2.19933e-06
2.19636e-06
2.19455e-06
2.19307e-06
2.19211e-06
2.19147e-06
2.19089e-06
2.19059e-06
2.19022e-06
2.1901e-06
2.18987e-06
2.18983e-06
2.18969e-06
2.18969e-06
2.18961e-06
2.18961e-06
2.18957e-06
2.18958e-06
2.18956e-06
2.18956e-06
2.18958e-06
2.18957e-06
2.18961e-06
2.1896e-06
2.18969e-06
2.18969e-06
2.18983e-06
2.18987e-06
2.1901e-06
2.19022e-06
2.19059e-06
2.19089e-06
2.19147e-06
2.19211e-06
2.19306e-06
2.19454e-06
2.19636e-06
2.19933e-06
2.20263e-06
2.20849e-06
2.2157e-06
2.2227e-06
2.23419e-06
2.23912e-06
2.16436e-06
2.15956e-06
2.14855e-06
2.14195e-06
2.13515e-06
2.12956e-06
2.1265e-06
2.12358e-06
2.12182e-06
2.12037e-06
2.11945e-06
2.11882e-06
2.11826e-06
2.11797e-06
2.11761e-06
2.1175e-06
2.11727e-06
2.11724e-06
2.1171e-06
2.1171e-06
2.11702e-06
2.11703e-06
2.11698e-06
2.11699e-06
2.11698e-06
2.11698e-06
2.11699e-06
2.11698e-06
2.11702e-06
2.11702e-06
2.1171e-06
2.1171e-06
2.11724e-06
2.11727e-06
2.1175e-06
2.11761e-06
2.11797e-06
2.11827e-06
2.11883e-06
2.11944e-06
2.12037e-06
2.12182e-06
2.12358e-06
2.1265e-06
2.12956e-06
2.13514e-06
2.14194e-06
2.14854e-06
2.15955e-06
2.16435e-06
2.09429e-06
2.08963e-06
2.07921e-06
2.07297e-06
2.06661e-06
2.06133e-06
2.0585e-06
2.05578e-06
2.05415e-06
2.05278e-06
2.05192e-06
2.05134e-06
2.05082e-06
2.05054e-06
2.05021e-06
2.0501e-06
2.04989e-06
2.04986e-06
2.04973e-06
2.04973e-06
2.04965e-06
2.04966e-06
2.04962e-06
2.04963e-06
2.04962e-06
2.04962e-06
2.04963e-06
2.04962e-06
2.04966e-06
2.04965e-06
2.04973e-06
2.04973e-06
2.04986e-06
2.04989e-06
2.0501e-06
2.05021e-06
2.05055e-06
2.05082e-06
2.05134e-06
2.05192e-06
2.05278e-06
2.05414e-06
2.05578e-06
2.0585e-06
2.06133e-06
2.06661e-06
2.07296e-06
2.0792e-06
2.08962e-06
2.09428e-06
2.02905e-06
2.02455e-06
2.01476e-06
2.00888e-06
2.00299e-06
1.99803e-06
1.99541e-06
1.99289e-06
1.99138e-06
1.9901e-06
1.98931e-06
1.98876e-06
1.98828e-06
1.98803e-06
1.98771e-06
1.98761e-06
1.98742e-06
1.98739e-06
1.98727e-06
1.98727e-06
1.9872e-06
1.98721e-06
1.98717e-06
1.98718e-06
1.98716e-06
1.98716e-06
1.98718e-06
1.98717e-06
1.98721e-06
1.9872e-06
1.98727e-06
1.98727e-06
1.98739e-06
1.98742e-06
1.98762e-06
1.98772e-06
1.98803e-06
1.98828e-06
1.98877e-06
1.98931e-06
1.9901e-06
1.99137e-06
1.99289e-06
1.99541e-06
1.99803e-06
2.00299e-06
2.00887e-06
2.01475e-06
2.02455e-06
2.02904e-06
1.96869e-06
1.96441e-06
1.95524e-06
1.94972e-06
1.9443e-06
1.9397e-06
1.93727e-06
1.93494e-06
1.93355e-06
1.93236e-06
1.93163e-06
1.93113e-06
1.93068e-06
1.93044e-06
1.93016e-06
1.93006e-06
1.92988e-06
1.92986e-06
1.92975e-06
1.92974e-06
1.92968e-06
1.92969e-06
1.92965e-06
1.92966e-06
1.92965e-06
1.92965e-06
1.92966e-06
1.92965e-06
1.92969e-06
1.92968e-06
1.92974e-06
1.92975e-06
1.92986e-06
1.92988e-06
1.93007e-06
1.93016e-06
1.93045e-06
1.93068e-06
1.93113e-06
1.93163e-06
1.93236e-06
1.93354e-06
1.93494e-06
1.93727e-06
1.9397e-06
1.9443e-06
1.94972e-06
1.95524e-06
1.9644e-06
1.96869e-06
1.91315e-06
1.90893e-06
1.90065e-06
1.89551e-06
1.89053e-06
1.8863e-06
1.88404e-06
1.88191e-06
1.88062e-06
1.87953e-06
1.87887e-06
1.8784e-06
1.87798e-06
1.87777e-06
1.8775e-06
1.87742e-06
1.87725e-06
1.87723e-06
1.87713e-06
1.87712e-06
1.87707e-06
1.87707e-06
1.87704e-06
1.87704e-06
1.87703e-06
1.87703e-06
1.87704e-06
1.87704e-06
1.87707e-06
1.87706e-06
1.87712e-06
1.87713e-06
1.87723e-06
1.87725e-06
1.87742e-06
1.87751e-06
1.87777e-06
1.87799e-06
1.8784e-06
1.87886e-06
1.87954e-06
1.88062e-06
1.88191e-06
1.88404e-06
1.8863e-06
1.89053e-06
1.89551e-06
1.90065e-06
1.90892e-06
1.91315e-06
1.86255e-06
1.85859e-06
1.85092e-06
1.84617e-06
1.84161e-06
1.83775e-06
1.83565e-06
1.83371e-06
1.83253e-06
1.83153e-06
1.83092e-06
1.83049e-06
1.83011e-06
1.82991e-06
1.82967e-06
1.82959e-06
1.82944e-06
1.82942e-06
1.82932e-06
1.82932e-06
1.82927e-06
1.82927e-06
1.82924e-06
1.82925e-06
1.82924e-06
1.82924e-06
1.82925e-06
1.82924e-06
1.82927e-06
1.82927e-06
1.82932e-06
1.82932e-06
1.82942e-06
1.82944e-06
1.82959e-06
1.82967e-06
1.82992e-06
1.83011e-06
1.83049e-06
1.83092e-06
1.83154e-06
1.83253e-06
1.8337e-06
1.83565e-06
1.83774e-06
1.84161e-06
1.84616e-06
1.85092e-06
1.85858e-06
1.86254e-06
1.81669e-06
1.81301e-06
1.80592e-06
1.80156e-06
1.7974e-06
1.79389e-06
1.79196e-06
1.79019e-06
1.78912e-06
1.78821e-06
1.78765e-06
)
;

boundaryField
{
    fuel
    {
        type            fixedValue;
        value           nonuniform 0();
    }
    wall
    {
        type            zeroGradient;
    }
    outlet
    {
        type            zeroGradient;
    }
    frontAndBack
    {
        type            empty;
    }
    procBoundary2to0
    {
        type            processor;
        value           nonuniform List<scalar> 
53
(
6.06238e-06
6.07151e-06
6.06967e-06
6.06872e-06
6.06339e-06
6.06063e-06
6.05637e-06
6.05356e-06
6.05086e-06
6.04922e-06
6.04764e-06
6.04679e-06
6.04587e-06
6.04547e-06
6.04492e-06
6.04475e-06
6.04443e-06
6.04438e-06
5.93217e-06
5.93217e-06
5.93216e-06
5.93205e-06
5.93205e-06
5.93199e-06
5.932e-06
5.93198e-06
5.93198e-06
5.932e-06
5.93199e-06
5.81965e-06
5.81965e-06
5.81965e-06
5.81977e-06
5.81978e-06
5.81997e-06
5.82003e-06
5.82035e-06
5.82053e-06
5.82108e-06
5.8215e-06
5.82243e-06
5.8233e-06
5.71213e-06
5.71213e-06
5.71387e-06
5.71663e-06
5.71967e-06
5.72419e-06
5.72776e-06
5.73417e-06
5.73655e-06
5.74092e-06
5.73407e-06
)
;
    }
    procBoundary2to3
    {
        type            processor;
        value           nonuniform List<scalar> 
51
(
1.78725e-06
1.78691e-06
1.78673e-06
1.78651e-06
1.78643e-06
1.7863e-06
1.78627e-06
1.78619e-06
1.78619e-06
1.78614e-06
1.78614e-06
1.78612e-06
1.78612e-06
1.78611e-06
1.78611e-06
1.78612e-06
1.78612e-06
1.78614e-06
1.78614e-06
1.78619e-06
1.78619e-06
1.78627e-06
1.7863e-06
1.78644e-06
1.78651e-06
1.78673e-06
1.78691e-06
1.78725e-06
1.78765e-06
1.78821e-06
1.78912e-06
1.79019e-06
1.79196e-06
1.79389e-06
1.7974e-06
1.80156e-06
1.80592e-06
1.81301e-06
1.81669e-06
1.77542e-06
1.77203e-06
1.76547e-06
1.7615e-06
1.75772e-06
1.75454e-06
1.75275e-06
1.75116e-06
1.75019e-06
1.74936e-06
1.78725e-06
1.74885e-06
)
;
    }
}


// ************************************************************************* //
