/*--------------------------------*- C++ -*----------------------------------*\
| =========                 |                                                 |
| \\      /  F ield         | OpenFOAM: The Open Source CFD Toolbox           |
|  \\    /   O peration     | Version:  dev                                   |
|   \\  /    A nd           | Web:      www.OpenFOAM.org                      |
|    \\/     M anipulation  |                                                 |
\*---------------------------------------------------------------------------*/
FoamFile
{
    version     2.0;
    format      ascii;
    class       volScalarField;
    location    "0.01";
    object      C6H2;
}
// * * * * * * * * * * * * * * * * * * * * * * * * * * * * * * * * * * * * * //

dimensions      [0 0 0 0 0 0 0];

internalField   nonuniform List<scalar> 
1997
(
4.9485e-06
5.88826e-06
7.29688e-06
8.90153e-06
1.06429e-05
1.20039e-05
1.28166e-05
1.28186e-05
1.22103e-05
1.11748e-05
1.00022e-05
8.83093e-06
7.81141e-06
6.90103e-06
6.17188e-06
5.5946e-06
5.15964e-06
4.83218e-06
4.79101e-06
5.70518e-06
7.06837e-06
8.61786e-06
1.03081e-05
1.1645e-05
1.24319e-05
1.24585e-05
1.18658e-05
1.08773e-05
9.72991e-06
8.58891e-06
7.6057e-06
6.71299e-06
6.00353e-06
5.44021e-06
5.0156e-06
4.6964e-06
4.46419e-06
4.292e-06
4.1767e-06
4.09567e-06
4.04285e-06
4.01116e-06
3.99595e-06
3.99537e-06
4.00954e-06
4.04095e-06
4.63722e-06
5.52784e-06
6.84584e-06
8.3458e-06
9.97524e-06
1.12797e-05
1.20655e-05
1.20869e-05
1.15365e-05
1.05793e-05
9.4636e-06
8.35447e-06
7.40099e-06
6.52679e-06
5.83754e-06
5.28855e-06
4.87462e-06
4.56497e-06
4.3382e-06
4.17055e-06
4.05838e-06
3.97919e-06
3.92779e-06
3.89683e-06
3.88195e-06
3.88138e-06
3.89522e-06
3.92589e-06
3.97619e-06
4.05339e-06
4.16992e-06
4.33915e-06
4.56293e-06
4.87894e-06
5.29877e-06
5.85175e-06
6.54035e-06
7.4127e-06
8.37076e-06
9.47556e-06
4.48932e-06
5.35566e-06
6.62922e-06
8.07961e-06
9.65708e-06
1.09126e-05
1.16967e-05
1.17142e-05
1.1204e-05
1.02758e-05
9.1966e-06
8.11761e-06
7.19293e-06
6.3402e-06
5.67109e-06
5.13749e-06
4.73433e-06
4.43441e-06
4.21337e-06
4.05049e-06
3.94188e-06
3.86496e-06
3.8151e-06
3.78506e-06
3.77061e-06
3.77005e-06
3.78349e-06
3.81323e-06
3.86302e-06
3.93806e-06
4.05127e-06
4.21633e-06
4.43355e-06
4.74008e-06
5.14904e-06
5.68667e-06
6.35521e-06
7.20673e-06
8.1353e-06
9.21023e-06
1.02879e-05
1.12152e-05
1.17205e-05
1.16961e-05
1.09097e-05
9.65195e-06
8.0751e-06
6.62595e-06
5.35478e-06
4.49019e-06
4.34716e-06
5.18814e-06
6.41671e-06
7.81722e-06
9.34378e-06
1.0563e-05
1.13162e-05
1.13593e-05
1.08574e-05
9.96296e-06
8.91989e-06
7.88217e-06
6.98153e-06
6.15158e-06
5.50253e-06
4.98586e-06
4.5981e-06
4.30838e-06
4.09298e-06
3.93484e-06
3.82955e-06
3.75467e-06
3.7062e-06
3.67695e-06
3.66284e-06
3.6623e-06
3.67538e-06
3.70433e-06
3.75282e-06
3.82569e-06
3.93555e-06
4.09617e-06
4.30695e-06
4.6035e-06
4.99717e-06
5.51748e-06
6.16555e-06
6.9952e-06
7.89739e-06
8.93357e-06
9.97678e-06
1.08681e-05
1.13654e-05
1.13157e-05
1.05608e-05
9.33916e-06
7.81138e-06
6.41422e-06
5.18713e-06
4.34743e-06
4.20846e-06
5.02489e-06
6.21025e-06
7.55761e-06
9.02922e-06
1.02049e-05
1.09364e-05
1.10041e-05
1.05263e-05
9.64939e-06
8.64218e-06
7.64823e-06
6.77842e-06
5.97241e-06
5.34115e-06
4.84094e-06
4.46443e-06
4.18478e-06
3.97503e-06
3.82192e-06
3.71989e-06
3.64717e-06
3.60006e-06
3.57161e-06
3.55787e-06
3.55733e-06
3.57007e-06
3.59821e-06
3.64536e-06
3.71607e-06
3.82253e-06
3.97849e-06
4.18296e-06
4.46951e-06
4.85213e-06
5.35516e-06
5.98521e-06
6.79246e-06
7.66289e-06
8.65604e-06
9.66315e-06
1.05367e-05
1.10092e-05
1.0936e-05
1.02022e-05
9.02298e-06
7.55174e-06
6.20744e-06
5.0234e-06
4.20841e-06
4.07375e-06
4.86567e-06
6.00847e-06
7.30343e-06
8.72553e-06
9.84834e-06
1.05761e-05
1.06357e-05
1.01954e-05
9.34975e-06
8.37692e-06
7.41574e-06
6.57723e-06
5.79507e-06
5.18084e-06
4.69529e-06
4.33305e-06
4.06318e-06
3.85954e-06
3.71153e-06
3.61271e-06
3.54224e-06
3.49647e-06
3.46885e-06
3.45548e-06
3.45495e-06
3.46733e-06
3.49466e-06
3.54044e-06
3.609e-06
3.71201e-06
3.8631e-06
4.06143e-06
4.33777e-06
4.70636e-06
5.19492e-06
5.80458e-06
6.59243e-06
7.42994e-06
8.39057e-06
9.36336e-06
1.02043e-05
1.06401e-05
1.05757e-05
9.84529e-06
8.71968e-06
7.29853e-06
6.00539e-06
4.86402e-06
4.07306e-06
3.94169e-06
4.71013e-06
5.81024e-06
7.05804e-06
8.41893e-06
9.50877e-06
1.02157e-05
1.02669e-05
9.85121e-06
9.04119e-06
8.11045e-06
7.18511e-06
6.37841e-06
5.61439e-06
5.02279e-06
4.5544e-06
4.204e-06
3.94346e-06
3.74631e-06
3.60349e-06
3.50786e-06
3.43966e-06
3.39526e-06
3.36847e-06
3.35547e-06
3.35495e-06
3.36698e-06
3.3935e-06
3.43787e-06
3.50431e-06
3.60383e-06
3.74985e-06
3.9422e-06
4.20826e-06
4.56526e-06
5.03674e-06
5.62549e-06
6.39331e-06
7.19897e-06
8.12481e-06
9.05416e-06
9.85943e-06
1.02711e-05
1.02141e-05
9.50533e-06
8.41309e-06
7.05255e-06
5.80714e-06
4.70835e-06
3.94043e-06
3.81317e-06
4.55743e-06
5.61625e-06
6.81486e-06
8.11626e-06
9.1735e-06
9.84665e-06
9.91654e-06
9.50619e-06
8.72913e-06
7.83598e-06
6.95614e-06
6.18107e-06
5.43665e-06
4.86694e-06
4.41325e-06
4.07704e-06
3.82552e-06
3.63514e-06
3.49766e-06
3.40514e-06
3.33925e-06
3.29626e-06
3.2703e-06
3.25767e-06
3.25717e-06
3.26884e-06
3.29455e-06
3.33747e-06
3.40181e-06
3.4978e-06
3.63857e-06
3.82512e-06
4.08088e-06
4.42364e-06
4.88048e-06
5.44791e-06
6.1945e-06
6.96956e-06
7.84989e-06
8.74173e-06
9.51409e-06
9.92045e-06
9.84497e-06
9.1697e-06
8.11069e-06
6.81081e-06
5.61297e-06
4.55558e-06
3.81174e-06
3.6871e-06
4.40821e-06
5.42704e-06
6.57827e-06
7.82731e-06
8.84306e-06
9.48006e-06
9.55786e-06
9.17849e-06
8.43172e-06
7.57353e-06
6.72376e-06
5.97757e-06
5.26075e-06
4.70959e-06
4.27612e-06
3.95231e-06
3.70866e-06
3.52588e-06
3.39387e-06
3.30439e-06
3.24086e-06
3.19933e-06
3.1742e-06
3.16194e-06
3.16146e-06
3.17279e-06
3.19768e-06
3.23909e-06
3.30135e-06
3.39375e-06
3.52783e-06
3.70867e-06
3.95579e-06
4.28593e-06
4.72198e-06
5.27225e-06
5.98984e-06
6.73675e-06
7.58695e-06
8.4439e-06
9.18609e-06
9.5612e-06
9.47915e-06
8.83901e-06
7.82192e-06
6.57361e-06
5.42353e-06
4.40615e-06
3.68563e-06
3.56352e-06
4.26179e-06
5.24121e-06
6.34572e-06
7.54341e-06
8.50829e-06
9.13199e-06
9.19678e-06
8.84086e-06
8.1262e-06
7.3076e-06
6.48892e-06
5.78205e-06
5.08661e-06
4.5581e-06
4.14058e-06
3.82984e-06
3.59439e-06
3.41852e-06
3.29189e-06
3.20542e-06
3.14436e-06
3.10434e-06
3.08007e-06
3.06819e-06
3.06772e-06
3.07871e-06
3.10274e-06
3.14258e-06
3.20278e-06
3.29161e-06
3.42027e-06
3.59479e-06
3.83301e-06
4.14975e-06
4.56965e-06
5.09808e-06
5.79335e-06
6.50136e-06
7.3207e-06
8.1378e-06
8.84797e-06
9.19997e-06
9.13164e-06
8.50381e-06
7.53816e-06
6.34088e-06
5.23778e-06
4.25954e-06
3.56191e-06
3.43991e-06
4.11802e-06
5.05913e-06
6.11735e-06
7.25956e-06
8.17657e-06
8.7866e-06
8.8385e-06
8.50274e-06
7.83258e-06
7.0483e-06
6.26483e-06
5.5875e-06
4.91422e-06
4.40861e-06
4.0046e-06
3.70666e-06
3.47962e-06
3.31251e-06
3.19153e-06
3.10712e-06
3.04735e-06
3.00846e-06
2.98491e-06
2.97337e-06
2.97291e-06
2.9836e-06
3.0069e-06
3.04566e-06
3.10444e-06
3.19123e-06
3.31446e-06
3.48246e-06
3.70977e-06
4.01486e-06
4.4196e-06
4.92555e-06
5.59806e-06
6.27676e-06
7.06085e-06
7.84368e-06
8.50956e-06
8.84162e-06
8.78517e-06
8.17216e-06
7.25425e-06
6.11248e-06
5.05551e-06
4.11556e-06
3.4381e-06
3.31828e-06
3.97507e-06
4.88035e-06
5.89326e-06
6.97867e-06
7.86161e-06
8.44732e-06
8.4992e-06
8.18258e-06
7.54194e-06
6.79138e-06
6.04323e-06
5.39141e-06
4.73991e-06
4.2611e-06
3.87241e-06
3.58351e-06
3.36858e-06
3.20863e-06
3.08966e-06
3.00833e-06
2.95098e-06
2.91369e-06
2.89113e-06
2.88008e-06
2.87964e-06
2.88988e-06
2.91219e-06
2.94931e-06
3.00593e-06
3.08944e-06
3.2104e-06
3.37079e-06
3.58691e-06
3.87906e-06
4.27174e-06
4.75106e-06
5.40182e-06
6.05468e-06
6.80336e-06
7.55253e-06
8.18914e-06
8.50225e-06
8.44608e-06
7.85743e-06
6.97351e-06
5.88842e-06
4.87664e-06
3.97235e-06
3.31621e-06
3.1996e-06
3.83604e-06
4.70478e-06
5.67356e-06
6.70323e-06
7.54651e-06
8.11401e-06
8.16446e-06
7.86477e-06
7.25418e-06
6.53369e-06
5.8211e-06
5.1917e-06
4.56552e-06
4.1099e-06
3.73819e-06
3.46529e-06
3.2594e-06
3.10323e-06
2.98886e-06
2.91113e-06
2.85607e-06
2.82038e-06
2.79887e-06
2.78837e-06
2.78794e-06
2.79768e-06
2.81894e-06
2.85443e-06
2.90895e-06
2.98862e-06
3.10505e-06
3.26203e-06
3.46905e-06
3.74779e-06
4.1208e-06
4.57631e-06
5.20175e-06
5.83246e-06
6.54525e-06
7.2643e-06
7.87082e-06
8.16742e-06
8.11285e-06
7.54254e-06
6.69824e-06
5.66879e-06
4.701e-06
3.83292e-06
3.19769e-06
3.08348e-06
3.69787e-06
4.53247e-06
5.45839e-06
6.44014e-06
7.24326e-06
7.779e-06
7.83478e-06
7.5396e-06
6.95928e-06
6.28254e-06
5.59436e-06
5.00304e-06
4.39985e-06
3.96003e-06
3.61009e-06
3.34872e-06
3.14827e-06
2.99973e-06
2.89275e-06
2.81848e-06
2.76562e-06
2.73141e-06
2.71088e-06
2.70097e-06
2.70056e-06
2.70976e-06
2.73003e-06
2.76402e-06
2.81658e-06
2.8924e-06
3.00151e-06
3.15105e-06
3.34974e-06
3.61851e-06
3.9709e-06
4.40995e-06
5.01294e-06
5.60523e-06
6.29354e-06
6.9689e-06
7.54536e-06
7.83765e-06
7.77768e-06
7.23963e-06
6.43529e-06
5.4537e-06
4.52868e-06
3.69542e-06
3.08113e-06
2.96642e-06
3.56279e-06
4.36315e-06
5.24768e-06
6.18247e-06
6.93831e-06
7.44488e-06
7.51093e-06
7.21884e-06
6.66765e-06
6.03081e-06
5.37057e-06
4.81595e-06
4.23346e-06
3.81242e-06
3.4826e-06
3.23354e-06
3.04184e-06
2.9009e-06
2.79821e-06
2.72672e-06
2.67663e-06
2.64385e-06
2.62362e-06
2.61369e-06
2.6133e-06
2.62252e-06
2.64252e-06
2.67509e-06
2.72496e-06
2.7977e-06
2.90267e-06
3.04496e-06
3.23473e-06
3.49056e-06
3.82308e-06
4.24368e-06
4.8251e-06
5.38095e-06
6.04161e-06
6.67679e-06
7.22438e-06
7.5137e-06
7.44369e-06
6.93463e-06
6.1778e-06
5.24306e-06
4.35933e-06
3.55981e-06
2.96381e-06
2.85191e-06
3.42722e-06
4.19688e-06
5.04154e-06
5.93043e-06
6.63838e-06
7.11722e-06
7.18535e-06
6.917e-06
6.39215e-06
5.77744e-06
5.1582e-06
4.63213e-06
4.0726e-06
3.67139e-06
3.35908e-06
3.11989e-06
2.93708e-06
2.80362e-06
2.70526e-06
2.63695e-06
2.58914e-06
2.55775e-06
2.53839e-06
2.52897e-06
2.52859e-06
2.53736e-06
2.55646e-06
2.58769e-06
2.63541e-06
2.70466e-06
2.80522e-06
2.9405e-06
3.12133e-06
3.36604e-06
3.68171e-06
4.08238e-06
4.64099e-06
5.16812e-06
5.78772e-06
6.40086e-06
6.92234e-06
7.18746e-06
7.11618e-06
6.63488e-06
5.92595e-06
5.03702e-06
4.19305e-06
3.4239e-06
2.84941e-06
2.73966e-06
3.29344e-06
4.03381e-06
4.83987e-06
5.68422e-06
6.35425e-06
6.80881e-06
6.86152e-06
6.62164e-06
6.11986e-06
5.53814e-06
4.94956e-06
4.45069e-06
3.91503e-06
3.53201e-06
3.23673e-06
3.00806e-06
2.83392e-06
2.70555e-06
2.61171e-06
2.54741e-06
2.50101e-06
2.47105e-06
2.45258e-06
2.44362e-06
2.44326e-06
2.45161e-06
2.46983e-06
2.49966e-06
2.54587e-06
2.61095e-06
2.707e-06
2.83759e-06
3.00972e-06
3.24321e-06
3.54205e-06
3.92438e-06
4.45928e-06
4.95902e-06
5.54793e-06
6.12801e-06
6.6268e-06
6.86354e-06
6.80791e-06
6.35088e-06
5.67965e-06
4.83544e-06
4.02997e-06
3.28995e-06
2.737e-06
2.6286e-06
3.16141e-06
3.87298e-06
4.64257e-06
5.44423e-06
6.07725e-06
6.50793e-06
6.55746e-06
6.32592e-06
5.85543e-06
5.30383e-06
4.74488e-06
4.26708e-06
3.76039e-06
3.39483e-06
3.11444e-06
2.89739e-06
2.73119e-06
2.60838e-06
2.5215e-06
2.45792e-06
2.41372e-06
2.38516e-06
2.36754e-06
2.359e-06
2.35866e-06
2.36665e-06
2.384e-06
2.41245e-06
2.45653e-06
2.52071e-06
2.60971e-06
2.7346e-06
2.90009e-06
3.12032e-06
3.4042e-06
3.76943e-06
4.27526e-06
4.75391e-06
5.31315e-06
5.8632e-06
6.33095e-06
6.55939e-06
6.50719e-06
6.07401e-06
5.43985e-06
4.63824e-06
3.86913e-06
3.15801e-06
2.62553e-06
2.51664e-06
3.0333e-06
3.71477e-06
4.44955e-06
5.2104e-06
5.80749e-06
6.20666e-06
6.26135e-06
6.03243e-06
5.58877e-06
5.07489e-06
4.54451e-06
4.09274e-06
3.6091e-06
3.26148e-06
2.99802e-06
2.78904e-06
2.63198e-06
2.51579e-06
2.43288e-06
2.37279e-06
2.33074e-06
2.30349e-06
2.28669e-06
2.27853e-06
2.2782e-06
2.28585e-06
2.3024e-06
2.3295e-06
2.37152e-06
2.43211e-06
2.51703e-06
2.63534e-06
2.79228e-06
3.0031e-06
3.27044e-06
3.61756e-06
4.10049e-06
4.5531e-06
5.08373e-06
5.59603e-06
6.0373e-06
6.26319e-06
6.20597e-06
5.8044e-06
5.20626e-06
4.44531e-06
3.7109e-06
3.02985e-06
2.51349e-06
2.40632e-06
2.90447e-06
3.55907e-06
4.2605e-06
4.98224e-06
5.54529e-06
5.92076e-06
5.96381e-06
5.7582e-06
5.33659e-06
4.8517e-06
4.34881e-06
3.92209e-06
3.46139e-06
3.13168e-06
2.88398e-06
2.68303e-06
2.53473e-06
2.42495e-06
2.34602e-06
2.28907e-06
2.24916e-06
2.22324e-06
2.20728e-06
2.1995e-06
2.19919e-06
2.20651e-06
2.22222e-06
2.24791e-06
2.28788e-06
2.34528e-06
2.42612e-06
2.53812e-06
2.68671e-06
2.88828e-06
3.14049e-06
3.46907e-06
3.92944e-06
4.35697e-06
4.86008e-06
5.34349e-06
5.76292e-06
5.96543e-06
5.92022e-06
5.54234e-06
4.97817e-06
4.25629e-06
3.55525e-06
2.90109e-06
2.40319e-06
2.29769e-06
2.77953e-06
3.40671e-06
4.07575e-06
4.7606e-06
5.29075e-06
5.64299e-06
5.67304e-06
5.48329e-06
5.08664e-06
4.63215e-06
4.15804e-06
3.75206e-06
3.31753e-06
3.00211e-06
2.77254e-06
2.57943e-06
2.43958e-06
2.33601e-06
2.25882e-06
2.20494e-06
2.16725e-06
2.14273e-06
2.12776e-06
2.12035e-06
2.12005e-06
2.12703e-06
2.14177e-06
2.16594e-06
2.20382e-06
2.2581e-06
2.33709e-06
2.44302e-06
2.58357e-06
2.77606e-06
3.01101e-06
3.32427e-06
3.75915e-06
4.16574e-06
4.64003e-06
5.09308e-06
5.4877e-06
5.67464e-06
5.642e-06
5.28794e-06
4.75673e-06
4.07163e-06
3.40288e-06
2.7761e-06
2.29458e-06
2.19073e-06
2.6562e-06
3.25684e-06
3.89495e-06
4.54499e-06
5.04393e-06
5.37406e-06
5.40132e-06
5.21451e-06
4.84809e-06
4.41304e-06
3.97143e-06
3.58944e-06
3.1775e-06
2.8792e-06
2.66381e-06
2.47805e-06
2.34681e-06
2.24933e-06
2.17578e-06
2.12506e-06
2.08938e-06
2.06615e-06
2.05197e-06
2.04491e-06
2.04463e-06
2.05129e-06
2.06525e-06
2.08802e-06
2.12399e-06
2.17517e-06
2.25021e-06
2.34986e-06
2.48294e-06
2.66669e-06
2.88809e-06
3.18341e-06
3.59625e-06
3.97902e-06
4.42043e-06
4.85419e-06
5.21875e-06
5.40293e-06
5.37319e-06
5.04125e-06
4.54126e-06
3.89088e-06
3.25299e-06
2.65274e-06
2.18768e-06
2.0878e-06
2.53217e-06
3.10838e-06
3.71773e-06
4.33533e-06
4.80486e-06
5.11407e-06
5.13861e-06
4.96387e-06
4.61705e-06
4.20808e-06
3.79138e-06
3.43108e-06
3.04118e-06
2.75989e-06
2.5578e-06
2.37925e-06
2.25676e-06
2.16484e-06
2.09484e-06
2.04711e-06
2.01328e-06
1.99096e-06
1.97742e-06
1.97067e-06
1.9704e-06
1.97679e-06
1.99011e-06
2.01192e-06
2.04611e-06
2.09435e-06
2.16556e-06
2.25942e-06
2.38457e-06
2.56028e-06
2.76875e-06
3.04673e-06
3.43768e-06
3.79853e-06
4.21502e-06
4.62283e-06
4.96793e-06
5.14026e-06
5.11331e-06
4.8023e-06
4.3317e-06
3.71377e-06
3.1045e-06
2.52867e-06
2.08475e-06
1.98667e-06
2.41011e-06
2.96238e-06
3.54463e-06
4.1315e-06
4.57351e-06
4.86304e-06
4.88492e-06
4.72142e-06
4.39368e-06
4.00974e-06
3.61707e-06
3.27718e-06
2.90983e-06
2.64436e-06
2.45452e-06
2.28359e-06
2.16928e-06
2.08265e-06
2.01607e-06
1.97121e-06
1.93911e-06
1.91796e-06
1.90508e-06
1.89865e-06
1.8984e-06
1.90448e-06
1.91715e-06
1.93778e-06
1.97027e-06
2.01569e-06
2.08318e-06
2.17181e-06
2.28888e-06
2.45684e-06
2.65311e-06
2.91489e-06
3.28363e-06
3.6238e-06
4.01624e-06
4.39915e-06
4.72529e-06
4.88665e-06
4.86236e-06
4.57106e-06
4.12798e-06
3.54072e-06
2.95857e-06
2.40661e-06
1.98363e-06
1.88769e-06
2.29082e-06
2.81994e-06
3.37502e-06
3.93201e-06
4.34979e-06
4.62092e-06
4.63919e-06
4.48725e-06
4.17812e-06
3.81813e-06
3.4486e-06
3.12791e-06
2.78308e-06
2.53259e-06
2.35404e-06
2.19135e-06
2.08447e-06
2.0026e-06
1.93923e-06
1.89741e-06
1.867e-06
1.84697e-06
1.83472e-06
1.82861e-06
1.82837e-06
1.83415e-06
1.84621e-06
1.8657e-06
1.89657e-06
1.93886e-06
2.00332e-06
2.08673e-06
2.19637e-06
2.35642e-06
2.5411e-06
2.78658e-06
3.13424e-06
3.45492e-06
3.82422e-06
4.18327e-06
4.49093e-06
4.64065e-06
4.62033e-06
4.34744e-06
3.92849e-06
3.37116e-06
2.81614e-06
2.28729e-06
1.88466e-06
1.78984e-06
2.17553e-06
2.68003e-06
3.20904e-06
3.73641e-06
4.13358e-06
4.38766e-06
4.40366e-06
4.2615e-06
3.97044e-06
3.63333e-06
3.286e-06
2.98338e-06
2.66134e-06
2.42426e-06
2.25648e-06
2.10262e-06
2.00255e-06
1.92513e-06
1.86513e-06
1.82579e-06
1.79705e-06
1.77809e-06
1.76647e-06
1.76065e-06
1.76042e-06
1.76593e-06
1.77738e-06
1.79576e-06
1.82508e-06
1.86474e-06
1.92629e-06
2.00426e-06
2.10717e-06
2.25915e-06
2.43236e-06
2.6646e-06
2.98965e-06
3.29193e-06
3.63905e-06
3.97529e-06
4.265e-06
4.40517e-06
4.38714e-06
4.13135e-06
3.73299e-06
3.20525e-06
2.67625e-06
2.17204e-06
1.78695e-06
1.69587e-06
2.06209e-06
2.54278e-06
3.04676e-06
3.5463e-06
3.92211e-06
4.16307e-06
4.17726e-06
4.04424e-06
3.77068e-06
3.45538e-06
3.12918e-06
2.84379e-06
2.54476e-06
2.31917e-06
2.16136e-06
2.0154e-06
1.92236e-06
1.85013e-06
1.79343e-06
1.75643e-06
1.72934e-06
1.7114e-06
1.70038e-06
1.69485e-06
1.69464e-06
1.69986e-06
1.7107e-06
1.72808e-06
1.75582e-06
1.793e-06
1.85071e-06
1.92332e-06
2.01943e-06
2.16427e-06
2.32693e-06
2.54743e-06
2.85018e-06
3.13483e-06
3.46076e-06
3.77524e-06
4.04758e-06
4.17876e-06
4.16262e-06
3.91978e-06
3.54294e-06
3.04305e-06
2.53903e-06
2.05891e-06
1.69298e-06
1.60428e-06
1.95154e-06
2.40839e-06
2.88824e-06
3.36409e-06
3.71594e-06
3.94693e-06
3.95976e-06
3.83542e-06
3.5788e-06
3.28428e-06
2.97842e-06
2.70968e-06
2.43163e-06
2.21851e-06
2.0701e-06
1.93288e-06
1.84618e-06
1.77763e-06
1.72418e-06
1.68939e-06
1.66389e-06
1.64692e-06
1.6365e-06
1.63125e-06
1.63105e-06
1.63601e-06
1.64627e-06
1.6627e-06
1.68884e-06
1.72374e-06
1.77861e-06
1.84665e-06
1.93653e-06
2.07313e-06
2.2255e-06
2.43363e-06
2.71665e-06
2.98373e-06
3.28936e-06
3.58308e-06
3.83862e-06
3.96121e-06
3.94654e-06
3.71373e-06
3.36076e-06
2.8845e-06
2.40468e-06
1.94812e-06
1.60164e-06
1.51598e-06
1.84386e-06
2.27709e-06
2.73331e-06
3.1851e-06
3.51661e-06
3.737e-06
3.75089e-06
3.63358e-06
3.39469e-06
3.11998e-06
2.83356e-06
2.58168e-06
2.32143e-06
2.12206e-06
1.98174e-06
1.85377e-06
1.77255e-06
1.70756e-06
1.6574e-06
1.62468e-06
1.60068e-06
1.58468e-06
1.57483e-06
1.56986e-06
1.56967e-06
1.57437e-06
1.58406e-06
1.5996e-06
1.62416e-06
1.65695e-06
1.70876e-06
1.77277e-06
1.85694e-06
1.98483e-06
2.12842e-06
2.32244e-06
2.58941e-06
2.83853e-06
3.1248e-06
3.3987e-06
3.63645e-06
3.75224e-06
3.73635e-06
3.51451e-06
3.18176e-06
2.72966e-06
2.27343e-06
1.84058e-06
1.51337e-06
1.42863e-06
1.73935e-06
2.14764e-06
2.58225e-06
3.01056e-06
3.32364e-06
3.53084e-06
3.55041e-06
3.44102e-06
3.21816e-06
2.9624e-06
2.69439e-06
2.45944e-06
2.21469e-06
2.02893e-06
1.89538e-06
1.77687e-06
1.70021e-06
1.63917e-06
1.59227e-06
1.56153e-06
1.53901e-06
1.52402e-06
1.51477e-06
1.51007e-06
1.50989e-06
1.51433e-06
1.52345e-06
1.53808e-06
1.56105e-06
1.59185e-06
1.64037e-06
1.70069e-06
1.77945e-06
1.89847e-06
2.0352e-06
2.21624e-06
2.46634e-06
2.69906e-06
2.96698e-06
3.22193e-06
3.44372e-06
3.55163e-06
3.53022e-06
3.32166e-06
3.00757e-06
2.57869e-06
2.14405e-06
1.73622e-06
1.42611e-06
1.34678e-06
1.63834e-06
2.0225e-06
2.43509e-06
2.84288e-06
3.14023e-06
3.33214e-06
3.35253e-06
3.25619e-06
3.04898e-06
2.81144e-06
2.56062e-06
2.34255e-06
2.11162e-06
1.94014e-06
1.8128e-06
1.70361e-06
1.63142e-06
1.5741e-06
1.53024e-06
1.5013e-06
1.4801e-06
1.46606e-06
1.45737e-06
1.45293e-06
1.45276e-06
1.45696e-06
1.46553e-06
1.47928e-06
1.50084e-06
1.52984e-06
1.57514e-06
1.63227e-06
1.70555e-06
1.81581e-06
1.94611e-06
2.11386e-06
2.34824e-06
2.56519e-06
2.81575e-06
3.05256e-06
3.25865e-06
3.35353e-06
3.33151e-06
3.13834e-06
2.84001e-06
2.43161e-06
2.01914e-06
1.63534e-06
1.34437e-06
1.26829e-06
1.54114e-06
1.90191e-06
2.29193e-06
2.67802e-06
2.96003e-06
3.14044e-06
3.16165e-06
3.07882e-06
2.88314e-06
2.66461e-06
2.43192e-06
2.22954e-06
2.01097e-06
1.85412e-06
1.73329e-06
1.6315e-06
1.56422e-06
1.51049e-06
1.46951e-06
1.44235e-06
1.4232e-06
1.41011e-06
1.40196e-06
1.39778e-06
1.39762e-06
1.40158e-06
1.40962e-06
1.42248e-06
1.44197e-06
1.46919e-06
1.51132e-06
1.56524e-06
1.63318e-06
1.73625e-06
1.85974e-06
2.01386e-06
2.23424e-06
2.43525e-06
2.66852e-06
2.88647e-06
3.081e-06
3.16251e-06
3.13969e-06
2.95813e-06
2.67524e-06
2.28854e-06
1.89864e-06
1.53826e-06
1.266e-06
1.19324e-06
1.44572e-06
1.78531e-06
2.15235e-06
2.51931e-06
2.78785e-06
2.96056e-06
2.9778e-06
2.90291e-06
2.72779e-06
2.52152e-06
2.30765e-06
2.11818e-06
1.91343e-06
1.76917e-06
1.65753e-06
1.56274e-06
1.49842e-06
1.44817e-06
1.4115e-06
1.38603e-06
1.36776e-06
1.35521e-06
1.34739e-06
1.34337e-06
1.34323e-06
1.34703e-06
1.35475e-06
1.36707e-06
1.3857e-06
1.41122e-06
1.44879e-06
1.49953e-06
1.56421e-06
1.66033e-06
1.77434e-06
1.91682e-06
2.12196e-06
2.31116e-06
2.52485e-06
2.73083e-06
2.90483e-06
2.97852e-06
2.95934e-06
2.786e-06
2.51657e-06
2.14904e-06
1.78217e-06
1.44294e-06
1.19109e-06
1.12178e-06
1.35643e-06
1.67305e-06
2.01722e-06
2.36515e-06
2.61908e-06
2.78519e-06
2.80559e-06
2.73364e-06
2.57451e-06
2.38793e-06
2.18839e-06
2.01e-06
1.82078e-06
1.68642e-06
1.58304e-06
1.4961e-06
1.43473e-06
1.38925e-06
1.35459e-06
1.33029e-06
1.31285e-06
1.3013e-06
1.294e-06
1.29023e-06
1.29009e-06
1.29366e-06
1.30088e-06
1.31225e-06
1.32995e-06
1.35438e-06
1.38975e-06
1.43584e-06
1.4974e-06
1.58566e-06
1.69081e-06
1.82461e-06
2.01296e-06
2.19171e-06
2.39089e-06
2.57685e-06
2.73534e-06
2.80617e-06
2.78519e-06
2.61725e-06
2.36243e-06
2.01403e-06
1.67005e-06
1.35398e-06
1.11976e-06
1.05389e-06
1.27153e-06
1.56542e-06
1.88751e-06
2.21577e-06
2.45746e-06
2.61743e-06
2.6397e-06
2.57566e-06
2.43082e-06
2.25548e-06
2.07215e-06
1.90525e-06
1.73204e-06
1.60602e-06
1.51034e-06
1.43045e-06
1.37447e-06
1.3319e-06
1.29825e-06
1.27562e-06
1.25933e-06
1.24881e-06
1.24199e-06
1.23846e-06
1.23834e-06
1.24168e-06
1.24841e-06
1.25879e-06
1.27531e-06
1.29809e-06
1.33233e-06
1.37555e-06
1.43163e-06
1.51275e-06
1.6116e-06
1.73566e-06
1.90802e-06
2.07485e-06
2.25837e-06
2.43282e-06
2.57718e-06
2.64015e-06
2.61694e-06
2.45568e-06
2.2131e-06
1.88446e-06
1.56256e-06
1.26919e-06
1.05201e-06
9.89521e-07
1.19079e-06
1.4627e-06
1.76256e-06
2.0714e-06
2.30103e-06
2.45523e-06
2.47979e-06
2.42336e-06
2.292e-06
2.13101e-06
1.96108e-06
1.80554e-06
1.64591e-06
1.52971e-06
1.43971e-06
1.36723e-06
1.31497e-06
1.27555e-06
1.24458e-06
1.2235e-06
1.20826e-06
1.19741e-06
1.19107e-06
1.18778e-06
1.18767e-06
1.19079e-06
1.19704e-06
1.20779e-06
1.22322e-06
1.24444e-06
1.27597e-06
1.31605e-06
1.36832e-06
1.44195e-06
1.53417e-06
1.64955e-06
1.80782e-06
1.96354e-06
2.13378e-06
2.29379e-06
2.42474e-06
2.48011e-06
2.45459e-06
2.29931e-06
2.06881e-06
1.75968e-06
1.45997e-06
1.18859e-06
9.87765e-07
9.28591e-07
1.11425e-06
1.36434e-06
1.64313e-06
1.93232e-06
2.14973e-06
2.29632e-06
2.32301e-06
2.27635e-06
2.15571e-06
2.01003e-06
1.85339e-06
1.71032e-06
1.56424e-06
1.45561e-06
1.37227e-06
1.3056e-06
1.25726e-06
1.22063e-06
1.19187e-06
1.17229e-06
1.15804e-06
1.14808e-06
1.14221e-06
1.13914e-06
1.13904e-06
1.14195e-06
1.14776e-06
1.15763e-06
1.17204e-06
1.19181e-06
1.22092e-06
1.25834e-06
1.30655e-06
1.37442e-06
1.45955e-06
1.56773e-06
1.71246e-06
1.85567e-06
2.01261e-06
2.15769e-06
2.27762e-06
2.3232e-06
2.29558e-06
2.14793e-06
1.92983e-06
1.64041e-06
1.36185e-06
1.11222e-06
9.26959e-07
8.71012e-07
1.04192e-06
1.27188e-06
1.52925e-06
1.79806e-06
2.00403e-06
2.14484e-06
2.17034e-06
2.13332e-06
2.02222e-06
1.89053e-06
1.7462e-06
1.61569e-06
1.48266e-06
1.38378e-06
1.30622e-06
1.24494e-06
1.20035e-06
1.1665e-06
1.14e-06
1.12174e-06
1.10834e-06
1.09918e-06
1.09373e-06
1.09088e-06
1.09079e-06
1.09352e-06
1.0989e-06
1.10801e-06
1.12152e-06
1.14e-06
1.1667e-06
1.20131e-06
1.24598e-06
1.30816e-06
1.38733e-06
1.4859e-06
1.61778e-06
1.74825e-06
1.89288e-06
2.02404e-06
2.13479e-06
2.17045e-06
2.14409e-06
2.00232e-06
1.79571e-06
1.5267e-06
1.26959e-06
1.04007e-06
8.69494e-07
8.16292e-07
9.7372e-07
1.18457e-06
1.4212e-06
1.67046e-06
1.86405e-06
1.99832e-06
2.02675e-06
1.99415e-06
1.89303e-06
1.77464e-06
1.64465e-06
1.52513e-06
1.40437e-06
1.31272e-06
1.2405e-06
1.1841e-06
1.14296e-06
1.11176e-06
1.08745e-06
1.07108e-06
1.05912e-06
1.05075e-06
1.04574e-06
1.04311e-06
1.04303e-06
1.04555e-06
1.05051e-06
1.05885e-06
1.07092e-06
1.08757e-06
1.11197e-06
1.14386e-06
1.18515e-06
1.24271e-06
1.31607e-06
1.40741e-06
1.52713e-06
1.64649e-06
1.77685e-06
1.89475e-06
1.99482e-06
2.0268e-06
1.99737e-06
1.86246e-06
1.66828e-06
1.41885e-06
1.18251e-06
9.72044e-07
8.14996e-07
7.64923e-07
9.09524e-07
1.10241e-06
1.31881e-06
1.54907e-06
1.72992e-06
1.85785e-06
1.88852e-06
1.86222e-06
1.77139e-06
1.66525e-06
1.54566e-06
1.43579e-06
1.32715e-06
1.24321e-06
1.17661e-06
1.12405e-06
1.08722e-06
1.05863e-06
1.03629e-06
1.02122e-06
1.01018e-06
1.00254e-06
9.97949e-07
9.95517e-07
9.95448e-07
9.97784e-07
1.00233e-06
1.00997e-06
1.02112e-06
1.03648e-06
1.05882e-06
1.08813e-06
1.12483e-06
1.17841e-06
1.2463e-06
1.32981e-06
1.43796e-06
1.54749e-06
1.66737e-06
1.77304e-06
1.86294e-06
1.88862e-06
1.85698e-06
1.72843e-06
1.54711e-06
1.31686e-06
1.1006e-06
9.08042e-07
7.63749e-07
7.16372e-07
8.49172e-07
1.02533e-06
1.22282e-06
1.43418e-06
1.60235e-06
1.72325e-06
1.75293e-06
1.73496e-06
1.65372e-06
1.55641e-06
)
;

boundaryField
{
    fuel
    {
        type            fixedValue;
        value           nonuniform 0();
    }
    wall
    {
        type            zeroGradient;
    }
    outlet
    {
        type            zeroGradient;
    }
    frontAndBack
    {
        type            empty;
    }
    procBoundary2to0
    {
        type            processor;
        value           nonuniform List<scalar> 
53
(
5.11159e-06
6.07681e-06
7.53083e-06
9.18967e-06
1.0972e-05
1.23774e-05
1.32e-05
1.31712e-05
1.25529e-05
1.14853e-05
1.02677e-05
9.06543e-06
8.01784e-06
7.09111e-06
6.3427e-06
5.75199e-06
5.30622e-06
4.97e-06
4.59376e-06
4.59376e-06
4.41666e-06
4.29824e-06
4.21539e-06
4.16115e-06
4.12874e-06
4.11322e-06
4.11263e-06
4.12711e-06
4.15923e-06
4.09592e-06
4.09592e-06
4.17534e-06
4.29525e-06
4.46908e-06
4.6992e-06
5.02195e-06
5.45348e-06
6.01815e-06
6.72731e-06
7.61775e-06
8.60574e-06
9.75266e-06
1.05867e-05
1.05867e-05
1.15488e-05
1.20933e-05
1.20647e-05
1.12721e-05
9.96822e-06
8.33988e-06
6.84171e-06
5.52616e-06
4.63669e-06
)
;
    }
    procBoundary2to3
    {
        type            processor;
        value           nonuniform List<scalar> 
51
(
1.4472e-06
1.34765e-06
1.24976e-06
1.17483e-06
1.11371e-06
1.06535e-06
1.0306e-06
1.00459e-06
9.84061e-07
9.70315e-07
9.60223e-07
9.53264e-07
9.49079e-07
9.46845e-07
9.46786e-07
9.48936e-07
9.53098e-07
9.60066e-07
9.70274e-07
9.84344e-07
1.00477e-06
1.03147e-06
1.06618e-06
1.11536e-06
1.1777e-06
1.25222e-06
1.34999e-06
1.44894e-06
1.55809e-06
1.6553e-06
1.73576e-06
1.75309e-06
1.72249e-06
1.6009e-06
1.43225e-06
1.22082e-06
1.02345e-06
8.47558e-07
7.1502e-07
6.70158e-07
7.92111e-07
9.52811e-07
1.13252e-06
1.32569e-06
1.48125e-06
1.59453e-06
1.62547e-06
1.60974e-06
1.53967e-06
1.4472e-06
1.45339e-06
)
;
    }
}


// ************************************************************************* //
