/*--------------------------------*- C++ -*----------------------------------*\
| =========                 |                                                 |
| \\      /  F ield         | OpenFOAM: The Open Source CFD Toolbox           |
|  \\    /   O peration     | Version:  dev                                   |
|   \\  /    A nd           | Web:      www.OpenFOAM.org                      |
|    \\/     M anipulation  |                                                 |
\*---------------------------------------------------------------------------*/
FoamFile
{
    version     2.0;
    format      ascii;
    class       volScalarField;
    location    "0.09";
    object      C6H8;
}
// * * * * * * * * * * * * * * * * * * * * * * * * * * * * * * * * * * * * * //

dimensions      [0 0 0 0 0 0 0];

internalField   nonuniform List<scalar> 
1997
(
9.61e-13
9.62568e-13
9.63928e-13
9.648e-13
9.65325e-13
9.65679e-13
9.65842e-13
9.65972e-13
9.66039e-13
9.66106e-13
9.66141e-13
9.66183e-13
9.66205e-13
9.66233e-13
9.66246e-13
9.66266e-13
9.66274e-13
9.66287e-13
9.57558e-13
9.59068e-13
9.60397e-13
9.61265e-13
9.61811e-13
9.62164e-13
9.6234e-13
9.62477e-13
9.62551e-13
9.62621e-13
9.62661e-13
9.62704e-13
9.62729e-13
9.62757e-13
9.62772e-13
9.62792e-13
9.62801e-13
9.62814e-13
9.62819e-13
9.62827e-13
9.62829e-13
9.62834e-13
9.62835e-13
9.62837e-13
9.62837e-13
9.62837e-13
9.62837e-13
9.62835e-13
9.54568e-13
9.56024e-13
9.57326e-13
9.58189e-13
9.58756e-13
9.59107e-13
9.59295e-13
9.59437e-13
9.59518e-13
9.59592e-13
9.59636e-13
9.5968e-13
9.59707e-13
9.59736e-13
9.59753e-13
9.59772e-13
9.59782e-13
9.59795e-13
9.59801e-13
9.59809e-13
9.59811e-13
9.59816e-13
9.59817e-13
9.59819e-13
9.5982e-13
9.5982e-13
9.59819e-13
9.59817e-13
9.59816e-13
9.59811e-13
9.59809e-13
9.59801e-13
9.59795e-13
9.59782e-13
9.59772e-13
9.59752e-13
9.59736e-13
9.59706e-13
9.5968e-13
9.59635e-13
9.52005e-13
9.53409e-13
9.54686e-13
9.55542e-13
9.56132e-13
9.56479e-13
9.56678e-13
9.56825e-13
9.56913e-13
9.56989e-13
9.57036e-13
9.57082e-13
9.57111e-13
9.5714e-13
9.57158e-13
9.57178e-13
9.57189e-13
9.57201e-13
9.57208e-13
9.57215e-13
9.57219e-13
9.57223e-13
9.57224e-13
9.57226e-13
9.57227e-13
9.57227e-13
9.57227e-13
9.57225e-13
9.57223e-13
9.57219e-13
9.57215e-13
9.57208e-13
9.57201e-13
9.57189e-13
9.57178e-13
9.57158e-13
9.5714e-13
9.5711e-13
9.57081e-13
9.57036e-13
9.56988e-13
9.56912e-13
9.56825e-13
9.56678e-13
9.56479e-13
9.56131e-13
9.55542e-13
9.54686e-13
9.53409e-13
9.52005e-13
9.4984e-13
9.51194e-13
9.52448e-13
9.53295e-13
9.53907e-13
9.5425e-13
9.54458e-13
9.5461e-13
9.54703e-13
9.54782e-13
9.54832e-13
9.54879e-13
9.5491e-13
9.5494e-13
9.54959e-13
9.54978e-13
9.5499e-13
9.55003e-13
9.5501e-13
9.55017e-13
9.55021e-13
9.55025e-13
9.55027e-13
9.55029e-13
9.55029e-13
9.55029e-13
9.55029e-13
9.55027e-13
9.55025e-13
9.55021e-13
9.55017e-13
9.5501e-13
9.55003e-13
9.5499e-13
9.54978e-13
9.54959e-13
9.54939e-13
9.54909e-13
9.54878e-13
9.54832e-13
9.54781e-13
9.54703e-13
9.5461e-13
9.54458e-13
9.5425e-13
9.53907e-13
9.53295e-13
9.52448e-13
9.51194e-13
9.4984e-13
9.48015e-13
9.49322e-13
9.50555e-13
9.5139e-13
9.52018e-13
9.52355e-13
9.5257e-13
9.52725e-13
9.52822e-13
9.52903e-13
9.52956e-13
9.53003e-13
9.53035e-13
9.53065e-13
9.53086e-13
9.53105e-13
9.53117e-13
9.5313e-13
9.53137e-13
9.53144e-13
9.53148e-13
9.53152e-13
9.53154e-13
9.53156e-13
9.53157e-13
9.53157e-13
9.53156e-13
9.53154e-13
9.53152e-13
9.53148e-13
9.53144e-13
9.53137e-13
9.53129e-13
9.53117e-13
9.53105e-13
9.53085e-13
9.53065e-13
9.53035e-13
9.53002e-13
9.52955e-13
9.52902e-13
9.52822e-13
9.52725e-13
9.5257e-13
9.52354e-13
9.52018e-13
9.51389e-13
9.50554e-13
9.49322e-13
9.48015e-13
9.46532e-13
9.47791e-13
9.49002e-13
9.49825e-13
9.50469e-13
9.50799e-13
9.51021e-13
9.51178e-13
9.5128e-13
9.51362e-13
9.51417e-13
9.51464e-13
9.51498e-13
9.51528e-13
9.5155e-13
9.51569e-13
9.51582e-13
9.51594e-13
9.51602e-13
9.51609e-13
9.51613e-13
9.51617e-13
9.51619e-13
9.51621e-13
9.51622e-13
9.51622e-13
9.51621e-13
9.51619e-13
9.51617e-13
9.51613e-13
9.51609e-13
9.51602e-13
9.51594e-13
9.51582e-13
9.51569e-13
9.51549e-13
9.51528e-13
9.51498e-13
9.51464e-13
9.51416e-13
9.51361e-13
9.51279e-13
9.51178e-13
9.5102e-13
9.50798e-13
9.50469e-13
9.49824e-13
9.49002e-13
9.47791e-13
9.46532e-13
9.45325e-13
9.4654e-13
9.47728e-13
9.48535e-13
9.49189e-13
9.49511e-13
9.49737e-13
9.49896e-13
9.49999e-13
9.50081e-13
9.50138e-13
9.50185e-13
9.5022e-13
9.5025e-13
9.50272e-13
9.50291e-13
9.50304e-13
9.50316e-13
9.50324e-13
9.50331e-13
9.50336e-13
9.50339e-13
9.50342e-13
9.50343e-13
9.50344e-13
9.50344e-13
9.50343e-13
9.50342e-13
9.50339e-13
9.50336e-13
9.50331e-13
9.50324e-13
9.50316e-13
9.50304e-13
9.5029e-13
9.50272e-13
9.5025e-13
9.5022e-13
9.50185e-13
9.50137e-13
9.50081e-13
9.49999e-13
9.49895e-13
9.49737e-13
9.4951e-13
9.49189e-13
9.48535e-13
9.47728e-13
9.4654e-13
9.45325e-13
9.44356e-13
9.45526e-13
9.46688e-13
9.47479e-13
9.48136e-13
9.48449e-13
9.48678e-13
9.48836e-13
9.48941e-13
9.49023e-13
9.4908e-13
9.49128e-13
9.49163e-13
9.49193e-13
9.49215e-13
9.49234e-13
9.49248e-13
9.49259e-13
9.49268e-13
9.49274e-13
9.49279e-13
9.49283e-13
9.49285e-13
9.49287e-13
9.49288e-13
9.49288e-13
9.49287e-13
9.49285e-13
9.49283e-13
9.49279e-13
9.49274e-13
9.49268e-13
9.49259e-13
9.49248e-13
9.49233e-13
9.49215e-13
9.49192e-13
9.49163e-13
9.49127e-13
9.4908e-13
9.49022e-13
9.4894e-13
9.48836e-13
9.48677e-13
9.48448e-13
9.48136e-13
9.47478e-13
9.46688e-13
9.45526e-13
9.44356e-13
9.43572e-13
9.44697e-13
9.4583e-13
9.466e-13
9.47253e-13
9.47555e-13
9.47784e-13
9.4794e-13
9.48044e-13
9.48125e-13
9.48182e-13
9.48229e-13
9.48265e-13
9.48294e-13
9.48316e-13
9.48334e-13
9.48349e-13
9.4836e-13
9.48368e-13
9.48375e-13
9.4838e-13
9.48383e-13
9.48386e-13
9.48387e-13
9.48388e-13
9.48388e-13
9.48387e-13
9.48386e-13
9.48383e-13
9.4838e-13
9.48375e-13
9.48368e-13
9.4836e-13
9.48348e-13
9.48334e-13
9.48316e-13
9.48293e-13
9.48264e-13
9.48228e-13
9.48182e-13
9.48125e-13
9.48044e-13
9.4794e-13
9.47783e-13
9.47554e-13
9.47253e-13
9.466e-13
9.4583e-13
9.44697e-13
9.43572e-13
9.42913e-13
9.43992e-13
9.4509e-13
9.45836e-13
9.46476e-13
9.46765e-13
9.46991e-13
9.47144e-13
9.47245e-13
9.47324e-13
9.4738e-13
9.47425e-13
9.47461e-13
9.47489e-13
9.47512e-13
9.47529e-13
9.47543e-13
9.47554e-13
9.47563e-13
9.47569e-13
9.47574e-13
9.47577e-13
9.4758e-13
9.47581e-13
9.47582e-13
9.47582e-13
9.47581e-13
9.4758e-13
9.47577e-13
9.47574e-13
9.47569e-13
9.47563e-13
9.47554e-13
9.47543e-13
9.47529e-13
9.47511e-13
9.47488e-13
9.4746e-13
9.47425e-13
9.4738e-13
9.47324e-13
9.47245e-13
9.47143e-13
9.46991e-13
9.46765e-13
9.46476e-13
9.45836e-13
9.45089e-13
9.43992e-13
9.42913e-13
9.42308e-13
9.43342e-13
9.44399e-13
9.45119e-13
9.45736e-13
9.46011e-13
9.46231e-13
9.46377e-13
9.46474e-13
9.4655e-13
9.46604e-13
9.46647e-13
9.46681e-13
9.46708e-13
9.46731e-13
9.46747e-13
9.46762e-13
9.46772e-13
9.4678e-13
9.46786e-13
9.46791e-13
9.46795e-13
9.46797e-13
9.46799e-13
9.46799e-13
9.46799e-13
9.46799e-13
9.46797e-13
9.46795e-13
9.46791e-13
9.46786e-13
9.4678e-13
9.46772e-13
9.46761e-13
9.46747e-13
9.4673e-13
9.46708e-13
9.46681e-13
9.46646e-13
9.46603e-13
9.46549e-13
9.46474e-13
9.46376e-13
9.4623e-13
9.4601e-13
9.45735e-13
9.45118e-13
9.44399e-13
9.43342e-13
9.42307e-13
9.41686e-13
9.42675e-13
9.43684e-13
9.44371e-13
9.44957e-13
9.45215e-13
9.45425e-13
9.45563e-13
9.45654e-13
9.45725e-13
9.45776e-13
9.45817e-13
9.4585e-13
9.45875e-13
9.45897e-13
9.45913e-13
9.45927e-13
9.45936e-13
9.45945e-13
9.45951e-13
9.45955e-13
9.45959e-13
9.45961e-13
9.45962e-13
9.45963e-13
9.45963e-13
9.45962e-13
9.45961e-13
9.45958e-13
9.45955e-13
9.4595e-13
9.45945e-13
9.45936e-13
9.45926e-13
9.45913e-13
9.45896e-13
9.45875e-13
9.45849e-13
9.45816e-13
9.45775e-13
9.45725e-13
9.45653e-13
9.45562e-13
9.45425e-13
9.45214e-13
9.44956e-13
9.44371e-13
9.43683e-13
9.42674e-13
9.41686e-13
9.4099e-13
9.4193e-13
9.42883e-13
9.43534e-13
9.44079e-13
9.44318e-13
9.44514e-13
9.44641e-13
9.44725e-13
9.44791e-13
9.44837e-13
9.44875e-13
9.44906e-13
9.4493e-13
9.4495e-13
9.44965e-13
9.44978e-13
9.44988e-13
9.44996e-13
9.45001e-13
9.45006e-13
9.45009e-13
9.45011e-13
9.45013e-13
9.45014e-13
9.45014e-13
9.45013e-13
9.45011e-13
9.45009e-13
9.45006e-13
9.45001e-13
9.44996e-13
9.44988e-13
9.44978e-13
9.44965e-13
9.4495e-13
9.44929e-13
9.44905e-13
9.44874e-13
9.44836e-13
9.4479e-13
9.44724e-13
9.44641e-13
9.44514e-13
9.44317e-13
9.44078e-13
9.43534e-13
9.42882e-13
9.4193e-13
9.40989e-13
9.40144e-13
9.41032e-13
9.41917e-13
9.42526e-13
9.43018e-13
9.43234e-13
9.43412e-13
9.43526e-13
9.43599e-13
9.43658e-13
9.43699e-13
9.43733e-13
9.43761e-13
9.43784e-13
9.43802e-13
9.43817e-13
9.43829e-13
9.43838e-13
9.43845e-13
9.4385e-13
9.43855e-13
9.43858e-13
9.4386e-13
9.43861e-13
9.43862e-13
9.43862e-13
9.43861e-13
9.4386e-13
9.43858e-13
9.43855e-13
9.4385e-13
9.43845e-13
9.43837e-13
9.43828e-13
9.43816e-13
9.43802e-13
9.43783e-13
9.43761e-13
9.43733e-13
9.43698e-13
9.43658e-13
9.43599e-13
9.43526e-13
9.43411e-13
9.43234e-13
9.43018e-13
9.42525e-13
9.41917e-13
9.41031e-13
9.40144e-13
9.39055e-13
9.39885e-13
9.40691e-13
9.41248e-13
9.41682e-13
9.4187e-13
9.42026e-13
9.42124e-13
9.42185e-13
9.42236e-13
9.42271e-13
9.423e-13
9.42325e-13
9.42345e-13
9.42362e-13
9.42375e-13
9.42386e-13
9.42395e-13
9.42402e-13
9.42407e-13
9.42411e-13
9.42413e-13
9.42416e-13
9.42417e-13
9.42418e-13
9.42418e-13
9.42417e-13
9.42416e-13
9.42413e-13
9.42411e-13
9.42406e-13
9.42401e-13
9.42394e-13
9.42386e-13
9.42375e-13
9.42362e-13
9.42345e-13
9.42325e-13
9.423e-13
9.4227e-13
9.42236e-13
9.42185e-13
9.42124e-13
9.42025e-13
9.41869e-13
9.41681e-13
9.41248e-13
9.40691e-13
9.39884e-13
9.39054e-13
9.37649e-13
9.38416e-13
9.39133e-13
9.3963e-13
9.4e-13
9.40154e-13
9.40286e-13
9.40366e-13
9.40414e-13
9.40456e-13
9.40483e-13
9.40508e-13
9.40529e-13
9.40547e-13
9.40561e-13
9.40573e-13
9.40583e-13
9.40591e-13
9.40597e-13
9.40602e-13
9.40605e-13
9.40608e-13
9.4061e-13
9.40611e-13
9.40612e-13
9.40612e-13
9.40611e-13
9.4061e-13
9.40608e-13
9.40605e-13
9.40602e-13
9.40597e-13
9.4059e-13
9.40583e-13
9.40573e-13
9.40561e-13
9.40546e-13
9.40528e-13
9.40507e-13
9.40482e-13
9.40455e-13
9.40413e-13
9.40366e-13
9.40285e-13
9.40153e-13
9.4e-13
9.39629e-13
9.39132e-13
9.38416e-13
9.37648e-13
9.35821e-13
9.36524e-13
9.37137e-13
9.37562e-13
9.37862e-13
9.37975e-13
9.38075e-13
9.38133e-13
9.38165e-13
9.38196e-13
9.38214e-13
9.38234e-13
9.3825e-13
9.38265e-13
9.38277e-13
9.38288e-13
9.38296e-13
9.38303e-13
9.38308e-13
9.38313e-13
9.38316e-13
9.38318e-13
9.3832e-13
9.38321e-13
9.38322e-13
9.38322e-13
9.38321e-13
9.3832e-13
9.38318e-13
9.38316e-13
9.38313e-13
9.38308e-13
9.38303e-13
9.38295e-13
9.38287e-13
9.38277e-13
9.38265e-13
9.3825e-13
9.38233e-13
9.38213e-13
9.38195e-13
9.38165e-13
9.38133e-13
9.38075e-13
9.37974e-13
9.37861e-13
9.37561e-13
9.37137e-13
9.36523e-13
9.35821e-13
9.3352e-13
9.34148e-13
9.34646e-13
9.34984e-13
9.3521e-13
9.35279e-13
9.35345e-13
9.35379e-13
9.35396e-13
9.35414e-13
9.35423e-13
9.35437e-13
9.35449e-13
9.35461e-13
9.3547e-13
9.35479e-13
9.35486e-13
9.35492e-13
9.35497e-13
9.35501e-13
9.35504e-13
9.35506e-13
9.35507e-13
9.35509e-13
9.35509e-13
9.35509e-13
9.35509e-13
9.35507e-13
9.35506e-13
9.35503e-13
9.35501e-13
9.35496e-13
9.35492e-13
9.35485e-13
9.35479e-13
9.3547e-13
9.35461e-13
9.35448e-13
9.35437e-13
9.35423e-13
9.35413e-13
9.35395e-13
9.35379e-13
9.35345e-13
9.35278e-13
9.35209e-13
9.34983e-13
9.34645e-13
9.34147e-13
9.3352e-13
9.30608e-13
9.31154e-13
9.31517e-13
9.31746e-13
9.31888e-13
9.31904e-13
9.31932e-13
9.31937e-13
9.31935e-13
9.31939e-13
9.31938e-13
9.31945e-13
9.31951e-13
9.3196e-13
9.31966e-13
9.31973e-13
9.31978e-13
9.31984e-13
9.31987e-13
9.31991e-13
9.31993e-13
9.31995e-13
9.31997e-13
9.31998e-13
9.31998e-13
9.31998e-13
9.31998e-13
9.31997e-13
9.31995e-13
9.31993e-13
9.31991e-13
9.31987e-13
9.31984e-13
9.31978e-13
9.31973e-13
9.31965e-13
9.3196e-13
9.31951e-13
9.31945e-13
9.31937e-13
9.31938e-13
9.31934e-13
9.31936e-13
9.31931e-13
9.31903e-13
9.31888e-13
9.31745e-13
9.31516e-13
9.31153e-13
9.30607e-13
9.27019e-13
9.27473e-13
9.27686e-13
9.27886e-13
9.27943e-13
9.27902e-13
9.27891e-13
9.27865e-13
9.27844e-13
9.27834e-13
9.27823e-13
9.27823e-13
9.27824e-13
9.2783e-13
9.27832e-13
9.27838e-13
9.2784e-13
9.27846e-13
9.27848e-13
9.27851e-13
9.27853e-13
9.27855e-13
9.27856e-13
9.27857e-13
9.27857e-13
9.27857e-13
9.27857e-13
9.27856e-13
9.27855e-13
9.27853e-13
9.27851e-13
9.27847e-13
9.27845e-13
9.2784e-13
9.27838e-13
9.27831e-13
9.27829e-13
9.27823e-13
9.27823e-13
9.27822e-13
9.27833e-13
9.27844e-13
9.27864e-13
9.2789e-13
9.27901e-13
9.27942e-13
9.27885e-13
9.27685e-13
9.27472e-13
9.27018e-13
9.22781e-13
9.23137e-13
9.23196e-13
9.23279e-13
9.23247e-13
9.23144e-13
9.23092e-13
9.23034e-13
9.22994e-13
9.22968e-13
9.22946e-13
9.22939e-13
9.22933e-13
9.22935e-13
9.22933e-13
9.22937e-13
9.22937e-13
9.22942e-13
9.22942e-13
9.22946e-13
9.22946e-13
9.22949e-13
9.22949e-13
9.2295e-13
9.2295e-13
9.2295e-13
9.2295e-13
9.22949e-13
9.22949e-13
9.22946e-13
9.22946e-13
9.22942e-13
9.22941e-13
9.22937e-13
9.22937e-13
9.22932e-13
9.22935e-13
9.22932e-13
9.22939e-13
9.22946e-13
9.22967e-13
9.22993e-13
9.23033e-13
9.23091e-13
9.23144e-13
9.23246e-13
9.23278e-13
9.23195e-13
9.23136e-13
9.2278e-13
9.17688e-13
9.17907e-13
9.17798e-13
9.17767e-13
9.17637e-13
9.17467e-13
9.1737e-13
9.17277e-13
9.17215e-13
9.17172e-13
9.17139e-13
9.17125e-13
9.17112e-13
9.17111e-13
9.17105e-13
9.17108e-13
9.17105e-13
9.17109e-13
9.17108e-13
9.17111e-13
9.17111e-13
9.17113e-13
9.17114e-13
9.17115e-13
9.17115e-13
9.17115e-13
9.17115e-13
9.17113e-13
9.17113e-13
9.17111e-13
9.17111e-13
9.17108e-13
9.17109e-13
9.17105e-13
9.17107e-13
9.17104e-13
9.1711e-13
9.17112e-13
9.17125e-13
9.17139e-13
9.17171e-13
9.17215e-13
9.17276e-13
9.17369e-13
9.17466e-13
9.17636e-13
9.17766e-13
9.17796e-13
9.17906e-13
9.17687e-13
9.117e-13
9.11933e-13
9.11654e-13
9.11519e-13
9.11294e-13
9.1106e-13
9.10921e-13
9.10795e-13
9.10713e-13
9.10654e-13
9.10611e-13
9.1059e-13
9.10571e-13
9.10567e-13
9.10557e-13
9.10559e-13
9.10554e-13
9.10557e-13
9.10555e-13
9.10558e-13
9.10557e-13
9.10559e-13
9.10559e-13
9.1056e-13
9.1056e-13
9.1056e-13
9.1056e-13
9.10559e-13
9.10559e-13
9.10557e-13
9.10558e-13
9.10555e-13
9.10557e-13
9.10554e-13
9.10558e-13
9.10557e-13
9.10566e-13
9.10571e-13
9.1059e-13
9.10611e-13
9.10654e-13
9.10712e-13
9.10794e-13
9.10921e-13
9.11059e-13
9.11293e-13
9.11518e-13
9.11653e-13
9.11931e-13
9.11699e-13
9.05007e-13
9.05119e-13
9.04664e-13
9.04431e-13
9.04113e-13
9.03817e-13
9.03638e-13
9.03479e-13
9.03376e-13
9.03298e-13
9.03242e-13
9.03212e-13
9.03185e-13
9.03177e-13
9.03163e-13
9.03163e-13
9.03155e-13
9.03158e-13
9.03154e-13
9.03157e-13
9.03155e-13
9.03157e-13
9.03156e-13
9.03158e-13
9.03157e-13
9.03157e-13
9.03158e-13
9.03156e-13
9.03157e-13
9.03155e-13
9.03157e-13
9.03154e-13
9.03157e-13
9.03155e-13
9.03162e-13
9.03163e-13
9.03177e-13
9.03185e-13
9.03212e-13
9.03241e-13
9.03297e-13
9.03376e-13
9.03479e-13
9.03637e-13
9.03815e-13
9.04112e-13
9.04429e-13
9.04662e-13
9.05117e-13
9.05006e-13
8.97378e-13
8.97367e-13
8.96712e-13
8.9638e-13
8.95969e-13
8.95608e-13
8.9539e-13
8.952e-13
8.95077e-13
8.94984e-13
8.94919e-13
8.94883e-13
8.9485e-13
8.94839e-13
8.94821e-13
8.9482e-13
8.9481e-13
8.94812e-13
8.94807e-13
8.9481e-13
8.94807e-13
8.9481e-13
8.94808e-13
8.9481e-13
8.94809e-13
8.94809e-13
8.9481e-13
8.94808e-13
8.94809e-13
8.94807e-13
8.9481e-13
8.94807e-13
8.94812e-13
8.9481e-13
8.9482e-13
8.94821e-13
8.94839e-13
8.9485e-13
8.94882e-13
8.94918e-13
8.94984e-13
8.95077e-13
8.95199e-13
8.95389e-13
8.95607e-13
8.95968e-13
8.96378e-13
8.96711e-13
8.97365e-13
8.97377e-13
8.88904e-13
8.88787e-13
8.88174e-13
8.87767e-13
8.87287e-13
8.8688e-13
8.86634e-13
8.86421e-13
8.86285e-13
8.86181e-13
8.86109e-13
8.86068e-13
8.86032e-13
8.86019e-13
8.85998e-13
8.85996e-13
8.85985e-13
8.85986e-13
8.8598e-13
8.85983e-13
8.8598e-13
8.85982e-13
8.85981e-13
8.85982e-13
8.85981e-13
8.85981e-13
8.85982e-13
8.85981e-13
8.85982e-13
8.8598e-13
8.85983e-13
8.8598e-13
8.85986e-13
8.85984e-13
8.85996e-13
8.85998e-13
8.86018e-13
8.86032e-13
8.86068e-13
8.86109e-13
8.86181e-13
8.86284e-13
8.8642e-13
8.86633e-13
8.86879e-13
8.87286e-13
8.87765e-13
8.88172e-13
8.88785e-13
8.88903e-13
8.80032e-13
8.79819e-13
8.79034e-13
8.7854e-13
8.77984e-13
8.77535e-13
8.77261e-13
8.77027e-13
8.7688e-13
8.76767e-13
8.76689e-13
8.76644e-13
8.76604e-13
8.76589e-13
8.76566e-13
8.76563e-13
8.7655e-13
8.76551e-13
8.76545e-13
8.76547e-13
8.76544e-13
8.76546e-13
8.76544e-13
8.76545e-13
8.76545e-13
8.76545e-13
8.76545e-13
8.76544e-13
8.76546e-13
8.76544e-13
8.76547e-13
8.76545e-13
8.76551e-13
8.7655e-13
8.76562e-13
8.76566e-13
8.76588e-13
8.76604e-13
8.76643e-13
8.76688e-13
8.76766e-13
8.76879e-13
8.77026e-13
8.7726e-13
8.77533e-13
8.77983e-13
8.78538e-13
8.79032e-13
8.79817e-13
8.8003e-13
8.70631e-13
8.70545e-13
8.69701e-13
8.69189e-13
8.68625e-13
8.68176e-13
8.67903e-13
8.67673e-13
8.67526e-13
8.67415e-13
8.67339e-13
8.67295e-13
8.67256e-13
8.6724e-13
8.67219e-13
8.67215e-13
8.67203e-13
8.67204e-13
8.67198e-13
8.672e-13
8.67196e-13
8.67198e-13
8.67197e-13
8.67198e-13
8.67198e-13
8.67198e-13
8.67198e-13
8.67197e-13
8.67198e-13
8.67196e-13
8.672e-13
8.67197e-13
8.67204e-13
8.67203e-13
8.67215e-13
8.67219e-13
8.6724e-13
8.67256e-13
8.67294e-13
8.67338e-13
8.67415e-13
8.67526e-13
8.67672e-13
8.67902e-13
8.68175e-13
8.68623e-13
8.69187e-13
8.69699e-13
8.70543e-13
8.70629e-13
8.61553e-13
8.6146e-13
8.60652e-13
8.60182e-13
8.59652e-13
8.59231e-13
8.58972e-13
8.5876e-13
8.58623e-13
8.58522e-13
8.58453e-13
8.58413e-13
8.58378e-13
8.58364e-13
8.58345e-13
8.58341e-13
8.58331e-13
8.58332e-13
8.58327e-13
8.58328e-13
8.58326e-13
8.58328e-13
8.58326e-13
8.58327e-13
8.58327e-13
8.58327e-13
8.58327e-13
8.58326e-13
8.58327e-13
8.58326e-13
8.58328e-13
8.58326e-13
8.58332e-13
8.58331e-13
8.58341e-13
8.58345e-13
8.58364e-13
8.58378e-13
8.58413e-13
8.58452e-13
8.58522e-13
8.58623e-13
8.58759e-13
8.58971e-13
8.5923e-13
8.59651e-13
8.60181e-13
8.6065e-13
8.61458e-13
8.61552e-13
8.53211e-13
8.53194e-13
8.52742e-13
8.52406e-13
8.52012e-13
8.51714e-13
8.5152e-13
8.51375e-13
8.51274e-13
8.51207e-13
8.51159e-13
8.51134e-13
8.51112e-13
8.51103e-13
8.51092e-13
8.5109e-13
8.51085e-13
8.51086e-13
8.51084e-13
8.51085e-13
8.51085e-13
8.51086e-13
8.51086e-13
8.51086e-13
8.51086e-13
8.51086e-13
8.51086e-13
8.51086e-13
8.51086e-13
8.51084e-13
8.51085e-13
8.51084e-13
8.51086e-13
8.51085e-13
8.5109e-13
8.51092e-13
8.51103e-13
8.51111e-13
8.51134e-13
8.51159e-13
8.51207e-13
8.51274e-13
8.51374e-13
8.51519e-13
8.51713e-13
8.5201e-13
8.52405e-13
8.52741e-13
8.53192e-13
8.53209e-13
8.47117e-13
8.47327e-13
8.47322e-13
8.47245e-13
8.4711e-13
8.47052e-13
8.46977e-13
8.4696e-13
8.46927e-13
8.46925e-13
8.46917e-13
8.4692e-13
8.4692e-13
8.46922e-13
8.46926e-13
8.46927e-13
8.46932e-13
8.46933e-13
8.46937e-13
8.46937e-13
8.4694e-13
8.46941e-13
8.46942e-13
8.46943e-13
8.46943e-13
8.46943e-13
8.46943e-13
8.46942e-13
8.46941e-13
8.4694e-13
8.46937e-13
8.46936e-13
8.46933e-13
8.46931e-13
8.46927e-13
8.46925e-13
8.46921e-13
8.4692e-13
8.46919e-13
8.46916e-13
8.46924e-13
8.46926e-13
8.46959e-13
8.46976e-13
8.47051e-13
8.47109e-13
8.47244e-13
8.47322e-13
8.47326e-13
8.47116e-13
8.45036e-13
8.45703e-13
8.4661e-13
8.47051e-13
8.474e-13
8.47776e-13
8.47916e-13
8.48128e-13
8.48212e-13
8.48324e-13
8.48386e-13
8.48438e-13
8.4848e-13
8.48499e-13
8.48529e-13
8.48536e-13
8.48557e-13
8.48559e-13
8.48573e-13
8.48573e-13
8.48582e-13
8.4858e-13
8.48586e-13
8.48585e-13
8.48586e-13
8.48586e-13
8.48585e-13
8.48586e-13
8.4858e-13
8.48582e-13
8.48572e-13
8.48573e-13
8.48559e-13
8.48557e-13
8.48536e-13
8.48529e-13
8.48498e-13
8.48479e-13
8.48437e-13
8.48386e-13
8.48323e-13
8.48211e-13
8.48127e-13
8.47916e-13
8.47776e-13
8.47399e-13
8.47051e-13
8.4661e-13
8.45703e-13
8.45036e-13
8.5018e-13
8.51651e-13
8.54119e-13
8.55428e-13
8.56561e-13
8.57673e-13
8.58165e-13
8.58761e-13
8.59038e-13
8.59341e-13
8.5952e-13
8.59653e-13
8.59763e-13
8.59811e-13
8.59885e-13
8.599e-13
8.5995e-13
8.59952e-13
8.59984e-13
8.5998e-13
8.6e-13
8.59996e-13
8.60007e-13
8.60004e-13
8.60008e-13
8.60008e-13
8.60004e-13
8.60007e-13
8.59996e-13
8.6e-13
8.59981e-13
8.59983e-13
8.59952e-13
8.5995e-13
8.599e-13
8.59884e-13
8.59809e-13
8.59762e-13
8.59652e-13
8.59521e-13
8.5934e-13
8.59037e-13
8.58761e-13
8.58166e-13
8.57674e-13
8.56562e-13
8.55429e-13
8.54121e-13
8.51652e-13
8.50181e-13
8.67716e-13
8.70596e-13
8.75365e-13
8.78109e-13
8.80499e-13
8.8281e-13
8.83869e-13
8.85088e-13
8.85674e-13
8.86288e-13
8.86655e-13
8.86919e-13
8.8714e-13
8.87233e-13
8.87378e-13
8.87407e-13
8.87502e-13
8.87504e-13
8.87564e-13
8.87556e-13
8.87592e-13
8.87584e-13
8.87604e-13
8.87598e-13
8.87605e-13
8.87605e-13
8.87598e-13
8.87604e-13
8.87584e-13
8.87593e-13
8.87556e-13
8.87564e-13
8.87504e-13
8.87501e-13
8.87406e-13
8.87377e-13
8.87231e-13
8.87138e-13
8.86918e-13
8.86656e-13
8.86286e-13
8.85673e-13
8.85089e-13
8.83871e-13
8.82812e-13
8.80502e-13
8.78113e-13
8.7537e-13
8.70599e-13
8.67719e-13
9.0498e-13
9.10152e-13
9.19016e-13
9.2411e-13
9.28478e-13
9.32698e-13
9.34654e-13
9.36944e-13
9.38073e-13
9.39225e-13
9.39918e-13
9.40411e-13
9.40825e-13
9.40996e-13
9.41264e-13
9.41316e-13
9.41489e-13
9.41492e-13
9.41601e-13
9.41586e-13
9.41651e-13
9.41634e-13
9.4167e-13
9.4166e-13
9.41672e-13
9.41672e-13
9.4166e-13
9.41671e-13
9.41635e-13
9.41652e-13
9.41586e-13
9.41601e-13
9.41492e-13
9.41489e-13
9.41315e-13
9.41262e-13
9.40992e-13
9.40822e-13
9.4041e-13
9.3992e-13
9.39222e-13
9.38072e-13
9.36946e-13
9.34658e-13
9.32702e-13
9.28484e-13
9.24117e-13
9.19026e-13
9.10157e-13
9.04987e-13
9.74405e-13
9.83308e-13
9.9861e-13
1.00747e-12
1.0149e-12
1.0221e-12
1.02546e-12
1.02931e-12
1.03122e-12
1.03315e-12
1.03431e-12
1.03514e-12
1.03584e-12
1.03612e-12
1.03656e-12
1.03664e-12
1.03693e-12
1.03693e-12
1.03711e-12
1.03708e-12
1.03719e-12
1.03716e-12
1.03722e-12
1.0372e-12
1.03722e-12
1.03722e-12
1.0372e-12
1.03722e-12
1.03716e-12
1.03719e-12
1.03708e-12
1.03711e-12
1.03693e-12
1.03693e-12
1.03664e-12
1.03656e-12
1.03611e-12
1.03583e-12
1.03514e-12
1.03432e-12
1.03315e-12
1.03122e-12
1.02932e-12
1.02547e-12
1.02211e-12
1.01491e-12
1.00748e-12
9.98629e-13
9.83316e-13
9.74418e-13
1.09482e-12
1.10964e-12
1.13503e-12
1.14977e-12
1.16188e-12
1.17368e-12
1.17921e-12
1.18547e-12
1.18856e-12
1.1917e-12
1.19359e-12
1.19494e-12
1.19607e-12
1.19651e-12
1.19723e-12
1.19735e-12
1.19782e-12
1.19781e-12
1.1981e-12
1.19805e-12
1.19823e-12
1.19818e-12
1.19827e-12
1.19824e-12
1.19828e-12
1.19828e-12
1.19824e-12
1.19827e-12
1.19818e-12
1.19823e-12
1.19806e-12
1.1981e-12
1.19781e-12
1.19782e-12
1.19735e-12
1.19723e-12
1.1965e-12
1.19606e-12
1.19494e-12
1.1936e-12
1.19169e-12
1.18855e-12
1.18548e-12
1.17922e-12
1.17369e-12
1.16189e-12
1.14979e-12
1.13506e-12
1.10965e-12
1.09485e-12
1.29497e-12
1.31896e-12
1.36001e-12
1.38378e-12
1.40294e-12
1.42169e-12
1.43052e-12
1.44047e-12
1.44533e-12
1.45033e-12
1.45331e-12
1.45546e-12
1.45725e-12
1.45793e-12
1.45907e-12
1.45925e-12
1.45998e-12
1.45997e-12
1.46042e-12
1.46034e-12
1.46062e-12
1.46053e-12
1.46068e-12
1.46063e-12
1.46069e-12
1.46069e-12
1.46063e-12
1.46069e-12
1.46054e-12
1.46062e-12
1.46034e-12
1.46043e-12
1.45997e-12
1.45998e-12
1.45925e-12
1.45906e-12
1.45791e-12
1.45724e-12
1.45546e-12
1.45332e-12
1.45032e-12
1.44532e-12
1.44049e-12
1.43054e-12
1.42172e-12
1.40297e-12
1.38381e-12
1.36006e-12
1.31898e-12
1.295e-12
1.61856e-12
1.65773e-12
1.72104e-12
1.75843e-12
1.78816e-12
1.81728e-12
1.83099e-12
1.84652e-12
1.85399e-12
1.86174e-12
1.86638e-12
1.86974e-12
1.8725e-12
1.87353e-12
1.8753e-12
1.87557e-12
1.8767e-12
1.87666e-12
1.87737e-12
1.87723e-12
1.87766e-12
1.87752e-12
1.87776e-12
1.87768e-12
1.87776e-12
1.87776e-12
1.87768e-12
1.87776e-12
1.87753e-12
1.87766e-12
1.87723e-12
1.87737e-12
1.87666e-12
1.8767e-12
1.87556e-12
1.87529e-12
1.87351e-12
1.87248e-12
1.86974e-12
1.86639e-12
1.86174e-12
1.85398e-12
1.84654e-12
1.83102e-12
1.81731e-12
1.7882e-12
1.75848e-12
1.72113e-12
1.65776e-12
1.61862e-12
2.12857e-12
2.18913e-12
2.28806e-12
2.34569e-12
2.39087e-12
2.43542e-12
2.45621e-12
2.48002e-12
2.49122e-12
2.50309e-12
2.51015e-12
2.51531e-12
2.51951e-12
2.52105e-12
2.52374e-12
2.52411e-12
2.52584e-12
2.52575e-12
2.52683e-12
2.52661e-12
2.52726e-12
2.52704e-12
2.5274e-12
2.52728e-12
2.5274e-12
2.5274e-12
2.52728e-12
2.52741e-12
2.52705e-12
2.52727e-12
2.52661e-12
2.52684e-12
2.52575e-12
2.52584e-12
2.5241e-12
2.52372e-12
2.52102e-12
2.51948e-12
2.51531e-12
2.51015e-12
2.5031e-12
2.49121e-12
2.48006e-12
2.45626e-12
2.43548e-12
2.39094e-12
2.34578e-12
2.28821e-12
2.18918e-12
2.12866e-12
2.91838e-12
3.01075e-12
3.16224e-12
3.24948e-12
3.31693e-12
3.38401e-12
3.41488e-12
3.45079e-12
3.46731e-12
3.48515e-12
3.49571e-12
)
;

boundaryField
{
    fuel
    {
        type            fixedValue;
        value           nonuniform 0();
    }
    wall
    {
        type            zeroGradient;
    }
    outlet
    {
        type            zeroGradient;
    }
    frontAndBack
    {
        type            empty;
    }
    procBoundary2to0
    {
        type            processor;
        value           nonuniform List<scalar> 
53
(
9.64921e-13
9.66547e-13
9.67943e-13
9.68818e-13
9.69322e-13
9.69677e-13
9.69826e-13
9.6995e-13
9.70008e-13
9.70072e-13
9.70103e-13
9.70143e-13
9.70162e-13
9.7019e-13
9.70201e-13
9.70221e-13
9.70227e-13
9.70241e-13
9.66291e-13
9.66291e-13
9.66299e-13
9.66301e-13
9.66306e-13
9.66307e-13
9.66309e-13
9.66309e-13
9.66309e-13
9.66309e-13
9.66307e-13
9.62834e-13
9.62834e-13
9.62829e-13
9.62827e-13
9.62819e-13
9.62814e-13
9.62801e-13
9.62792e-13
9.62772e-13
9.62757e-13
9.62728e-13
9.62704e-13
9.62661e-13
9.59591e-13
9.59591e-13
9.59518e-13
9.59437e-13
9.59295e-13
9.59107e-13
9.58756e-13
9.58189e-13
9.57325e-13
9.56024e-13
9.54568e-13
)
;
    }
    procBoundary2to3
    {
        type            processor;
        value           nonuniform List<scalar> 
51
(
3.5035e-12
3.5098e-12
3.51205e-12
3.51608e-12
3.51659e-12
3.51918e-12
3.51901e-12
3.52063e-12
3.52027e-12
3.52125e-12
3.52092e-12
3.52145e-12
3.52126e-12
3.52144e-12
3.52145e-12
3.52126e-12
3.52146e-12
3.52093e-12
3.52127e-12
3.52028e-12
3.52064e-12
3.51902e-12
3.51918e-12
3.51658e-12
3.51605e-12
3.51201e-12
3.50976e-12
3.50351e-12
3.49569e-12
3.48516e-12
3.46729e-12
3.45084e-12
3.41495e-12
3.38409e-12
3.31704e-12
3.24962e-12
3.16248e-12
3.01081e-12
2.91852e-12
4.12055e-12
4.25928e-12
4.48723e-12
4.61703e-12
4.71604e-12
4.81542e-12
4.86042e-12
4.91368e-12
4.93765e-12
4.96408e-12
3.5035e-12
4.97959e-12
)
;
    }
}


// ************************************************************************* //
