/*--------------------------------*- C++ -*----------------------------------*\
| =========                 |                                                 |
| \\      /  F ield         | OpenFOAM: The Open Source CFD Toolbox           |
|  \\    /   O peration     | Version:  dev                                   |
|   \\  /    A nd           | Web:      www.OpenFOAM.org                      |
|    \\/     M anipulation  |                                                 |
\*---------------------------------------------------------------------------*/
FoamFile
{
    version     2.0;
    format      ascii;
    class       volScalarField;
    location    "0.06";
    object      C5H3;
}
// * * * * * * * * * * * * * * * * * * * * * * * * * * * * * * * * * * * * * //

dimensions      [0 0 0 0 0 0 0];

internalField   nonuniform List<scalar> 
2000
(
3.70126e-07
3.71351e-07
3.72809e-07
3.73458e-07
3.73558e-07
3.73689e-07
3.73641e-07
3.73696e-07
3.73649e-07
3.73685e-07
3.73652e-07
3.73677e-07
3.73655e-07
3.73671e-07
3.73657e-07
3.73668e-07
3.73657e-07
3.73667e-07
3.7366e-07
3.73665e-07
3.73661e-07
3.73664e-07
3.73661e-07
3.73663e-07
3.73662e-07
3.73662e-07
3.73663e-07
3.73661e-07
3.73664e-07
3.73661e-07
3.73665e-07
3.7366e-07
3.73666e-07
3.73657e-07
3.73668e-07
3.73657e-07
3.73671e-07
3.73655e-07
3.73677e-07
3.73653e-07
3.73685e-07
3.73649e-07
3.73696e-07
3.73641e-07
3.73689e-07
3.73558e-07
3.73457e-07
3.72809e-07
3.71351e-07
3.70126e-07
1.8666e-06
1.87236e-06
1.8791e-06
1.8821e-06
1.88254e-06
1.88315e-06
1.88292e-06
1.88318e-06
1.88296e-06
1.88313e-06
1.88297e-06
1.88309e-06
1.88299e-06
1.88306e-06
1.883e-06
1.88305e-06
1.883e-06
1.88304e-06
1.88301e-06
1.88304e-06
1.88302e-06
1.88303e-06
1.88302e-06
1.88303e-06
1.88302e-06
1.88302e-06
1.88303e-06
1.88302e-06
1.88303e-06
1.88302e-06
1.88304e-06
1.88301e-06
1.88304e-06
1.883e-06
1.88305e-06
1.883e-06
1.88306e-06
1.88299e-06
1.88309e-06
1.88298e-06
1.88313e-06
1.88296e-06
1.88318e-06
1.88292e-06
1.88315e-06
1.88254e-06
1.8821e-06
1.8791e-06
1.87236e-06
1.8666e-06
5.5428e-06
5.55804e-06
5.57523e-06
5.58292e-06
5.58378e-06
5.58548e-06
5.58473e-06
5.58552e-06
5.58485e-06
5.58537e-06
5.58491e-06
5.58526e-06
5.58495e-06
5.58518e-06
5.58498e-06
5.58514e-06
5.58499e-06
5.58512e-06
5.58503e-06
5.5851e-06
5.58505e-06
5.58508e-06
5.58505e-06
5.58507e-06
5.58506e-06
5.58506e-06
5.58507e-06
5.58505e-06
5.58508e-06
5.58504e-06
5.5851e-06
5.58503e-06
5.58512e-06
5.58499e-06
5.58514e-06
5.58498e-06
5.58518e-06
5.58495e-06
5.58526e-06
5.58491e-06
5.58537e-06
5.58485e-06
5.58552e-06
5.58473e-06
5.58548e-06
5.58378e-06
5.58291e-06
5.57524e-06
5.55804e-06
5.5428e-06
9.82719e-06
9.8498e-06
9.87463e-06
9.88556e-06
9.88624e-06
9.8889e-06
9.88754e-06
9.88888e-06
9.88773e-06
9.88862e-06
9.88784e-06
9.88845e-06
9.88792e-06
9.88831e-06
9.88798e-06
9.88825e-06
9.88799e-06
9.88821e-06
9.88806e-06
9.88818e-06
9.88808e-06
9.88815e-06
9.88809e-06
9.88812e-06
9.88811e-06
9.88811e-06
9.88812e-06
9.88809e-06
9.88815e-06
9.88808e-06
9.88818e-06
9.88806e-06
9.88821e-06
9.888e-06
9.88825e-06
9.88797e-06
9.88831e-06
9.88793e-06
9.88845e-06
9.88784e-06
9.88862e-06
9.88773e-06
9.88888e-06
9.88754e-06
9.8889e-06
9.88624e-06
9.88556e-06
9.87463e-06
9.8498e-06
9.82719e-06
1.24429e-05
1.24669e-05
1.24936e-05
1.25048e-05
1.25049e-05
1.25078e-05
1.25061e-05
1.25077e-05
1.25063e-05
1.25074e-05
1.25064e-05
1.25072e-05
1.25066e-05
1.2507e-05
1.25066e-05
1.2507e-05
1.25066e-05
1.25069e-05
1.25067e-05
1.25069e-05
1.25068e-05
1.25068e-05
1.25068e-05
1.25068e-05
1.25068e-05
1.25068e-05
1.25068e-05
1.25068e-05
1.25068e-05
1.25068e-05
1.25069e-05
1.25067e-05
1.25069e-05
1.25066e-05
1.2507e-05
1.25066e-05
1.2507e-05
1.25066e-05
1.25072e-05
1.25064e-05
1.25074e-05
1.25063e-05
1.25077e-05
1.25061e-05
1.25078e-05
1.25049e-05
1.25048e-05
1.24936e-05
1.24669e-05
1.24429e-05
1.32382e-05
1.32612e-05
1.32878e-05
1.32982e-05
1.32978e-05
1.33008e-05
1.32989e-05
1.33005e-05
1.32991e-05
1.33002e-05
1.32992e-05
1.33e-05
1.32993e-05
1.32998e-05
1.32994e-05
1.32997e-05
1.32994e-05
1.32997e-05
1.32995e-05
1.32997e-05
1.32995e-05
1.32996e-05
1.32995e-05
1.32996e-05
1.32996e-05
1.32996e-05
1.32996e-05
1.32995e-05
1.32996e-05
1.32995e-05
1.32997e-05
1.32995e-05
1.32997e-05
1.32994e-05
1.32998e-05
1.32994e-05
1.32998e-05
1.32993e-05
1.33e-05
1.32992e-05
1.33002e-05
1.32991e-05
1.33005e-05
1.32989e-05
1.33008e-05
1.32978e-05
1.32982e-05
1.32878e-05
1.32612e-05
1.32382e-05
1.29438e-05
1.29653e-05
1.29919e-05
1.30016e-05
1.30011e-05
1.30039e-05
1.3002e-05
1.30037e-05
1.30021e-05
1.30033e-05
1.30023e-05
1.30031e-05
1.30024e-05
1.30029e-05
1.30025e-05
1.30028e-05
1.30025e-05
1.30028e-05
1.30026e-05
1.30027e-05
1.30026e-05
1.30027e-05
1.30026e-05
1.30027e-05
1.30027e-05
1.30027e-05
1.30027e-05
1.30026e-05
1.30027e-05
1.30026e-05
1.30027e-05
1.30026e-05
1.30028e-05
1.30025e-05
1.30028e-05
1.30025e-05
1.30029e-05
1.30024e-05
1.30031e-05
1.30023e-05
1.30033e-05
1.30021e-05
1.30036e-05
1.3002e-05
1.30039e-05
1.30011e-05
1.30016e-05
1.29919e-05
1.29653e-05
1.29438e-05
1.21495e-05
1.21701e-05
1.21969e-05
1.22063e-05
1.22058e-05
1.22085e-05
1.22066e-05
1.22082e-05
1.22067e-05
1.22078e-05
1.22068e-05
1.22076e-05
1.2207e-05
1.22075e-05
1.2207e-05
1.22074e-05
1.22071e-05
1.22073e-05
1.22071e-05
1.22073e-05
1.22072e-05
1.22072e-05
1.22072e-05
1.22072e-05
1.22072e-05
1.22072e-05
1.22072e-05
1.22072e-05
1.22072e-05
1.22072e-05
1.22073e-05
1.22071e-05
1.22073e-05
1.22071e-05
1.22074e-05
1.2207e-05
1.22075e-05
1.2207e-05
1.22076e-05
1.22068e-05
1.22078e-05
1.22067e-05
1.22082e-05
1.22066e-05
1.22085e-05
1.22058e-05
1.22063e-05
1.21969e-05
1.21701e-05
1.21495e-05
1.11876e-05
1.12075e-05
1.12347e-05
1.1244e-05
1.12436e-05
1.12463e-05
1.12444e-05
1.1246e-05
1.12445e-05
1.12456e-05
1.12446e-05
1.12454e-05
1.12448e-05
1.12452e-05
1.12448e-05
1.12452e-05
1.12449e-05
1.12451e-05
1.12449e-05
1.12451e-05
1.1245e-05
1.1245e-05
1.1245e-05
1.1245e-05
1.1245e-05
1.1245e-05
1.1245e-05
1.1245e-05
1.1245e-05
1.1245e-05
1.12451e-05
1.12449e-05
1.12451e-05
1.12449e-05
1.12452e-05
1.12448e-05
1.12452e-05
1.12448e-05
1.12454e-05
1.12446e-05
1.12456e-05
1.12445e-05
1.1246e-05
1.12444e-05
1.12463e-05
1.12436e-05
1.1244e-05
1.12347e-05
1.12075e-05
1.11876e-05
1.02211e-05
1.02406e-05
1.02682e-05
1.02776e-05
1.02775e-05
1.02801e-05
1.02782e-05
1.02798e-05
1.02783e-05
1.02794e-05
1.02784e-05
1.02792e-05
1.02786e-05
1.0279e-05
1.02786e-05
1.0279e-05
1.02786e-05
1.02789e-05
1.02787e-05
1.02789e-05
1.02787e-05
1.02788e-05
1.02788e-05
1.02788e-05
1.02788e-05
1.02788e-05
1.02788e-05
1.02788e-05
1.02788e-05
1.02787e-05
1.02789e-05
1.02787e-05
1.02789e-05
1.02786e-05
1.0279e-05
1.02786e-05
1.0279e-05
1.02786e-05
1.02792e-05
1.02784e-05
1.02794e-05
1.02783e-05
1.02798e-05
1.02782e-05
1.02801e-05
1.02775e-05
1.02776e-05
1.02682e-05
1.02406e-05
1.02211e-05
9.31983e-06
9.33927e-06
9.36726e-06
9.37687e-06
9.37694e-06
9.37954e-06
9.3777e-06
9.37921e-06
9.37777e-06
9.37883e-06
9.37788e-06
9.37862e-06
9.37798e-06
9.37846e-06
9.37805e-06
9.37838e-06
9.37808e-06
9.37833e-06
9.37814e-06
9.37829e-06
9.37817e-06
9.37825e-06
9.37818e-06
9.37822e-06
9.37821e-06
9.37821e-06
9.37822e-06
9.37818e-06
9.37825e-06
9.37817e-06
9.37829e-06
9.37814e-06
9.37833e-06
9.37808e-06
9.37838e-06
9.37805e-06
9.37846e-06
9.37799e-06
9.37861e-06
9.37788e-06
9.37883e-06
9.37776e-06
9.37921e-06
9.3777e-06
9.37954e-06
9.37694e-06
9.37686e-06
9.36726e-06
9.33927e-06
9.31983e-06
8.47494e-06
8.49401e-06
8.52145e-06
8.53105e-06
8.53137e-06
8.53387e-06
8.53213e-06
8.53356e-06
8.53217e-06
8.53318e-06
8.53227e-06
8.53297e-06
8.53237e-06
8.53282e-06
8.53243e-06
8.53274e-06
8.53245e-06
8.53269e-06
8.53251e-06
8.53265e-06
8.53254e-06
8.53262e-06
8.53255e-06
8.53259e-06
8.53258e-06
8.53258e-06
8.53259e-06
8.53255e-06
8.53262e-06
8.53254e-06
8.53265e-06
8.53251e-06
8.53269e-06
8.53245e-06
8.53274e-06
8.53243e-06
8.53282e-06
8.53237e-06
8.53297e-06
8.53227e-06
8.53318e-06
8.53217e-06
8.53356e-06
8.53213e-06
8.53387e-06
8.53136e-06
8.53105e-06
8.52145e-06
8.49401e-06
8.47494e-06
7.75376e-06
7.77303e-06
7.80057e-06
7.81039e-06
7.81091e-06
7.81341e-06
7.81171e-06
7.8131e-06
7.81174e-06
7.81272e-06
7.81182e-06
7.81251e-06
7.81191e-06
7.81235e-06
7.81197e-06
7.81228e-06
7.81199e-06
7.81223e-06
7.81205e-06
7.81219e-06
7.81208e-06
7.81216e-06
7.81209e-06
7.81213e-06
7.81211e-06
7.81211e-06
7.81213e-06
7.81209e-06
7.81216e-06
7.81208e-06
7.81219e-06
7.81205e-06
7.81223e-06
7.81199e-06
7.81228e-06
7.81197e-06
7.81235e-06
7.81192e-06
7.8125e-06
7.81183e-06
7.81272e-06
7.81173e-06
7.8131e-06
7.81171e-06
7.8134e-06
7.81091e-06
7.81039e-06
7.80056e-06
7.77303e-06
7.75376e-06
7.11545e-06
7.13216e-06
7.15722e-06
7.1665e-06
7.16761e-06
7.16985e-06
7.1685e-06
7.16965e-06
7.16849e-06
7.16929e-06
7.16854e-06
7.1691e-06
7.1686e-06
7.16896e-06
7.16864e-06
7.16889e-06
7.16865e-06
7.16885e-06
7.1687e-06
7.16881e-06
7.16872e-06
7.16878e-06
7.16873e-06
7.16876e-06
7.16875e-06
7.16875e-06
7.16876e-06
7.16873e-06
7.16878e-06
7.16872e-06
7.16881e-06
7.1687e-06
7.16885e-06
7.16865e-06
7.16889e-06
7.16864e-06
7.16896e-06
7.1686e-06
7.16909e-06
7.16854e-06
7.16929e-06
7.16849e-06
7.16964e-06
7.1685e-06
7.16984e-06
7.16761e-06
7.1665e-06
7.15722e-06
7.13216e-06
7.11545e-06
6.53666e-06
6.55316e-06
6.5773e-06
6.5865e-06
6.58781e-06
6.58996e-06
6.58871e-06
6.58978e-06
6.58869e-06
6.58943e-06
6.58872e-06
6.58924e-06
6.58877e-06
6.58911e-06
6.58881e-06
6.58904e-06
6.58882e-06
6.589e-06
6.58886e-06
6.58897e-06
6.58888e-06
6.58894e-06
6.58889e-06
6.58892e-06
6.58891e-06
6.58891e-06
6.58892e-06
6.58889e-06
6.58894e-06
6.58888e-06
6.58897e-06
6.58886e-06
6.589e-06
6.58882e-06
6.58904e-06
6.58881e-06
6.58911e-06
6.58878e-06
6.58924e-06
6.58873e-06
6.58943e-06
6.58869e-06
6.58978e-06
6.58871e-06
6.58995e-06
6.58781e-06
6.5865e-06
6.57729e-06
6.55316e-06
6.53666e-06
6.04701e-06
6.06361e-06
6.08725e-06
6.0965e-06
6.098e-06
6.10011e-06
6.09894e-06
6.09995e-06
6.0989e-06
6.0996e-06
6.09892e-06
6.09941e-06
6.09897e-06
6.09928e-06
6.09899e-06
6.09922e-06
6.099e-06
6.09918e-06
6.09905e-06
6.09915e-06
6.09906e-06
6.09912e-06
6.09907e-06
6.0991e-06
6.09909e-06
6.09909e-06
6.0991e-06
6.09907e-06
6.09912e-06
6.09906e-06
6.09915e-06
6.09905e-06
6.09918e-06
6.099e-06
6.09922e-06
6.09899e-06
6.09928e-06
6.09897e-06
6.09941e-06
6.09893e-06
6.09961e-06
6.0989e-06
6.09995e-06
6.09894e-06
6.10011e-06
6.098e-06
6.0965e-06
6.08725e-06
6.06361e-06
6.04701e-06
5.60112e-06
5.61852e-06
5.64238e-06
5.65218e-06
5.65403e-06
5.65621e-06
5.65509e-06
5.65607e-06
5.65503e-06
5.6557e-06
5.65503e-06
5.6555e-06
5.65506e-06
5.65537e-06
5.65508e-06
5.6553e-06
5.65509e-06
5.65526e-06
5.65513e-06
5.65523e-06
5.65515e-06
5.6552e-06
5.65515e-06
5.65518e-06
5.65517e-06
5.65517e-06
5.65518e-06
5.65515e-06
5.6552e-06
5.65515e-06
5.65523e-06
5.65513e-06
5.65526e-06
5.65509e-06
5.6553e-06
5.65508e-06
5.65537e-06
5.65506e-06
5.6555e-06
5.65504e-06
5.65571e-06
5.65503e-06
5.65607e-06
5.65509e-06
5.6562e-06
5.65403e-06
5.65217e-06
5.64237e-06
5.61852e-06
5.60112e-06
5.22081e-06
5.23839e-06
5.26162e-06
5.27142e-06
5.27344e-06
5.27558e-06
5.27454e-06
5.27546e-06
5.27447e-06
5.2751e-06
5.27446e-06
5.2749e-06
5.27448e-06
5.27476e-06
5.27449e-06
5.27469e-06
5.27449e-06
5.27466e-06
5.27453e-06
5.27463e-06
5.27455e-06
5.2746e-06
5.27455e-06
5.27458e-06
5.27457e-06
5.27457e-06
5.27458e-06
5.27455e-06
5.2746e-06
5.27455e-06
5.27462e-06
5.27453e-06
5.27466e-06
5.27449e-06
5.2747e-06
5.27449e-06
5.27476e-06
5.27448e-06
5.27489e-06
5.27446e-06
5.2751e-06
5.27447e-06
5.27546e-06
5.27454e-06
5.27558e-06
5.27344e-06
5.27142e-06
5.26162e-06
5.23839e-06
5.22081e-06
4.87162e-06
4.89021e-06
4.91376e-06
4.924e-06
4.92611e-06
4.92832e-06
4.92724e-06
4.92819e-06
4.92716e-06
4.92781e-06
4.92715e-06
4.9276e-06
4.92717e-06
4.92746e-06
4.92719e-06
4.92739e-06
4.92719e-06
4.92736e-06
4.92723e-06
4.92733e-06
4.92725e-06
4.9273e-06
4.92725e-06
4.92728e-06
4.92727e-06
4.92727e-06
4.92728e-06
4.92725e-06
4.9273e-06
4.92725e-06
4.92732e-06
4.92723e-06
4.92736e-06
4.92719e-06
4.9274e-06
4.92719e-06
4.92746e-06
4.92717e-06
4.9276e-06
4.92715e-06
4.92781e-06
4.92716e-06
4.92819e-06
4.92724e-06
4.92832e-06
4.92611e-06
4.92399e-06
4.91376e-06
4.89021e-06
4.87162e-06
4.56089e-06
4.57965e-06
4.60221e-06
4.61229e-06
4.61452e-06
4.61666e-06
4.61566e-06
4.61654e-06
4.61558e-06
4.61617e-06
4.61555e-06
4.61597e-06
4.61556e-06
4.61583e-06
4.61557e-06
4.61577e-06
4.61557e-06
4.61573e-06
4.61561e-06
4.6157e-06
4.61562e-06
4.61567e-06
4.61563e-06
4.61565e-06
4.61564e-06
4.61564e-06
4.61565e-06
4.61563e-06
4.61567e-06
4.61562e-06
4.6157e-06
4.61561e-06
4.61573e-06
4.61557e-06
4.61577e-06
4.61557e-06
4.61583e-06
4.61556e-06
4.61596e-06
4.61555e-06
4.61617e-06
4.61558e-06
4.61654e-06
4.61566e-06
4.61666e-06
4.61452e-06
4.61229e-06
4.60221e-06
4.57965e-06
4.56089e-06
4.29414e-06
4.31338e-06
4.33526e-06
4.34528e-06
4.34761e-06
4.34972e-06
4.34878e-06
4.34962e-06
4.34869e-06
4.34925e-06
4.34865e-06
4.34904e-06
4.34865e-06
4.34891e-06
4.34866e-06
4.34884e-06
4.34866e-06
4.34881e-06
4.34869e-06
4.34878e-06
4.34871e-06
4.34875e-06
4.34871e-06
4.34873e-06
4.34872e-06
4.34872e-06
4.34873e-06
4.34871e-06
4.34875e-06
4.34871e-06
4.34878e-06
4.34869e-06
4.34881e-06
4.34866e-06
4.34884e-06
4.34866e-06
4.34891e-06
4.34865e-06
4.34904e-06
4.34865e-06
4.34925e-06
4.34869e-06
4.34962e-06
4.34878e-06
4.34972e-06
4.34761e-06
4.34527e-06
4.33526e-06
4.31338e-06
4.29414e-06
4.05605e-06
4.07587e-06
4.0971e-06
4.10703e-06
4.10946e-06
4.11153e-06
4.11065e-06
4.11144e-06
4.11054e-06
4.11107e-06
4.1105e-06
4.11087e-06
4.11049e-06
4.11074e-06
4.11049e-06
4.11067e-06
4.11049e-06
4.11064e-06
4.11053e-06
4.11061e-06
4.11054e-06
4.11058e-06
4.11054e-06
4.11056e-06
4.11055e-06
4.11055e-06
4.11056e-06
4.11054e-06
4.11058e-06
4.11054e-06
4.11061e-06
4.11052e-06
4.11063e-06
4.11049e-06
4.11067e-06
4.11049e-06
4.11074e-06
4.11049e-06
4.11087e-06
4.1105e-06
4.11107e-06
4.11054e-06
4.11144e-06
4.11065e-06
4.11153e-06
4.10946e-06
4.10703e-06
4.0971e-06
4.07587e-06
4.05605e-06
3.84302e-06
3.85724e-06
3.87705e-06
3.88668e-06
3.88932e-06
3.89134e-06
3.89058e-06
3.89128e-06
3.89046e-06
3.8909e-06
3.89037e-06
3.89069e-06
3.89035e-06
3.89055e-06
3.89033e-06
3.89049e-06
3.89032e-06
3.89045e-06
3.89035e-06
3.89042e-06
3.89036e-06
3.8904e-06
3.89036e-06
3.89038e-06
3.89037e-06
3.89037e-06
3.89038e-06
3.89036e-06
3.8904e-06
3.89036e-06
3.89042e-06
3.89035e-06
3.89045e-06
3.89032e-06
3.89049e-06
3.89033e-06
3.89055e-06
3.89035e-06
3.89069e-06
3.89038e-06
3.89091e-06
3.89046e-06
3.89128e-06
3.89058e-06
3.89133e-06
3.88932e-06
3.88667e-06
3.87705e-06
3.85724e-06
3.84302e-06
3.65191e-06
3.66639e-06
3.68555e-06
3.69504e-06
3.69774e-06
3.69973e-06
3.69902e-06
3.69968e-06
3.69889e-06
3.6993e-06
3.69879e-06
3.69909e-06
3.69876e-06
3.69895e-06
3.69874e-06
3.69888e-06
3.69873e-06
3.69885e-06
3.69875e-06
3.69882e-06
3.69876e-06
3.6988e-06
3.69876e-06
3.69878e-06
3.69877e-06
3.69877e-06
3.69878e-06
3.69876e-06
3.6988e-06
3.69876e-06
3.69882e-06
3.69875e-06
3.69885e-06
3.69873e-06
3.69889e-06
3.69874e-06
3.69895e-06
3.69876e-06
3.69909e-06
3.6988e-06
3.6993e-06
3.69889e-06
3.69968e-06
3.69902e-06
3.69973e-06
3.69774e-06
3.69503e-06
3.68555e-06
3.66639e-06
3.65191e-06
3.47335e-06
3.48814e-06
3.50697e-06
3.51653e-06
3.51935e-06
3.52135e-06
3.52067e-06
3.52131e-06
3.52052e-06
3.52092e-06
3.52041e-06
3.52069e-06
3.52037e-06
3.52056e-06
3.52035e-06
3.52048e-06
3.52033e-06
3.52045e-06
3.52036e-06
3.52042e-06
3.52036e-06
3.5204e-06
3.52036e-06
3.52038e-06
3.52037e-06
3.52037e-06
3.52038e-06
3.52036e-06
3.5204e-06
3.52036e-06
3.52042e-06
3.52035e-06
3.52045e-06
3.52033e-06
3.52049e-06
3.52035e-06
3.52056e-06
3.52037e-06
3.52069e-06
3.52042e-06
3.52092e-06
3.52052e-06
3.52131e-06
3.52067e-06
3.52135e-06
3.51935e-06
3.51653e-06
3.50697e-06
3.48814e-06
3.47335e-06
3.31187e-06
3.32669e-06
3.34477e-06
3.35411e-06
3.35696e-06
3.35891e-06
3.35828e-06
3.35887e-06
3.35813e-06
3.35848e-06
3.35801e-06
3.35826e-06
3.35795e-06
3.35812e-06
3.35793e-06
3.35805e-06
3.35791e-06
3.35802e-06
3.35793e-06
3.35799e-06
3.35794e-06
3.35797e-06
3.35793e-06
3.35795e-06
3.35795e-06
3.35795e-06
3.35795e-06
3.35794e-06
3.35797e-06
3.35794e-06
3.35799e-06
3.35793e-06
3.35802e-06
3.35791e-06
3.35806e-06
3.35793e-06
3.35812e-06
3.35795e-06
3.35826e-06
3.35801e-06
3.35848e-06
3.35812e-06
3.35887e-06
3.35828e-06
3.35891e-06
3.35696e-06
3.35411e-06
3.34477e-06
3.32669e-06
3.31187e-06
3.16529e-06
3.18013e-06
3.19748e-06
3.2066e-06
3.20946e-06
3.21137e-06
3.21079e-06
3.21134e-06
3.21062e-06
3.21095e-06
3.21049e-06
3.21072e-06
3.21043e-06
3.21059e-06
3.2104e-06
3.21052e-06
3.21038e-06
3.21048e-06
3.2104e-06
3.21046e-06
3.2104e-06
3.21044e-06
3.2104e-06
3.21042e-06
3.21041e-06
3.21041e-06
3.21042e-06
3.2104e-06
3.21044e-06
3.2104e-06
3.21046e-06
3.2104e-06
3.21048e-06
3.21038e-06
3.21052e-06
3.2104e-06
3.21059e-06
3.21043e-06
3.21072e-06
3.21049e-06
3.21095e-06
3.21062e-06
3.21133e-06
3.21079e-06
3.21136e-06
3.20946e-06
3.20659e-06
3.19748e-06
3.18013e-06
3.16529e-06
3.03175e-06
3.04655e-06
3.06326e-06
3.07212e-06
3.075e-06
3.07686e-06
3.07632e-06
3.07683e-06
3.07614e-06
3.07644e-06
3.076e-06
3.07621e-06
3.07593e-06
3.07608e-06
3.0759e-06
3.07601e-06
3.07588e-06
3.07597e-06
3.07589e-06
3.07595e-06
3.0759e-06
3.07593e-06
3.0759e-06
3.07591e-06
3.07591e-06
3.07591e-06
3.07591e-06
3.0759e-06
3.07593e-06
3.0759e-06
3.07595e-06
3.07589e-06
3.07597e-06
3.07588e-06
3.07601e-06
3.0759e-06
3.07608e-06
3.07593e-06
3.07621e-06
3.076e-06
3.07644e-06
3.07614e-06
3.07682e-06
3.07632e-06
3.07685e-06
3.07499e-06
3.07212e-06
3.06325e-06
3.04655e-06
3.03175e-06
2.90963e-06
2.92435e-06
2.94046e-06
2.94907e-06
2.95194e-06
2.95375e-06
2.95325e-06
2.95373e-06
2.95307e-06
2.95334e-06
2.95292e-06
2.95311e-06
2.95284e-06
2.95298e-06
2.9528e-06
2.95291e-06
2.95278e-06
2.95287e-06
2.9528e-06
2.95285e-06
2.9528e-06
2.95283e-06
2.9528e-06
2.95281e-06
2.95281e-06
2.95281e-06
2.95281e-06
2.9528e-06
2.95283e-06
2.9528e-06
2.95285e-06
2.9528e-06
2.95287e-06
2.95278e-06
2.95291e-06
2.9528e-06
2.95298e-06
2.95284e-06
2.95311e-06
2.95292e-06
2.95334e-06
2.95307e-06
2.95372e-06
2.95325e-06
2.95375e-06
2.95194e-06
2.94907e-06
2.94046e-06
2.92435e-06
2.90962e-06
2.79752e-06
2.81212e-06
2.82769e-06
2.83604e-06
2.83889e-06
2.84066e-06
2.84019e-06
2.84063e-06
2.84e-06
2.84024e-06
2.83984e-06
2.84001e-06
2.83975e-06
2.83988e-06
2.83971e-06
2.83981e-06
2.83969e-06
2.83977e-06
2.8397e-06
2.83975e-06
2.8397e-06
2.83973e-06
2.8397e-06
2.83971e-06
2.83971e-06
2.83971e-06
2.83971e-06
2.8397e-06
2.83973e-06
2.8397e-06
2.83975e-06
2.8397e-06
2.83977e-06
2.83969e-06
2.83981e-06
2.83971e-06
2.83988e-06
2.83975e-06
2.84001e-06
2.83984e-06
2.84024e-06
2.84e-06
2.84063e-06
2.84019e-06
2.84065e-06
2.83888e-06
2.83603e-06
2.82769e-06
2.81212e-06
2.79752e-06
2.6942e-06
2.70865e-06
2.72371e-06
2.73179e-06
2.73462e-06
2.73634e-06
2.73591e-06
2.73631e-06
2.73571e-06
2.73592e-06
2.73553e-06
2.73569e-06
2.73544e-06
2.73556e-06
2.7354e-06
2.73549e-06
2.73537e-06
2.73545e-06
2.73538e-06
2.73543e-06
2.73538e-06
2.73541e-06
2.73538e-06
2.7354e-06
2.73539e-06
2.73539e-06
2.7354e-06
2.73538e-06
2.73541e-06
2.73539e-06
2.73543e-06
2.73538e-06
2.73545e-06
2.73538e-06
2.73549e-06
2.7354e-06
2.73556e-06
2.73544e-06
2.73569e-06
2.73554e-06
2.73592e-06
2.73571e-06
2.73631e-06
2.7359e-06
2.73634e-06
2.73462e-06
2.73179e-06
2.7237e-06
2.70865e-06
2.6942e-06
2.59861e-06
2.61288e-06
2.62746e-06
2.63529e-06
2.63808e-06
2.63976e-06
2.63935e-06
2.63972e-06
2.63914e-06
2.63933e-06
2.63896e-06
2.6391e-06
2.63886e-06
2.63896e-06
2.63881e-06
2.63889e-06
2.63879e-06
2.63886e-06
2.63879e-06
2.63884e-06
2.63879e-06
2.63882e-06
2.63879e-06
2.6388e-06
2.6388e-06
2.6388e-06
2.6388e-06
2.63879e-06
2.63882e-06
2.63879e-06
2.63884e-06
2.63879e-06
2.63886e-06
2.63879e-06
2.63889e-06
2.63881e-06
2.63896e-06
2.63886e-06
2.6391e-06
2.63896e-06
2.63933e-06
2.63914e-06
2.63972e-06
2.63934e-06
2.63976e-06
2.63808e-06
2.63528e-06
2.62746e-06
2.61288e-06
2.59861e-06
2.50985e-06
2.52391e-06
2.53803e-06
2.5456e-06
2.54835e-06
2.54999e-06
2.5496e-06
2.54994e-06
2.54938e-06
2.54955e-06
2.54919e-06
2.54932e-06
2.54909e-06
2.54918e-06
2.54903e-06
2.54911e-06
2.54901e-06
2.54908e-06
2.54901e-06
2.54905e-06
2.54901e-06
2.54903e-06
2.54901e-06
2.54902e-06
2.54902e-06
2.54902e-06
2.54902e-06
2.54901e-06
2.54903e-06
2.54901e-06
2.54905e-06
2.54901e-06
2.54908e-06
2.54901e-06
2.54911e-06
2.54903e-06
2.54918e-06
2.54909e-06
2.54932e-06
2.54919e-06
2.54955e-06
2.54938e-06
2.54994e-06
2.54959e-06
2.54998e-06
2.54835e-06
2.5456e-06
2.53802e-06
2.52391e-06
2.50985e-06
2.42711e-06
2.44094e-06
2.45462e-06
2.46194e-06
2.46464e-06
2.46624e-06
2.46586e-06
2.46618e-06
2.46564e-06
2.46579e-06
2.46544e-06
2.46555e-06
2.46533e-06
2.46541e-06
2.46527e-06
2.46534e-06
2.46524e-06
2.46531e-06
2.46525e-06
2.46529e-06
2.46525e-06
2.46527e-06
2.46524e-06
2.46526e-06
2.46525e-06
2.46525e-06
2.46526e-06
2.46524e-06
2.46527e-06
2.46525e-06
2.46529e-06
2.46525e-06
2.46531e-06
2.46524e-06
2.46534e-06
2.46527e-06
2.46541e-06
2.46533e-06
2.46555e-06
2.46544e-06
2.46579e-06
2.46564e-06
2.46618e-06
2.46586e-06
2.46623e-06
2.46464e-06
2.46194e-06
2.45461e-06
2.44093e-06
2.42711e-06
2.34971e-06
2.36328e-06
2.37654e-06
2.38362e-06
2.38627e-06
2.38782e-06
2.38746e-06
2.38776e-06
2.38723e-06
2.38736e-06
2.38702e-06
2.38712e-06
2.3869e-06
2.38698e-06
2.38684e-06
2.38691e-06
2.38681e-06
2.38687e-06
2.38681e-06
2.38685e-06
2.38681e-06
2.38683e-06
2.38681e-06
2.38682e-06
2.38682e-06
2.38682e-06
2.38682e-06
2.38681e-06
2.38683e-06
2.38681e-06
2.38685e-06
2.38681e-06
2.38687e-06
2.38681e-06
2.38691e-06
2.38684e-06
2.38698e-06
2.3869e-06
2.38712e-06
2.38702e-06
2.38736e-06
2.38722e-06
2.38775e-06
2.38746e-06
2.38781e-06
2.38626e-06
2.38362e-06
2.37654e-06
2.36328e-06
2.34971e-06
2.27706e-06
2.29034e-06
2.3032e-06
2.31005e-06
2.31263e-06
2.31414e-06
2.31379e-06
2.31407e-06
2.31355e-06
2.31367e-06
2.31333e-06
2.31342e-06
2.31321e-06
2.31328e-06
2.31315e-06
2.31321e-06
2.31312e-06
2.31318e-06
2.31312e-06
2.31316e-06
2.31312e-06
2.31314e-06
2.31311e-06
2.31313e-06
2.31312e-06
2.31312e-06
2.31313e-06
2.31311e-06
2.31314e-06
2.31312e-06
2.31316e-06
2.31312e-06
2.31318e-06
2.31312e-06
2.31321e-06
2.31315e-06
2.31328e-06
2.31321e-06
2.31342e-06
2.31333e-06
2.31367e-06
2.31355e-06
2.31407e-06
2.31379e-06
2.31414e-06
2.31263e-06
2.31005e-06
2.3032e-06
2.29034e-06
2.27706e-06
2.20865e-06
2.22161e-06
2.2341e-06
2.24071e-06
2.24323e-06
2.24469e-06
2.24436e-06
2.24461e-06
2.2441e-06
2.2442e-06
2.24388e-06
2.24396e-06
2.24375e-06
2.24382e-06
2.24369e-06
2.24374e-06
2.24365e-06
2.24371e-06
2.24365e-06
2.24369e-06
2.24365e-06
2.24367e-06
2.24365e-06
2.24366e-06
2.24365e-06
2.24365e-06
2.24366e-06
2.24365e-06
2.24367e-06
2.24365e-06
2.24369e-06
2.24365e-06
2.24371e-06
2.24366e-06
2.24374e-06
2.24369e-06
2.24382e-06
2.24375e-06
2.24396e-06
2.24388e-06
2.2442e-06
2.2441e-06
2.24461e-06
2.24436e-06
2.24469e-06
2.24323e-06
2.24071e-06
2.23409e-06
2.22161e-06
2.20865e-06
2.14404e-06
2.15665e-06
2.16878e-06
2.17517e-06
2.17762e-06
2.17903e-06
2.17871e-06
2.17893e-06
2.17844e-06
2.17852e-06
2.17821e-06
2.17828e-06
2.17808e-06
2.17814e-06
2.17801e-06
2.17806e-06
2.17798e-06
2.17803e-06
2.17797e-06
2.17801e-06
2.17797e-06
2.17799e-06
2.17797e-06
2.17798e-06
2.17797e-06
2.17797e-06
2.17798e-06
2.17797e-06
2.17799e-06
2.17797e-06
2.17801e-06
2.17797e-06
2.17803e-06
2.17798e-06
2.17806e-06
2.17801e-06
2.17814e-06
2.17808e-06
2.17828e-06
2.17821e-06
2.17852e-06
2.17844e-06
2.17893e-06
2.1787e-06
2.17903e-06
2.17762e-06
2.17517e-06
2.16877e-06
2.15665e-06
2.14404e-06
2.08286e-06
2.09507e-06
2.10686e-06
2.11303e-06
2.11541e-06
2.11677e-06
2.11646e-06
2.11666e-06
2.11618e-06
2.11625e-06
2.11594e-06
2.116e-06
2.1158e-06
2.11586e-06
2.11573e-06
2.11578e-06
2.1157e-06
2.11575e-06
2.1157e-06
2.11573e-06
2.11569e-06
2.11571e-06
2.11569e-06
2.1157e-06
2.11569e-06
2.11569e-06
2.1157e-06
2.11569e-06
2.11571e-06
2.11569e-06
2.11573e-06
2.1157e-06
2.11575e-06
2.1157e-06
2.11578e-06
2.11573e-06
2.11586e-06
2.1158e-06
2.116e-06
2.11594e-06
2.11625e-06
2.11618e-06
2.11666e-06
2.11645e-06
2.11677e-06
2.11541e-06
2.11303e-06
2.10686e-06
2.09507e-06
2.08285e-06
2.02472e-06
2.03658e-06
2.04802e-06
2.05397e-06
2.05627e-06
2.05759e-06
2.05728e-06
2.05746e-06
2.05699e-06
2.05705e-06
2.05674e-06
2.0568e-06
2.0566e-06
2.05665e-06
2.05653e-06
2.05658e-06
2.05649e-06
2.05654e-06
2.05649e-06
2.05652e-06
2.05649e-06
2.0565e-06
2.05648e-06
2.05649e-06
2.05649e-06
2.05649e-06
2.05649e-06
2.05648e-06
2.0565e-06
2.05649e-06
2.05652e-06
2.05649e-06
2.05654e-06
2.0565e-06
2.05658e-06
2.05653e-06
2.05665e-06
2.0566e-06
2.05679e-06
2.05674e-06
2.05705e-06
2.05699e-06
2.05746e-06
2.05728e-06
2.05759e-06
2.05627e-06
2.05397e-06
2.04802e-06
2.03658e-06
2.02472e-06
)
;

boundaryField
{
    fuel
    {
        type            fixedValue;
        value           uniform 0;
    }
    wall
    {
        type            zeroGradient;
    }
    outlet
    {
        type            zeroGradient;
    }
    frontAndBack
    {
        type            empty;
    }
    procBoundary1to0
    {
        type            processor;
        value           nonuniform List<scalar> 
50
(
1.96936e-06
1.98088e-06
1.99196e-06
1.9977e-06
1.99993e-06
2.0012e-06
2.00089e-06
2.00105e-06
2.00059e-06
2.00063e-06
2.00033e-06
2.00038e-06
2.00019e-06
2.00023e-06
2.00011e-06
2.00016e-06
2.00008e-06
2.00012e-06
2.00007e-06
2.0001e-06
2.00007e-06
2.00008e-06
2.00006e-06
2.00007e-06
2.00007e-06
2.00007e-06
2.00007e-06
2.00006e-06
2.00008e-06
2.00007e-06
2.0001e-06
2.00007e-06
2.00012e-06
2.00008e-06
2.00016e-06
2.00011e-06
2.00023e-06
2.00019e-06
2.00038e-06
2.00034e-06
2.00063e-06
2.00059e-06
2.00105e-06
2.00089e-06
2.00119e-06
1.99992e-06
1.9977e-06
1.99196e-06
1.98088e-06
1.96936e-06
)
;
    }
}


// ************************************************************************* //
