/*--------------------------------*- C++ -*----------------------------------*\
| =========                 |                                                 |
| \\      /  F ield         | OpenFOAM: The Open Source CFD Toolbox           |
|  \\    /   O peration     | Version:  dev                                   |
|   \\  /    A nd           | Web:      www.OpenFOAM.org                      |
|    \\/     M anipulation  |                                                 |
\*---------------------------------------------------------------------------*/
FoamFile
{
    version     2.0;
    format      ascii;
    class       volScalarField;
    location    "0.02";
    object      C5H3;
}
// * * * * * * * * * * * * * * * * * * * * * * * * * * * * * * * * * * * * * //

dimensions      [0 0 0 0 0 0 0];

internalField   nonuniform List<scalar> 
1989
(
2.84909e-07
2.83524e-07
2.82438e-07
2.81539e-07
2.80693e-07
2.80086e-07
2.79543e-07
2.79083e-07
2.78731e-07
2.78404e-07
2.78165e-07
2.77955e-07
2.77825e-07
2.77749e-07
2.77742e-07
2.77807e-07
2.7793e-07
2.78125e-07
2.78361e-07
2.78682e-07
2.79037e-07
2.79494e-07
2.80045e-07
2.80656e-07
2.8152e-07
2.82428e-07
2.83533e-07
2.84938e-07
2.86692e-07
2.88943e-07
2.91801e-07
2.95372e-07
2.9951e-07
3.04693e-07
3.11665e-07
3.20898e-07
3.3288e-07
3.46685e-07
3.58422e-07
3.50191e-07
3.38797e-07
3.24844e-07
3.13194e-07
3.04075e-07
2.97198e-07
2.9222e-07
2.88159e-07
2.84668e-07
2.81849e-07
2.79645e-07
2.77983e-07
2.76611e-07
2.75532e-07
2.74638e-07
2.73792e-07
2.7319e-07
2.72652e-07
2.72195e-07
2.71845e-07
2.71521e-07
2.71284e-07
2.71077e-07
2.70948e-07
2.70873e-07
2.70866e-07
2.7093e-07
2.71052e-07
2.71245e-07
2.71479e-07
2.71797e-07
2.72151e-07
2.72604e-07
2.73149e-07
2.73753e-07
2.74622e-07
2.75523e-07
2.7662e-07
2.78013e-07
2.79751e-07
2.81976e-07
2.84797e-07
2.88317e-07
2.92386e-07
2.97488e-07
3.04318e-07
3.1335e-07
3.25145e-07
3.38886e-07
3.50434e-07
3.42402e-07
3.31079e-07
3.17286e-07
3.0577e-07
2.96813e-07
2.9013e-07
2.85175e-07
2.81165e-07
2.77721e-07
2.74977e-07
2.72801e-07
2.71153e-07
2.69795e-07
2.68726e-07
2.67836e-07
2.66995e-07
2.66398e-07
2.65866e-07
2.65415e-07
2.65068e-07
2.64748e-07
2.64513e-07
2.64309e-07
2.64182e-07
2.64107e-07
2.64101e-07
2.64164e-07
2.64284e-07
2.64474e-07
2.64706e-07
2.65021e-07
2.65371e-07
2.6582e-07
2.66359e-07
2.66956e-07
2.67823e-07
2.68718e-07
2.69805e-07
2.71185e-07
2.72904e-07
2.75102e-07
2.77886e-07
2.81315e-07
2.85336e-07
2.90412e-07
2.97057e-07
3.05942e-07
3.17581e-07
3.31162e-07
3.42644e-07
3.34782e-07
3.23391e-07
3.09857e-07
2.98438e-07
2.89648e-07
2.83171e-07
2.78202e-07
2.74272e-07
2.70885e-07
2.68158e-07
2.66001e-07
2.64352e-07
2.63001e-07
2.61937e-07
2.61048e-07
2.60209e-07
2.59616e-07
2.5909e-07
2.5864e-07
2.58296e-07
2.57978e-07
2.57744e-07
2.57542e-07
2.57416e-07
2.57342e-07
2.57336e-07
2.57398e-07
2.57517e-07
2.57706e-07
2.57937e-07
2.58249e-07
2.58597e-07
2.59044e-07
2.59578e-07
2.6017e-07
2.61038e-07
2.6193e-07
2.63012e-07
2.64385e-07
2.66093e-07
2.68275e-07
2.71037e-07
2.74423e-07
2.78364e-07
2.83444e-07
2.89895e-07
2.98624e-07
3.10142e-07
3.23475e-07
3.35024e-07
3.27143e-07
3.15795e-07
3.02484e-07
2.91075e-07
2.82452e-07
2.76169e-07
2.71128e-07
2.67282e-07
2.63946e-07
2.6125e-07
2.59125e-07
2.57493e-07
2.56159e-07
2.55106e-07
2.54227e-07
2.53395e-07
2.52811e-07
2.52293e-07
2.5185e-07
2.51511e-07
2.51198e-07
2.50967e-07
2.50768e-07
2.50644e-07
2.50572e-07
2.50566e-07
2.50627e-07
2.50744e-07
2.5093e-07
2.51157e-07
2.51465e-07
2.51808e-07
2.52248e-07
2.52773e-07
2.53358e-07
2.54216e-07
2.55101e-07
2.56172e-07
2.57528e-07
2.59215e-07
2.61366e-07
2.64092e-07
2.67435e-07
2.71289e-07
2.76435e-07
2.82702e-07
2.91273e-07
3.02757e-07
3.159e-07
3.27392e-07
3.19341e-07
3.08074e-07
2.95053e-07
2.83664e-07
2.75247e-07
2.69185e-07
2.64199e-07
2.60451e-07
2.57168e-07
2.54509e-07
2.52416e-07
2.50804e-07
2.49488e-07
2.4845e-07
2.47581e-07
2.46758e-07
2.46185e-07
2.45677e-07
2.45242e-07
2.44908e-07
2.44601e-07
2.44374e-07
2.44179e-07
2.44057e-07
2.43986e-07
2.4398e-07
2.4404e-07
2.44154e-07
2.44337e-07
2.44561e-07
2.44864e-07
2.45201e-07
2.45634e-07
2.46149e-07
2.46724e-07
2.47571e-07
2.48446e-07
2.49502e-07
2.5084e-07
2.52504e-07
2.54625e-07
2.57311e-07
2.60605e-07
2.64361e-07
2.69446e-07
2.755e-07
2.83872e-07
2.95311e-07
3.08194e-07
3.19591e-07
3.1149e-07
3.00387e-07
2.87675e-07
2.7626e-07
2.68264e-07
2.62327e-07
2.57256e-07
2.53562e-07
2.50304e-07
2.47671e-07
2.45605e-07
2.44013e-07
2.42719e-07
2.41701e-07
2.40851e-07
2.40043e-07
2.39489e-07
2.39001e-07
2.38583e-07
2.3826e-07
2.37964e-07
2.37745e-07
2.37556e-07
2.37439e-07
2.3737e-07
2.37364e-07
2.37422e-07
2.37532e-07
2.37709e-07
2.37925e-07
2.38217e-07
2.38541e-07
2.38961e-07
2.39456e-07
2.40013e-07
2.40842e-07
2.417e-07
2.42736e-07
2.44053e-07
2.45693e-07
2.47788e-07
2.50448e-07
2.5372e-07
2.57423e-07
2.62584e-07
2.6852e-07
2.76477e-07
2.87917e-07
3.00526e-07
3.11736e-07
3.03611e-07
2.9265e-07
2.80333e-07
2.69049e-07
2.61231e-07
2.55425e-07
2.50352e-07
2.46718e-07
2.43511e-07
2.40918e-07
2.38887e-07
2.37319e-07
2.36047e-07
2.35047e-07
2.34213e-07
2.33416e-07
2.32878e-07
2.32403e-07
2.31994e-07
2.31678e-07
2.31389e-07
2.31175e-07
2.30991e-07
2.30876e-07
2.30809e-07
2.30803e-07
2.30859e-07
2.30966e-07
2.31139e-07
2.3135e-07
2.31636e-07
2.31953e-07
2.32364e-07
2.32847e-07
2.33388e-07
2.34204e-07
2.35048e-07
2.36066e-07
2.37361e-07
2.38975e-07
2.41036e-07
2.43654e-07
2.46878e-07
2.5052e-07
2.55678e-07
2.61487e-07
2.69276e-07
2.80565e-07
2.92805e-07
3.03851e-07
2.95734e-07
2.85097e-07
2.73055e-07
2.6188e-07
2.54204e-07
2.48448e-07
2.43355e-07
2.39745e-07
2.36577e-07
2.34021e-07
2.32026e-07
2.30484e-07
2.29238e-07
2.2826e-07
2.27448e-07
2.26669e-07
2.26154e-07
2.25698e-07
2.25305e-07
2.25e-07
2.2472e-07
2.24514e-07
2.24337e-07
2.24226e-07
2.24161e-07
2.24155e-07
2.2421e-07
2.24312e-07
2.24479e-07
2.24682e-07
2.24958e-07
2.25265e-07
2.25661e-07
2.26126e-07
2.26645e-07
2.27441e-07
2.28264e-07
2.29259e-07
2.30529e-07
2.32114e-07
2.34141e-07
2.36722e-07
2.39909e-07
2.43528e-07
2.48702e-07
2.54453e-07
2.62119e-07
2.73278e-07
2.85267e-07
2.95965e-07
2.88026e-07
2.77509e-07
2.6567e-07
2.54586e-07
2.46994e-07
2.41273e-07
2.36272e-07
2.32691e-07
2.29574e-07
2.27064e-07
2.25107e-07
2.23593e-07
2.22374e-07
2.21415e-07
2.20622e-07
2.1986e-07
2.19368e-07
2.18924e-07
2.18541e-07
2.18244e-07
2.17973e-07
2.17773e-07
2.176e-07
2.17493e-07
2.17429e-07
2.17423e-07
2.17476e-07
2.17576e-07
2.17738e-07
2.17935e-07
2.18204e-07
2.18503e-07
2.18888e-07
2.19341e-07
2.19838e-07
2.20616e-07
2.21422e-07
2.22396e-07
2.23641e-07
2.25195e-07
2.27184e-07
2.2972e-07
2.32857e-07
2.36448e-07
2.41524e-07
2.47243e-07
2.54843e-07
2.65878e-07
2.77691e-07
2.88251e-07
2.80232e-07
2.69732e-07
2.58034e-07
2.47198e-07
2.39702e-07
2.34158e-07
2.29282e-07
2.25716e-07
2.22649e-07
2.20187e-07
2.1827e-07
2.16786e-07
2.15594e-07
2.14656e-07
2.13882e-07
2.13143e-07
2.12676e-07
2.12243e-07
2.1187e-07
2.11582e-07
2.11318e-07
2.11125e-07
2.10957e-07
2.10853e-07
2.10792e-07
2.10786e-07
2.10837e-07
2.10933e-07
2.11091e-07
2.11282e-07
2.11543e-07
2.11833e-07
2.12208e-07
2.1265e-07
2.13123e-07
2.13878e-07
2.14666e-07
2.15618e-07
2.16835e-07
2.18358e-07
2.20307e-07
2.22796e-07
2.25884e-07
2.29462e-07
2.34406e-07
2.39951e-07
2.47482e-07
2.58215e-07
2.69927e-07
2.80459e-07
2.72219e-07
2.61821e-07
2.50519e-07
2.39836e-07
2.32466e-07
2.26924e-07
2.22137e-07
2.18584e-07
2.15561e-07
2.13144e-07
2.1127e-07
2.0982e-07
2.08661e-07
2.07748e-07
2.06999e-07
2.06289e-07
2.0586e-07
2.05439e-07
2.05081e-07
2.04805e-07
2.04552e-07
2.04368e-07
2.04207e-07
2.04109e-07
2.0405e-07
2.04044e-07
2.04093e-07
2.04184e-07
2.04335e-07
2.04516e-07
2.04767e-07
2.05045e-07
2.05405e-07
2.05836e-07
2.0627e-07
2.06998e-07
2.07761e-07
2.08687e-07
2.09872e-07
2.11359e-07
2.13266e-07
2.1571e-07
2.18755e-07
2.22322e-07
2.27173e-07
2.32715e-07
2.40165e-07
2.50652e-07
2.62024e-07
2.72448e-07
2.64304e-07
2.53988e-07
2.4281e-07
2.32279e-07
2.25033e-07
2.19674e-07
2.14998e-07
2.11481e-07
2.08509e-07
2.06144e-07
2.04313e-07
2.02897e-07
2.01768e-07
2.00881e-07
2.00152e-07
1.99468e-07
1.98939e-07
1.98524e-07
1.98178e-07
1.97911e-07
1.97668e-07
1.97491e-07
1.97335e-07
1.97241e-07
1.97184e-07
1.97178e-07
1.97225e-07
1.97313e-07
1.97458e-07
1.97633e-07
1.97874e-07
1.98143e-07
1.98491e-07
1.98915e-07
1.9945e-07
2.00154e-07
2.00895e-07
2.01797e-07
2.02952e-07
2.04403e-07
2.06266e-07
2.08659e-07
2.11654e-07
2.15184e-07
2.19922e-07
2.25283e-07
2.32571e-07
2.42984e-07
2.54198e-07
2.64536e-07
2.56255e-07
2.45904e-07
2.35095e-07
2.24698e-07
2.17639e-07
2.12352e-07
2.07779e-07
2.0431e-07
2.0139e-07
1.99079e-07
1.97294e-07
1.95914e-07
1.94815e-07
1.93957e-07
1.93248e-07
1.92592e-07
1.92094e-07
1.91685e-07
1.91351e-07
1.91095e-07
1.9086e-07
1.90691e-07
1.90541e-07
1.90451e-07
1.90396e-07
1.9039e-07
1.90435e-07
1.90519e-07
1.90658e-07
1.90826e-07
1.91059e-07
1.91318e-07
1.91654e-07
1.9207e-07
1.92575e-07
1.93252e-07
1.93973e-07
1.94847e-07
1.95971e-07
1.97385e-07
1.99202e-07
2.01541e-07
2.04484e-07
2.07967e-07
2.12599e-07
2.1789e-07
2.2497e-07
2.3529e-07
2.46122e-07
2.56495e-07
2.48169e-07
2.37827e-07
2.27328e-07
2.16975e-07
2.10057e-07
2.04843e-07
2.00345e-07
1.96931e-07
1.94203e-07
1.91949e-07
1.90212e-07
1.8887e-07
1.87803e-07
1.86974e-07
1.86287e-07
1.8566e-07
1.8519e-07
1.84791e-07
1.8447e-07
1.84224e-07
1.83999e-07
1.83836e-07
1.83693e-07
1.83607e-07
1.83554e-07
1.83548e-07
1.83591e-07
1.83671e-07
1.83805e-07
1.83965e-07
1.84189e-07
1.84438e-07
1.84763e-07
1.85167e-07
1.85644e-07
1.86293e-07
1.86991e-07
1.87837e-07
1.88928e-07
1.90304e-07
1.92072e-07
1.94355e-07
1.97107e-07
2.00534e-07
2.05091e-07
2.10312e-07
2.17237e-07
2.27532e-07
2.3805e-07
2.48413e-07
2.3987e-07
2.29707e-07
2.1939e-07
2.09233e-07
2.02447e-07
1.97371e-07
1.92962e-07
1.89616e-07
1.86951e-07
1.84756e-07
1.83069e-07
1.81766e-07
1.80732e-07
1.79933e-07
1.79268e-07
1.78673e-07
1.78227e-07
1.77843e-07
1.77534e-07
1.77299e-07
1.77084e-07
1.76929e-07
1.76792e-07
1.7671e-07
1.76659e-07
1.76654e-07
1.76695e-07
1.7677e-07
1.76899e-07
1.77051e-07
1.77266e-07
1.77504e-07
1.77817e-07
1.78206e-07
1.78659e-07
1.79276e-07
1.79951e-07
1.80769e-07
1.81826e-07
1.83161e-07
1.8488e-07
1.87103e-07
1.89793e-07
1.93151e-07
1.9762e-07
2.02702e-07
2.0949e-07
2.196e-07
2.29936e-07
2.40117e-07
2.31477e-07
2.21491e-07
2.11277e-07
2.01431e-07
1.94781e-07
1.89831e-07
1.85503e-07
1.82235e-07
1.79637e-07
1.77503e-07
1.75868e-07
1.74605e-07
1.73607e-07
1.72837e-07
1.72197e-07
1.71633e-07
1.71209e-07
1.70845e-07
1.70548e-07
1.70324e-07
1.70118e-07
1.69971e-07
1.69841e-07
1.69763e-07
1.69714e-07
1.69709e-07
1.69748e-07
1.69819e-07
1.69942e-07
1.70087e-07
1.70292e-07
1.70519e-07
1.70819e-07
1.71191e-07
1.71621e-07
1.72206e-07
1.72858e-07
1.73647e-07
1.74668e-07
1.75961e-07
1.77627e-07
1.79789e-07
1.82413e-07
1.85692e-07
1.9008e-07
1.95034e-07
2.0169e-07
2.1149e-07
2.21722e-07
2.31727e-07
2.22988e-07
2.1315e-07
2.03006e-07
1.93603e-07
1.87022e-07
1.82205e-07
1.77996e-07
1.74794e-07
1.72267e-07
1.70197e-07
1.68615e-07
1.67395e-07
1.66432e-07
1.65694e-07
1.65078e-07
1.64545e-07
1.64142e-07
1.63799e-07
1.63515e-07
1.63302e-07
1.63107e-07
1.62967e-07
1.62844e-07
1.6277e-07
1.62724e-07
1.62718e-07
1.62755e-07
1.62823e-07
1.62939e-07
1.63076e-07
1.63271e-07
1.63487e-07
1.63775e-07
1.64126e-07
1.64536e-07
1.65089e-07
1.65716e-07
1.66474e-07
1.67459e-07
1.68709e-07
1.70321e-07
1.72419e-07
1.74972e-07
1.78187e-07
1.82451e-07
1.87267e-07
1.9387e-07
2.03222e-07
2.13383e-07
2.2324e-07
2.14405e-07
2.04696e-07
1.94675e-07
1.85628e-07
1.79214e-07
1.74523e-07
1.70427e-07
1.67301e-07
1.64848e-07
1.62845e-07
1.61318e-07
1.60141e-07
1.59216e-07
1.58509e-07
1.57919e-07
1.57417e-07
1.57034e-07
1.56712e-07
1.56442e-07
1.56242e-07
1.56056e-07
1.55925e-07
1.55807e-07
1.55738e-07
1.55694e-07
1.55689e-07
1.55724e-07
1.55787e-07
1.55897e-07
1.56027e-07
1.56212e-07
1.56416e-07
1.5669e-07
1.5702e-07
1.5741e-07
1.57931e-07
1.58533e-07
1.5926e-07
1.60207e-07
1.61412e-07
1.62969e-07
1.65e-07
1.67479e-07
1.7062e-07
1.74765e-07
1.79447e-07
1.85909e-07
1.94891e-07
2.04929e-07
2.14658e-07
2.05734e-07
1.96139e-07
1.86286e-07
1.77562e-07
1.71288e-07
1.66729e-07
1.62806e-07
1.59766e-07
1.57391e-07
1.55457e-07
1.53986e-07
1.52854e-07
1.51968e-07
1.51291e-07
1.50729e-07
1.50257e-07
1.49894e-07
1.49594e-07
1.49339e-07
1.4915e-07
1.48974e-07
1.48851e-07
1.48741e-07
1.48675e-07
1.48634e-07
1.48629e-07
1.48662e-07
1.48721e-07
1.48825e-07
1.48946e-07
1.49121e-07
1.49313e-07
1.49573e-07
1.49882e-07
1.50253e-07
1.50742e-07
1.51317e-07
1.52014e-07
1.52921e-07
1.54081e-07
1.5558e-07
1.57542e-07
1.59943e-07
1.63e-07
1.66969e-07
1.71524e-07
1.77842e-07
1.86504e-07
1.96372e-07
2.05987e-07
1.96986e-07
1.87419e-07
1.77856e-07
1.69413e-07
1.6333e-07
1.5896e-07
1.55143e-07
1.52199e-07
1.49899e-07
1.48024e-07
1.46617e-07
1.4554e-07
1.44698e-07
1.44053e-07
1.43519e-07
1.43076e-07
1.42733e-07
1.42455e-07
1.42214e-07
1.42037e-07
1.41872e-07
1.41757e-07
1.41653e-07
1.41592e-07
1.41553e-07
1.41548e-07
1.41579e-07
1.41634e-07
1.41732e-07
1.41845e-07
1.4201e-07
1.4219e-07
1.42436e-07
1.42723e-07
1.43074e-07
1.43533e-07
1.4408e-07
1.44745e-07
1.4561e-07
1.46714e-07
1.48149e-07
1.50051e-07
1.52376e-07
1.55337e-07
1.59197e-07
1.63563e-07
1.69699e-07
1.78072e-07
1.87652e-07
1.97238e-07
1.88064e-07
1.78739e-07
1.69466e-07
1.6114e-07
1.55363e-07
1.51171e-07
1.47452e-07
1.44616e-07
1.424e-07
1.40598e-07
1.39251e-07
1.38221e-07
1.37418e-07
1.36807e-07
1.36301e-07
1.35885e-07
1.35563e-07
1.35306e-07
1.3508e-07
1.34916e-07
1.34761e-07
1.34654e-07
1.34557e-07
1.345e-07
1.34464e-07
1.34459e-07
1.34488e-07
1.34538e-07
1.3463e-07
1.34735e-07
1.3489e-07
1.35058e-07
1.35289e-07
1.35555e-07
1.35886e-07
1.36315e-07
1.36834e-07
1.37468e-07
1.38292e-07
1.39348e-07
1.40722e-07
1.42551e-07
1.44791e-07
1.47646e-07
1.51403e-07
1.55594e-07
1.61439e-07
1.69676e-07
1.78968e-07
1.88315e-07
1.79091e-07
1.69995e-07
1.60959e-07
1.52884e-07
1.47411e-07
1.43377e-07
1.39746e-07
1.3703e-07
1.34903e-07
1.33175e-07
1.31889e-07
1.30906e-07
1.30144e-07
1.29565e-07
1.29089e-07
1.287e-07
1.28399e-07
1.28162e-07
1.27951e-07
1.27799e-07
1.27655e-07
1.27556e-07
1.27465e-07
1.27413e-07
1.27379e-07
1.27374e-07
1.27401e-07
1.27447e-07
1.27533e-07
1.2763e-07
1.27775e-07
1.2793e-07
1.28146e-07
1.28392e-07
1.28704e-07
1.29104e-07
1.29594e-07
1.30196e-07
1.30978e-07
1.31986e-07
1.33298e-07
1.35052e-07
1.37204e-07
1.39939e-07
1.43605e-07
1.47637e-07
1.53203e-07
1.61153e-07
1.7022e-07
1.7934e-07
1.70084e-07
1.61207e-07
1.52376e-07
1.44686e-07
1.39435e-07
1.35562e-07
1.32077e-07
1.2946e-07
1.27423e-07
1.25772e-07
1.24547e-07
1.23613e-07
1.22891e-07
1.22345e-07
1.21898e-07
1.21536e-07
1.21255e-07
1.21037e-07
1.20842e-07
1.20702e-07
1.20568e-07
1.20478e-07
1.20393e-07
1.20345e-07
1.20313e-07
1.20309e-07
1.20334e-07
1.20376e-07
1.20456e-07
1.20545e-07
1.2068e-07
1.20823e-07
1.21024e-07
1.21249e-07
1.21541e-07
1.21914e-07
1.22375e-07
1.22943e-07
1.23685e-07
1.24643e-07
1.25894e-07
1.27571e-07
1.29631e-07
1.32269e-07
1.35784e-07
1.39657e-07
1.44982e-07
1.52595e-07
1.61427e-07
1.70331e-07
1.6099e-07
1.52353e-07
1.43914e-07
1.36478e-07
1.31456e-07
1.2776e-07
1.24449e-07
1.21922e-07
1.19979e-07
1.18405e-07
1.17243e-07
1.16357e-07
1.15676e-07
1.15163e-07
1.14746e-07
1.14408e-07
1.14148e-07
1.13949e-07
1.13769e-07
1.13642e-07
1.13518e-07
1.13435e-07
1.13357e-07
1.13314e-07
1.13284e-07
1.13279e-07
1.13302e-07
1.13341e-07
1.13414e-07
1.13496e-07
1.1362e-07
1.13751e-07
1.13937e-07
1.14144e-07
1.14416e-07
1.14762e-07
1.15195e-07
1.15729e-07
1.1643e-07
1.17338e-07
1.18525e-07
1.20124e-07
1.22091e-07
1.24638e-07
1.27977e-07
1.31671e-07
1.36757e-07
1.44149e-07
1.52577e-07
1.61234e-07
1.51829e-07
1.43493e-07
1.35396e-07
1.28354e-07
1.23572e-07
1.20009e-07
1.16862e-07
1.14438e-07
1.1259e-07
1.11094e-07
1.09995e-07
1.09159e-07
1.08518e-07
1.08037e-07
1.07649e-07
1.07336e-07
1.07097e-07
1.06916e-07
1.06751e-07
1.06635e-07
1.06521e-07
1.06447e-07
1.06375e-07
1.06336e-07
1.06308e-07
1.06304e-07
1.06325e-07
1.06359e-07
1.06427e-07
1.06501e-07
1.06615e-07
1.06735e-07
1.06905e-07
1.07094e-07
1.07346e-07
1.07666e-07
1.0807e-07
1.08571e-07
1.09231e-07
1.1009e-07
1.11213e-07
1.12732e-07
1.14603e-07
1.17048e-07
1.20221e-07
1.2378e-07
1.28617e-07
1.35639e-07
1.43719e-07
1.52072e-07
1.42778e-07
1.3465e-07
1.26843e-07
1.20338e-07
1.15778e-07
1.12331e-07
1.09339e-07
1.07027e-07
1.05276e-07
1.0386e-07
1.02825e-07
1.02037e-07
1.01438e-07
1.00987e-07
1.00628e-07
1.00341e-07
1.00121e-07
9.99567e-08
9.98064e-08
9.97023e-08
9.95986e-08
9.95314e-08
9.94659e-08
9.94305e-08
9.94053e-08
9.94013e-08
9.94201e-08
9.94508e-08
9.95128e-08
9.95792e-08
9.96841e-08
9.97918e-08
9.9948e-08
1.00119e-07
1.00351e-07
1.00646e-07
1.01022e-07
1.0149e-07
1.02109e-07
1.02918e-07
1.03976e-07
1.05415e-07
1.07189e-07
1.09521e-07
1.12538e-07
1.15981e-07
1.20587e-07
1.27085e-07
1.34879e-07
1.43023e-07
1.33797e-07
1.25854e-07
1.18387e-07
1.12388e-07
1.08057e-07
1.04751e-07
1.01904e-07
9.97131e-08
9.80608e-08
9.67248e-08
9.57526e-08
9.5014e-08
9.44542e-08
9.40366e-08
9.37031e-08
9.34424e-08
9.32406e-08
9.30933e-08
9.29573e-08
9.28643e-08
9.27704e-08
9.27105e-08
9.2651e-08
9.26195e-08
9.25965e-08
9.25927e-08
9.26096e-08
9.26367e-08
9.2693e-08
9.27523e-08
9.28475e-08
9.29441e-08
9.30861e-08
9.32407e-08
9.34527e-08
9.37234e-08
9.40706e-08
9.45077e-08
9.50856e-08
9.58444e-08
9.68384e-08
9.81963e-08
9.9871e-08
1.02081e-07
1.04952e-07
1.08254e-07
1.12626e-07
1.18619e-07
1.26081e-07
1.34051e-07
1.24921e-07
1.17141e-07
1.10049e-07
1.04533e-07
1.00437e-07
9.72696e-08
9.45818e-08
9.24966e-08
9.09411e-08
8.96858e-08
8.87793e-08
8.80929e-08
8.75767e-08
8.7196e-08
8.68933e-08
8.6663e-08
8.64799e-08
8.63484e-08
8.62261e-08
8.61438e-08
8.60594e-08
8.60065e-08
8.59529e-08
8.59252e-08
8.59043e-08
8.59007e-08
8.59158e-08
8.59394e-08
8.59902e-08
8.60426e-08
8.61285e-08
8.62144e-08
8.63427e-08
8.64813e-08
8.66739e-08
8.69155e-08
8.72299e-08
8.76319e-08
8.81644e-08
8.88701e-08
8.97976e-08
9.10738e-08
9.26513e-08
9.47555e-08
9.74658e-08
1.00627e-07
1.04761e-07
1.10295e-07
1.1732e-07
1.25203e-07
1.15984e-07
1.08597e-07
1.01853e-07
9.68045e-08
9.29487e-08
8.9945e-08
8.74185e-08
8.5453e-08
8.39957e-08
8.28215e-08
8.19778e-08
8.13396e-08
8.08622e-08
8.05124e-08
8.02355e-08
8.00285e-08
7.98635e-08
7.9747e-08
7.96378e-08
7.95657e-08
7.94903e-08
7.94441e-08
7.93962e-08
7.9372e-08
7.93533e-08
7.93499e-08
7.93632e-08
7.93836e-08
7.9429e-08
7.94749e-08
7.95517e-08
7.96276e-08
7.97426e-08
7.9866e-08
8.004e-08
8.02587e-08
8.05467e-08
8.09168e-08
8.141e-08
8.20665e-08
8.29302e-08
8.41243e-08
8.56029e-08
8.75868e-08
9.01344e-08
9.31291e-08
9.70254e-08
1.021e-07
1.08705e-07
1.16325e-07
1.07294e-07
1.00312e-07
9.38052e-08
8.92587e-08
8.56239e-08
8.28028e-08
8.04273e-08
7.85881e-08
7.72285e-08
7.6135e-08
7.53532e-08
7.47624e-08
7.43232e-08
7.40031e-08
7.37516e-08
7.35662e-08
7.34186e-08
7.33161e-08
7.32196e-08
7.31569e-08
7.30903e-08
7.30504e-08
7.30079e-08
7.29871e-08
7.29704e-08
7.29672e-08
7.29789e-08
7.29961e-08
7.30364e-08
7.30762e-08
7.31443e-08
7.32107e-08
7.3313e-08
7.34222e-08
7.35783e-08
7.37754e-08
7.40372e-08
7.43772e-08
7.48315e-08
7.54396e-08
7.62403e-08
7.73526e-08
7.8733e-08
8.05899e-08
8.29851e-08
8.57942e-08
8.94726e-08
9.40479e-08
1.00484e-07
1.07566e-07
9.88295e-08
9.21915e-08
8.601e-08
8.19149e-08
7.84985e-08
7.58565e-08
7.3663e-08
7.19348e-08
7.06712e-08
6.96578e-08
6.89367e-08
6.83923e-08
6.79902e-08
6.76986e-08
6.74715e-08
6.73068e-08
6.71755e-08
6.70861e-08
6.70014e-08
6.69476e-08
6.68893e-08
6.68553e-08
6.6818e-08
6.68004e-08
6.67856e-08
6.67826e-08
6.67927e-08
6.68071e-08
6.68424e-08
6.68764e-08
6.69364e-08
6.69938e-08
6.70842e-08
6.718e-08
6.73193e-08
6.74958e-08
6.77322e-08
6.80436e-08
6.84598e-08
6.90204e-08
6.97595e-08
7.07905e-08
7.20743e-08
7.38198e-08
7.60312e-08
7.86579e-08
8.21225e-08
8.62466e-08
9.2396e-08
9.90619e-08
9.06464e-08
8.42443e-08
7.85482e-08
7.48183e-08
7.1613e-08
6.91644e-08
6.71439e-08
6.55298e-08
6.436e-08
6.34255e-08
6.27634e-08
6.22641e-08
6.1898e-08
6.16334e-08
6.14298e-08
6.12842e-08
6.11683e-08
6.1091e-08
6.10175e-08
6.09718e-08
6.09214e-08
6.08928e-08
6.08604e-08
6.08458e-08
6.08328e-08
6.083e-08
6.08386e-08
6.08503e-08
6.0881e-08
6.09097e-08
6.09619e-08
6.10111e-08
6.10902e-08
6.11737e-08
6.12971e-08
6.14543e-08
6.16665e-08
6.19504e-08
6.23297e-08
6.28444e-08
6.35234e-08
6.44742e-08
6.56638e-08
6.72944e-08
6.93312e-08
7.17619e-08
7.50189e-08
7.87749e-08
8.44633e-08
9.08579e-08
8.28155e-08
7.66171e-08
7.13303e-08
6.80256e-08
6.5051e-08
6.27712e-08
6.09147e-08
5.94161e-08
5.83371e-08
5.74797e-08
5.68744e-08
5.64185e-08
5.60867e-08
5.58478e-08
5.56664e-08
5.55384e-08
5.54371e-08
5.53707e-08
5.53075e-08
5.52693e-08
5.52261e-08
5.52025e-08
5.51747e-08
5.51628e-08
5.51516e-08
5.51489e-08
5.51562e-08
5.51654e-08
5.51918e-08
5.52157e-08
5.52606e-08
5.53024e-08
5.53709e-08
5.54432e-08
5.55517e-08
5.56909e-08
5.58804e-08
5.61376e-08
5.6482e-08
5.69524e-08
5.75736e-08
5.84458e-08
5.95444e-08
6.10587e-08
6.29301e-08
6.51914e-08
6.82189e-08
7.15439e-08
7.68407e-08
8.30155e-08
7.52795e-08
6.94114e-08
6.45618e-08
6.15927e-08
5.88371e-08
5.67312e-08
5.50292e-08
5.36457e-08
5.26535e-08
5.18706e-08
5.13193e-08
5.09046e-08
5.06052e-08
5.03904e-08
5.02298e-08
5.01178e-08
5.00299e-08
4.99734e-08
4.99197e-08
4.98881e-08
4.98517e-08
4.98326e-08
4.9809e-08
4.97995e-08
4.97899e-08
4.97874e-08
4.97934e-08
4.98005e-08
4.98229e-08
4.98424e-08
4.98806e-08
4.99156e-08
4.99745e-08
5.00367e-08
5.01314e-08
5.0254e-08
5.04227e-08
5.06544e-08
5.09658e-08
5.13941e-08
5.19603e-08
5.27565e-08
5.37683e-08
5.51667e-08
5.68824e-08
5.89732e-08
6.17749e-08
6.47634e-08
6.96316e-08
7.54728e-08
6.81431e-08
6.27046e-08
5.83188e-08
5.55824e-08
5.30596e-08
5.11137e-08
4.95559e-08
4.82844e-08
4.73738e-08
4.66618e-08
4.6161e-08
4.5785e-08
4.55157e-08
4.5323e-08
4.51815e-08
4.50838e-08
4.50082e-08
4.49603e-08
4.49152e-08
4.48895e-08
4.48591e-08
4.48439e-08
4.48242e-08
4.48169e-08
4.48087e-08
4.48064e-08
4.48113e-08
4.48164e-08
4.48352e-08
4.48508e-08
4.4883e-08
4.49121e-08
4.49622e-08
4.50155e-08
4.50977e-08
4.52054e-08
4.53549e-08
4.55628e-08
4.58437e-08
4.62326e-08
4.67474e-08
4.7471e-08
4.84014e-08
4.96867e-08
5.12573e-08
5.31828e-08
5.57629e-08
5.85124e-08
6.29169e-08
6.83296e-08
6.15757e-08
5.6666e-08
5.26063e-08
5.01104e-08
4.78031e-08
4.60126e-08
4.45864e-08
4.34213e-08
4.25859e-08
4.19396e-08
4.14849e-08
4.11441e-08
4.09019e-08
4.07292e-08
4.06047e-08
4.05196e-08
4.04548e-08
4.04143e-08
4.03768e-08
4.0356e-08
4.03309e-08
4.03191e-08
4.03028e-08
4.02973e-08
4.02904e-08
4.02883e-08
4.02922e-08
4.02957e-08
4.03113e-08
4.03236e-08
4.03505e-08
4.03745e-08
4.04168e-08
4.04625e-08
4.05336e-08
4.06281e-08
4.07606e-08
4.09471e-08
4.12004e-08
4.15533e-08
4.20211e-08
4.26775e-08
4.3533e-08
4.47108e-08
4.61489e-08
4.79176e-08
5.02857e-08
5.2789e-08
5.68604e-08
6.17674e-08
5.58242e-08
5.13979e-08
4.75764e-08
4.53299e-08
4.32098e-08
4.15651e-08
4.02549e-08
3.91866e-08
3.84176e-08
3.78299e-08
3.74153e-08
3.71055e-08
3.68869e-08
3.67314e-08
3.66213e-08
3.65466e-08
3.6491e-08
3.64564e-08
3.64253e-08
3.64086e-08
3.6388e-08
3.63789e-08
3.63654e-08
3.63614e-08
3.63557e-08
3.63537e-08
3.63567e-08
3.6359e-08
3.63719e-08
3.63815e-08
3.64039e-08
3.64238e-08
3.64594e-08
3.64991e-08
3.65607e-08
3.66442e-08
3.67621e-08
3.69302e-08
3.71595e-08
3.74808e-08
3.79075e-08
3.85044e-08
3.92929e-08
4.03733e-08
4.16947e-08
4.33159e-08
4.55015e-08
4.77462e-08
5.15868e-08
5.60127e-08
5.1183e-08
4.71224e-08
4.35285e-08
4.14812e-08
3.95139e-08
3.79939e-08
3.67784e-08
3.57911e-08
3.50765e-08
3.45367e-08
3.41545e-08
3.38696e-08
3.36696e-08
3.35277e-08
3.34289e-08
3.33622e-08
3.33136e-08
3.32833e-08
3.32571e-08
3.32433e-08
3.32262e-08
3.32191e-08
3.32078e-08
3.3205e-08
3.32e-08
3.31982e-08
3.32006e-08
3.32019e-08
3.32127e-08
3.32205e-08
3.32394e-08
3.32562e-08
3.32867e-08
3.3322e-08
3.33763e-08
3.34513e-08
3.35579e-08
3.37113e-08
3.39216e-08
3.42174e-08
3.46112e-08
3.51596e-08
3.58925e-08
3.68916e-08
3.81179e-08
3.96009e-08
4.16606e-08
4.37007e-08
4.72979e-08
5.13659e-08
4.81984e-08
4.44243e-08
4.08729e-08
3.90182e-08
3.71517e-08
3.57164e-08
3.45628e-08
3.36297e-08
3.29505e-08
3.24421e-08
3.20804e-08
3.18115e-08
3.16231e-08
3.14896e-08
3.13975e-08
3.13356e-08
3.12912e-08
3.12633e-08
3.12399e-08
3.12279e-08
3.12127e-08
3.12068e-08
3.11968e-08
3.11946e-08
3.11902e-08
3.11885e-08
3.11905e-08
3.11913e-08
3.12009e-08
3.12075e-08
3.12245e-08
3.12395e-08
3.12668e-08
3.13e-08
3.13497e-08
3.14197e-08
3.15194e-08
3.16638e-08
3.18622e-08
3.21417e-08
3.25144e-08
3.30315e-08
3.37278e-08
3.46726e-08
3.58367e-08
3.719e-08
3.92366e-08
4.10483e-08
4.45925e-08
4.83766e-08
)
;

boundaryField
{
    fuel
    {
        type            fixedValue;
        value           nonuniform 0();
    }
    wall
    {
        type            zeroGradient;
    }
    outlet
    {
        type            zeroGradient;
    }
    frontAndBack
    {
        type            empty;
    }
    procBoundary3to2
    {
        type            processor;
        value           nonuniform List<scalar> 
51
(
2.92018e-07
2.90626e-07
2.89539e-07
2.88641e-07
2.87797e-07
2.87189e-07
2.86644e-07
2.86184e-07
2.85833e-07
2.85503e-07
2.85263e-07
2.85052e-07
2.84921e-07
2.84844e-07
2.84838e-07
2.84902e-07
2.85027e-07
2.85223e-07
2.8546e-07
2.85783e-07
2.86137e-07
2.86593e-07
2.87147e-07
2.87761e-07
2.88619e-07
2.89528e-07
2.90634e-07
2.92044e-07
2.93808e-07
2.96075e-07
2.98961e-07
3.02572e-07
3.06762e-07
3.12048e-07
3.19074e-07
3.28594e-07
3.40633e-07
3.54626e-07
3.66379e-07
3.58026e-07
3.46462e-07
3.32493e-07
3.20665e-07
3.11413e-07
3.04397e-07
2.99359e-07
2.95241e-07
2.91703e-07
2.88862e-07
2.86637e-07
2.86637e-07
)
;
    }
}


// ************************************************************************* //
