/*--------------------------------*- C++ -*----------------------------------*\
| =========                 |                                                 |
| \\      /  F ield         | OpenFOAM: The Open Source CFD Toolbox           |
|  \\    /   O peration     | Version:  dev                                   |
|   \\  /    A nd           | Web:      www.OpenFOAM.org                      |
|    \\/     M anipulation  |                                                 |
\*---------------------------------------------------------------------------*/
FoamFile
{
    version     2.0;
    format      ascii;
    class       volScalarField;
    location    "0.03";
    object      C2H6;
}
// * * * * * * * * * * * * * * * * * * * * * * * * * * * * * * * * * * * * * //

dimensions      [0 0 0 0 0 0 0];

internalField   nonuniform List<scalar> 
1997
(
2.57388e-07
2.57533e-07
2.57628e-07
2.57701e-07
2.5772e-07
2.57722e-07
2.57698e-07
2.57666e-07
2.57625e-07
2.57581e-07
2.57536e-07
2.57494e-07
2.57451e-07
2.57414e-07
2.57378e-07
2.57347e-07
2.57318e-07
2.57294e-07
2.57295e-07
2.57436e-07
2.57529e-07
2.57601e-07
2.5762e-07
2.57622e-07
2.57597e-07
2.57565e-07
2.57523e-07
2.57479e-07
2.57434e-07
2.57391e-07
2.57348e-07
2.5731e-07
2.57274e-07
2.57242e-07
2.57213e-07
2.57189e-07
2.57164e-07
2.57147e-07
2.57132e-07
2.57121e-07
2.57112e-07
2.57107e-07
2.57104e-07
2.57104e-07
2.57107e-07
2.57113e-07
2.57248e-07
2.57386e-07
2.57477e-07
2.57549e-07
2.57567e-07
2.57569e-07
2.57544e-07
2.57512e-07
2.57469e-07
2.57424e-07
2.57378e-07
2.57335e-07
2.57291e-07
2.57253e-07
2.57216e-07
2.57184e-07
2.57155e-07
2.5713e-07
2.57105e-07
2.57087e-07
2.57072e-07
2.57061e-07
2.57052e-07
2.57046e-07
2.57043e-07
2.57044e-07
2.57047e-07
2.57053e-07
2.57058e-07
2.57069e-07
2.57085e-07
2.57102e-07
2.57124e-07
2.57149e-07
2.57178e-07
2.5721e-07
2.57246e-07
2.57284e-07
2.57327e-07
2.57369e-07
2.5724e-07
2.57374e-07
2.57464e-07
2.57535e-07
2.57553e-07
2.57555e-07
2.57529e-07
2.57497e-07
2.57453e-07
2.57407e-07
2.57361e-07
2.57317e-07
2.57273e-07
2.57234e-07
2.57197e-07
2.57165e-07
2.57135e-07
2.5711e-07
2.57084e-07
2.57066e-07
2.57051e-07
2.57039e-07
2.5703e-07
2.57025e-07
2.57022e-07
2.57022e-07
2.57025e-07
2.57031e-07
2.57036e-07
2.57048e-07
2.57063e-07
2.57081e-07
2.57104e-07
2.57128e-07
2.57158e-07
2.5719e-07
2.57227e-07
2.57265e-07
2.57308e-07
2.57351e-07
2.57393e-07
2.57439e-07
2.57481e-07
2.57513e-07
2.57537e-07
2.57535e-07
2.57515e-07
2.57443e-07
2.57353e-07
2.57218e-07
2.57268e-07
2.57399e-07
2.57486e-07
2.57556e-07
2.57575e-07
2.57576e-07
2.5755e-07
2.57517e-07
2.57473e-07
2.57426e-07
2.57379e-07
2.57334e-07
2.5729e-07
2.57251e-07
2.57213e-07
2.5718e-07
2.5715e-07
2.57125e-07
2.57099e-07
2.57081e-07
2.57065e-07
2.57054e-07
2.57044e-07
2.57039e-07
2.57036e-07
2.57036e-07
2.57039e-07
2.57045e-07
2.57051e-07
2.57063e-07
2.57078e-07
2.57096e-07
2.57119e-07
2.57144e-07
2.57174e-07
2.57206e-07
2.57244e-07
2.57283e-07
2.57326e-07
2.5737e-07
2.57412e-07
2.57459e-07
2.57501e-07
2.57533e-07
2.57557e-07
2.57556e-07
2.57536e-07
2.57465e-07
2.57377e-07
2.57245e-07
2.57329e-07
2.57456e-07
2.57542e-07
2.57611e-07
2.57629e-07
2.5763e-07
2.57604e-07
2.5757e-07
2.57526e-07
2.57478e-07
2.5743e-07
2.57385e-07
2.5734e-07
2.573e-07
2.57262e-07
2.57229e-07
2.57198e-07
2.57173e-07
2.57147e-07
2.57129e-07
2.57113e-07
2.57101e-07
2.57092e-07
2.57086e-07
2.57083e-07
2.57083e-07
2.57087e-07
2.57093e-07
2.57099e-07
2.57111e-07
2.57126e-07
2.57145e-07
2.57168e-07
2.57193e-07
2.57224e-07
2.57256e-07
2.57294e-07
2.57334e-07
2.57378e-07
2.57422e-07
2.57464e-07
2.57512e-07
2.57555e-07
2.57587e-07
2.57612e-07
2.57611e-07
2.57592e-07
2.57521e-07
2.57435e-07
2.57307e-07
2.57421e-07
2.57546e-07
2.57629e-07
2.57698e-07
2.57715e-07
2.57715e-07
2.57689e-07
2.57654e-07
2.57609e-07
2.57561e-07
2.57513e-07
2.57467e-07
2.57422e-07
2.57381e-07
2.57343e-07
2.57309e-07
2.57278e-07
2.57252e-07
2.57227e-07
2.57208e-07
2.57192e-07
2.5718e-07
2.5717e-07
2.57164e-07
2.57161e-07
2.57162e-07
2.57165e-07
2.57171e-07
2.57178e-07
2.5719e-07
2.57206e-07
2.57225e-07
2.57248e-07
2.57274e-07
2.57305e-07
2.57338e-07
2.57376e-07
2.57416e-07
2.5746e-07
2.57505e-07
2.57549e-07
2.57596e-07
2.5764e-07
2.57673e-07
2.57699e-07
2.57698e-07
2.57679e-07
2.5761e-07
2.57526e-07
2.574e-07
2.57543e-07
2.57666e-07
2.57746e-07
2.57814e-07
2.5783e-07
2.5783e-07
2.57803e-07
2.57768e-07
2.57722e-07
2.57673e-07
2.57625e-07
2.57578e-07
2.57533e-07
2.57492e-07
2.57453e-07
2.57419e-07
2.57387e-07
2.57361e-07
2.57336e-07
2.57317e-07
2.573e-07
2.57288e-07
2.57278e-07
2.57272e-07
2.57269e-07
2.5727e-07
2.57273e-07
2.57279e-07
2.57287e-07
2.57299e-07
2.57315e-07
2.57334e-07
2.57358e-07
2.57384e-07
2.57415e-07
2.57448e-07
2.57487e-07
2.57527e-07
2.57572e-07
2.57618e-07
2.57662e-07
2.5771e-07
2.57755e-07
2.57788e-07
2.57814e-07
2.57814e-07
2.57797e-07
2.57728e-07
2.57646e-07
2.57523e-07
2.57691e-07
2.57811e-07
2.57889e-07
2.57956e-07
2.57971e-07
2.5797e-07
2.57943e-07
2.57907e-07
2.57861e-07
2.57811e-07
2.57762e-07
2.57716e-07
2.5767e-07
2.57628e-07
2.57589e-07
2.57555e-07
2.57523e-07
2.57496e-07
2.57471e-07
2.57452e-07
2.57435e-07
2.57423e-07
2.57413e-07
2.57407e-07
2.57404e-07
2.57404e-07
2.57408e-07
2.57414e-07
2.57422e-07
2.57434e-07
2.57451e-07
2.5747e-07
2.57494e-07
2.5752e-07
2.57552e-07
2.57585e-07
2.57624e-07
2.57665e-07
2.57711e-07
2.57756e-07
2.57802e-07
2.5785e-07
2.57895e-07
2.57929e-07
2.57956e-07
2.57956e-07
2.5794e-07
2.57872e-07
2.57793e-07
2.57672e-07
2.57857e-07
2.57975e-07
2.5805e-07
2.58116e-07
2.5813e-07
2.58129e-07
2.58101e-07
2.58065e-07
2.58018e-07
2.57969e-07
2.57919e-07
2.57872e-07
2.57826e-07
2.57784e-07
2.57745e-07
2.5771e-07
2.57678e-07
2.57651e-07
2.57626e-07
2.57606e-07
2.5759e-07
2.57577e-07
2.57567e-07
2.57561e-07
2.57558e-07
2.57558e-07
2.57562e-07
2.57568e-07
2.57577e-07
2.57589e-07
2.57606e-07
2.57625e-07
2.57649e-07
2.57676e-07
2.57708e-07
2.57742e-07
2.57781e-07
2.57822e-07
2.57868e-07
2.57913e-07
2.5796e-07
2.58008e-07
2.58053e-07
2.58088e-07
2.58116e-07
2.58116e-07
2.58101e-07
2.58034e-07
2.57958e-07
2.57839e-07
2.58026e-07
2.58143e-07
2.58215e-07
2.58281e-07
2.58294e-07
2.58292e-07
2.58263e-07
2.58227e-07
2.58181e-07
2.58131e-07
2.58082e-07
2.58035e-07
2.57988e-07
2.57947e-07
2.57907e-07
2.57873e-07
2.57841e-07
2.57814e-07
2.57788e-07
2.57769e-07
2.57752e-07
2.57739e-07
2.57729e-07
2.57723e-07
2.5772e-07
2.5772e-07
2.57724e-07
2.5773e-07
2.57739e-07
2.57752e-07
2.57769e-07
2.57788e-07
2.57812e-07
2.57839e-07
2.57871e-07
2.57905e-07
2.57944e-07
2.57985e-07
2.58031e-07
2.58077e-07
2.58123e-07
2.58171e-07
2.58217e-07
2.58252e-07
2.5828e-07
2.5828e-07
2.58267e-07
2.582e-07
2.58126e-07
2.58009e-07
2.58206e-07
2.58322e-07
2.58391e-07
2.58456e-07
2.58468e-07
2.58466e-07
2.58436e-07
2.584e-07
2.58353e-07
2.58304e-07
2.58254e-07
2.58207e-07
2.5816e-07
2.58119e-07
2.58079e-07
2.58044e-07
2.58012e-07
2.57985e-07
2.57959e-07
2.5794e-07
2.57923e-07
2.5791e-07
2.579e-07
2.57894e-07
2.57891e-07
2.57891e-07
2.57894e-07
2.57901e-07
2.5791e-07
2.57923e-07
2.5794e-07
2.5796e-07
2.57984e-07
2.58011e-07
2.58043e-07
2.58077e-07
2.58116e-07
2.58158e-07
2.58203e-07
2.58249e-07
2.58297e-07
2.58345e-07
2.5839e-07
2.58426e-07
2.58454e-07
2.58455e-07
2.58443e-07
2.58377e-07
2.58306e-07
2.5819e-07
2.58411e-07
2.58524e-07
2.58591e-07
2.58655e-07
2.58665e-07
2.58663e-07
2.58632e-07
2.58596e-07
2.58549e-07
2.58499e-07
2.58449e-07
2.58402e-07
2.58355e-07
2.58314e-07
2.58273e-07
2.58238e-07
2.58206e-07
2.58178e-07
2.58153e-07
2.58133e-07
2.58116e-07
2.58103e-07
2.58093e-07
2.58086e-07
2.58083e-07
2.58083e-07
2.58087e-07
2.58094e-07
2.58103e-07
2.58116e-07
2.58133e-07
2.58153e-07
2.58178e-07
2.58205e-07
2.58237e-07
2.58272e-07
2.58311e-07
2.58353e-07
2.58399e-07
2.58445e-07
2.58493e-07
2.58541e-07
2.58587e-07
2.58623e-07
2.58652e-07
2.58653e-07
2.58642e-07
2.58577e-07
2.58509e-07
2.58395e-07
2.58654e-07
2.58766e-07
2.5883e-07
2.58893e-07
2.58902e-07
2.58899e-07
2.58868e-07
2.58831e-07
2.58784e-07
2.58734e-07
2.58684e-07
2.58636e-07
2.58589e-07
2.58547e-07
2.58507e-07
2.58472e-07
2.58439e-07
2.58411e-07
2.58386e-07
2.58365e-07
2.58348e-07
2.58335e-07
2.58325e-07
2.58318e-07
2.58315e-07
2.58315e-07
2.58319e-07
2.58326e-07
2.58335e-07
2.58349e-07
2.58366e-07
2.58386e-07
2.58411e-07
2.58438e-07
2.58471e-07
2.58505e-07
2.58545e-07
2.58587e-07
2.58633e-07
2.5868e-07
2.58728e-07
2.58776e-07
2.58823e-07
2.58859e-07
2.58889e-07
2.5889e-07
2.58881e-07
2.58816e-07
2.58752e-07
2.58639e-07
2.58923e-07
2.59036e-07
2.59095e-07
2.59158e-07
2.59165e-07
2.59162e-07
2.59131e-07
2.59094e-07
2.59046e-07
2.58996e-07
2.58946e-07
2.58898e-07
2.58851e-07
2.58809e-07
2.58768e-07
2.58733e-07
2.587e-07
2.58672e-07
2.58647e-07
2.58626e-07
2.58609e-07
2.58596e-07
2.58585e-07
2.58579e-07
2.58576e-07
2.58576e-07
2.5858e-07
2.58586e-07
2.58596e-07
2.58609e-07
2.58627e-07
2.58647e-07
2.58672e-07
2.587e-07
2.58732e-07
2.58767e-07
2.58807e-07
2.58849e-07
2.58895e-07
2.58942e-07
2.58991e-07
2.59039e-07
2.59086e-07
2.59122e-07
2.59153e-07
2.59154e-07
2.59146e-07
2.59082e-07
2.59021e-07
2.58909e-07
2.59202e-07
2.59315e-07
2.59371e-07
2.59434e-07
2.5944e-07
2.59437e-07
2.59405e-07
2.59367e-07
2.59319e-07
2.59269e-07
2.59219e-07
2.59171e-07
2.59124e-07
2.59082e-07
2.59042e-07
2.59007e-07
2.58974e-07
2.58946e-07
2.58921e-07
2.58901e-07
2.58883e-07
2.5887e-07
2.5886e-07
2.58854e-07
2.5885e-07
2.58851e-07
2.58854e-07
2.58861e-07
2.58871e-07
2.58884e-07
2.58902e-07
2.58922e-07
2.58947e-07
2.58974e-07
2.59006e-07
2.59041e-07
2.59081e-07
2.59122e-07
2.59169e-07
2.59215e-07
2.59264e-07
2.59313e-07
2.5936e-07
2.59396e-07
2.59427e-07
2.59429e-07
2.59422e-07
2.59358e-07
2.59301e-07
2.59188e-07
2.59487e-07
2.596e-07
2.59654e-07
2.59717e-07
2.59722e-07
2.59719e-07
2.59687e-07
2.59649e-07
2.59601e-07
2.5955e-07
2.59499e-07
2.59452e-07
2.59404e-07
2.59363e-07
2.59322e-07
2.59287e-07
2.59254e-07
2.59227e-07
2.59201e-07
2.59181e-07
2.59164e-07
2.59151e-07
2.5914e-07
2.59134e-07
2.59131e-07
2.59131e-07
2.59134e-07
2.59141e-07
2.59151e-07
2.59164e-07
2.59182e-07
2.59202e-07
2.59227e-07
2.59254e-07
2.59287e-07
2.59321e-07
2.59361e-07
2.59403e-07
2.59449e-07
2.59496e-07
2.59545e-07
2.59594e-07
2.59642e-07
2.59679e-07
2.59709e-07
2.59711e-07
2.59705e-07
2.59641e-07
2.59587e-07
2.59473e-07
2.5979e-07
2.59904e-07
2.59957e-07
2.6002e-07
2.60024e-07
2.60021e-07
2.59989e-07
2.59951e-07
2.59902e-07
2.59851e-07
2.598e-07
2.59751e-07
2.59704e-07
2.59662e-07
2.59621e-07
2.59586e-07
2.59552e-07
2.59525e-07
2.59499e-07
2.59479e-07
2.59462e-07
2.59448e-07
2.59438e-07
2.59432e-07
2.59428e-07
2.59428e-07
2.59432e-07
2.59439e-07
2.59449e-07
2.59462e-07
2.5948e-07
2.595e-07
2.59525e-07
2.59553e-07
2.59586e-07
2.5962e-07
2.59661e-07
2.59702e-07
2.59749e-07
2.59796e-07
2.59846e-07
2.59896e-07
2.59944e-07
2.59981e-07
2.60012e-07
2.60014e-07
2.60008e-07
2.59944e-07
2.59891e-07
2.59777e-07
2.6013e-07
2.60245e-07
2.60298e-07
2.60361e-07
2.60365e-07
2.60361e-07
2.60329e-07
2.6029e-07
2.60241e-07
2.60189e-07
2.60137e-07
2.60088e-07
2.6004e-07
2.59998e-07
2.59957e-07
2.59921e-07
2.59888e-07
2.5986e-07
2.59834e-07
2.59814e-07
2.59796e-07
2.59783e-07
2.59772e-07
2.59765e-07
2.59762e-07
2.59762e-07
2.59766e-07
2.59773e-07
2.59783e-07
2.59797e-07
2.59815e-07
2.59835e-07
2.5986e-07
2.59888e-07
2.59921e-07
2.59956e-07
2.59997e-07
2.60039e-07
2.60086e-07
2.60134e-07
2.60185e-07
2.60235e-07
2.60283e-07
2.60321e-07
2.60352e-07
2.60354e-07
2.60349e-07
2.60285e-07
2.60231e-07
2.60117e-07
2.60527e-07
2.60644e-07
2.60698e-07
2.60762e-07
2.60765e-07
2.6076e-07
2.60727e-07
2.60688e-07
2.60637e-07
2.60586e-07
2.60533e-07
2.60483e-07
2.60434e-07
2.60392e-07
2.6035e-07
2.60314e-07
2.6028e-07
2.60252e-07
2.60226e-07
2.60206e-07
2.60188e-07
2.60174e-07
2.60163e-07
2.60157e-07
2.60153e-07
2.60154e-07
2.60157e-07
2.60164e-07
2.60175e-07
2.60189e-07
2.60207e-07
2.60227e-07
2.60253e-07
2.60281e-07
2.60314e-07
2.6035e-07
2.60391e-07
2.60433e-07
2.60481e-07
2.60529e-07
2.60581e-07
2.60632e-07
2.60681e-07
2.60719e-07
2.60751e-07
2.60755e-07
2.6075e-07
2.60686e-07
2.60631e-07
2.60514e-07
2.60982e-07
2.611e-07
2.61156e-07
2.61219e-07
2.61222e-07
2.61214e-07
2.6118e-07
2.6114e-07
2.61088e-07
2.61036e-07
2.60982e-07
2.60932e-07
2.60883e-07
2.6084e-07
2.60797e-07
2.60761e-07
2.60727e-07
2.60699e-07
2.60672e-07
2.60652e-07
2.60633e-07
2.6062e-07
2.60609e-07
2.60602e-07
2.60598e-07
2.60599e-07
2.60602e-07
2.60609e-07
2.6062e-07
2.60634e-07
2.60653e-07
2.60673e-07
2.60699e-07
2.60728e-07
2.60761e-07
2.60797e-07
2.60839e-07
2.60881e-07
2.60929e-07
2.60978e-07
2.61032e-07
2.61083e-07
2.61133e-07
2.61172e-07
2.61205e-07
2.61212e-07
2.61208e-07
2.61143e-07
2.61087e-07
2.60969e-07
2.61494e-07
2.61614e-07
2.6167e-07
2.61734e-07
2.61737e-07
2.61727e-07
2.61692e-07
2.61651e-07
2.61598e-07
2.61545e-07
2.6149e-07
2.61439e-07
2.61389e-07
2.61346e-07
2.61303e-07
2.61267e-07
2.61232e-07
2.61203e-07
2.61176e-07
2.61155e-07
2.61136e-07
2.61123e-07
2.61111e-07
2.61104e-07
2.61101e-07
2.61101e-07
2.61105e-07
2.61112e-07
2.61123e-07
2.61137e-07
2.61156e-07
2.61177e-07
2.61204e-07
2.61232e-07
2.61267e-07
2.61302e-07
2.61345e-07
2.61388e-07
2.61436e-07
2.61486e-07
2.61541e-07
2.61593e-07
2.61644e-07
2.61684e-07
2.61718e-07
2.61726e-07
2.61723e-07
2.61657e-07
2.616e-07
2.61482e-07
2.6208e-07
2.62201e-07
2.62259e-07
2.62327e-07
2.6233e-07
2.62324e-07
2.62288e-07
2.62247e-07
2.62193e-07
2.62139e-07
2.62083e-07
2.62031e-07
2.6198e-07
2.61936e-07
2.61892e-07
2.61856e-07
2.6182e-07
2.61791e-07
2.61764e-07
2.61742e-07
2.61723e-07
2.61709e-07
2.61698e-07
2.61691e-07
2.61687e-07
2.61687e-07
2.61691e-07
2.61698e-07
2.6171e-07
2.61724e-07
2.61743e-07
2.61765e-07
2.61792e-07
2.61821e-07
2.61856e-07
2.61892e-07
2.61935e-07
2.61979e-07
2.62028e-07
2.62079e-07
2.62135e-07
2.62187e-07
2.6224e-07
2.6228e-07
2.62314e-07
2.6232e-07
2.62315e-07
2.62246e-07
2.62187e-07
2.62067e-07
2.62755e-07
2.62878e-07
2.62942e-07
2.63015e-07
2.63023e-07
2.63022e-07
2.62987e-07
2.62946e-07
2.62891e-07
2.62836e-07
2.62779e-07
2.62726e-07
2.62674e-07
2.62629e-07
2.62584e-07
2.62547e-07
2.62511e-07
2.62481e-07
2.62453e-07
2.62431e-07
2.62412e-07
2.62398e-07
2.62386e-07
2.62379e-07
2.62375e-07
2.62375e-07
2.62379e-07
2.62387e-07
2.62398e-07
2.62413e-07
2.62432e-07
2.62454e-07
2.62482e-07
2.62511e-07
2.62547e-07
2.62584e-07
2.62628e-07
2.62672e-07
2.62723e-07
2.62775e-07
2.62832e-07
2.62885e-07
2.62939e-07
2.62979e-07
2.63013e-07
2.63012e-07
2.63004e-07
2.62929e-07
2.62864e-07
2.62743e-07
2.63539e-07
2.63667e-07
2.63738e-07
2.63819e-07
2.6383e-07
2.63837e-07
2.63802e-07
2.63762e-07
2.63706e-07
2.6365e-07
2.63591e-07
2.63537e-07
2.63484e-07
2.63438e-07
2.63392e-07
2.63354e-07
2.63317e-07
2.63287e-07
2.63259e-07
2.63236e-07
2.63216e-07
2.63202e-07
2.6319e-07
2.63183e-07
2.63179e-07
2.63179e-07
2.63183e-07
2.63191e-07
2.63203e-07
2.63217e-07
2.63237e-07
2.6326e-07
2.63288e-07
2.63318e-07
2.63354e-07
2.63392e-07
2.63437e-07
2.63483e-07
2.63534e-07
2.63588e-07
2.63646e-07
2.637e-07
2.63755e-07
2.63794e-07
2.63827e-07
2.6382e-07
2.63807e-07
2.63725e-07
2.63652e-07
2.63527e-07
2.64455e-07
2.64589e-07
2.64672e-07
2.64761e-07
2.64776e-07
2.64787e-07
2.64753e-07
2.64712e-07
2.64656e-07
2.64599e-07
2.64539e-07
2.64483e-07
2.64429e-07
2.64381e-07
2.64335e-07
2.64295e-07
2.64258e-07
2.64226e-07
2.64198e-07
2.64175e-07
2.64154e-07
2.64139e-07
2.64127e-07
2.6412e-07
2.64116e-07
2.64116e-07
2.6412e-07
2.64128e-07
2.6414e-07
2.64155e-07
2.64176e-07
2.64199e-07
2.64227e-07
2.64258e-07
2.64295e-07
2.64335e-07
2.6438e-07
2.64427e-07
2.6448e-07
2.64535e-07
2.64595e-07
2.6465e-07
2.64705e-07
2.64744e-07
2.64777e-07
2.64765e-07
2.64749e-07
2.64659e-07
2.64575e-07
2.64442e-07
2.65523e-07
2.65665e-07
2.65762e-07
2.65859e-07
2.65878e-07
2.65892e-07
2.65857e-07
2.65818e-07
2.6576e-07
2.65702e-07
2.65641e-07
2.65583e-07
2.65527e-07
2.65478e-07
2.65431e-07
2.6539e-07
2.65352e-07
2.6532e-07
2.6529e-07
2.65267e-07
2.65246e-07
2.6523e-07
2.65218e-07
2.65211e-07
2.65207e-07
2.65207e-07
2.65211e-07
2.65219e-07
2.65232e-07
2.65247e-07
2.65268e-07
2.65291e-07
2.65321e-07
2.65353e-07
2.65391e-07
2.65431e-07
2.65478e-07
2.65526e-07
2.6558e-07
2.65637e-07
2.65698e-07
2.65754e-07
2.65811e-07
2.65848e-07
2.65881e-07
2.65867e-07
2.65846e-07
2.65748e-07
2.65651e-07
2.6551e-07
2.66779e-07
2.66932e-07
2.67047e-07
2.67154e-07
2.67178e-07
2.67195e-07
2.6716e-07
2.67121e-07
2.67063e-07
2.67003e-07
2.6694e-07
2.66881e-07
2.66824e-07
2.66773e-07
2.66724e-07
2.66682e-07
2.66643e-07
2.66609e-07
2.66579e-07
2.66555e-07
2.66534e-07
2.66518e-07
2.66505e-07
2.66497e-07
2.66493e-07
2.66494e-07
2.66498e-07
2.66506e-07
2.66519e-07
2.66535e-07
2.66556e-07
2.6658e-07
2.6661e-07
2.66643e-07
2.66682e-07
2.66724e-07
2.66773e-07
2.66822e-07
2.66878e-07
2.66937e-07
2.66999e-07
2.67057e-07
2.67114e-07
2.67151e-07
2.67183e-07
2.67166e-07
2.67141e-07
2.67033e-07
2.66917e-07
2.66766e-07
2.68252e-07
2.68417e-07
2.68552e-07
2.68669e-07
2.68699e-07
2.68719e-07
2.68685e-07
2.68646e-07
2.68587e-07
2.68525e-07
2.68461e-07
2.68399e-07
2.6834e-07
2.68287e-07
2.68237e-07
2.68194e-07
2.68153e-07
2.68119e-07
2.68088e-07
2.68063e-07
2.68041e-07
2.68025e-07
2.68012e-07
2.68004e-07
2.68e-07
2.68e-07
2.68005e-07
2.68013e-07
2.68026e-07
2.68042e-07
2.68064e-07
2.68089e-07
2.6812e-07
2.68154e-07
2.68194e-07
2.68238e-07
2.68288e-07
2.68339e-07
2.68397e-07
2.68457e-07
2.68521e-07
2.6858e-07
2.68639e-07
2.68675e-07
2.68707e-07
2.68686e-07
2.68655e-07
2.68537e-07
2.68402e-07
2.68238e-07
2.69992e-07
2.70172e-07
2.70333e-07
2.70464e-07
2.705e-07
2.70526e-07
2.70491e-07
2.70453e-07
2.70392e-07
2.70329e-07
2.70261e-07
2.70197e-07
2.70137e-07
2.70082e-07
2.7003e-07
2.69985e-07
2.69943e-07
2.69907e-07
2.69875e-07
2.69849e-07
2.69827e-07
2.6981e-07
2.69797e-07
2.69789e-07
2.69785e-07
2.69785e-07
2.6979e-07
2.69798e-07
2.69812e-07
2.69829e-07
2.69851e-07
2.69877e-07
2.69909e-07
2.69944e-07
2.69986e-07
2.70031e-07
2.70082e-07
2.70136e-07
2.70196e-07
2.70258e-07
2.70325e-07
2.70385e-07
2.70447e-07
2.7048e-07
2.70513e-07
2.70487e-07
2.70449e-07
2.70317e-07
2.70157e-07
2.69976e-07
2.72044e-07
2.72244e-07
2.72435e-07
2.7258e-07
2.72627e-07
2.7266e-07
2.72624e-07
2.72587e-07
2.72523e-07
2.72459e-07
2.72387e-07
2.7232e-07
2.72258e-07
2.72201e-07
2.72147e-07
2.72099e-07
2.72056e-07
2.72019e-07
2.71986e-07
2.71959e-07
2.71936e-07
2.71919e-07
2.71905e-07
2.71897e-07
2.71893e-07
2.71893e-07
2.71898e-07
2.71907e-07
2.7192e-07
2.71938e-07
2.71961e-07
2.71988e-07
2.72021e-07
2.72058e-07
2.72101e-07
2.72148e-07
2.72202e-07
2.72258e-07
2.72319e-07
2.72383e-07
2.72454e-07
2.72515e-07
2.72581e-07
2.72613e-07
2.72646e-07
2.72613e-07
2.72564e-07
2.72418e-07
2.72228e-07
2.72028e-07
2.74464e-07
2.74684e-07
2.74909e-07
2.75071e-07
2.7513e-07
2.75171e-07
2.75136e-07
2.75099e-07
2.75032e-07
2.74968e-07
2.74889e-07
2.74817e-07
2.74756e-07
2.74696e-07
2.7464e-07
2.7459e-07
2.74545e-07
2.74506e-07
2.74472e-07
2.74444e-07
2.7442e-07
2.74402e-07
2.74388e-07
2.74379e-07
2.74375e-07
2.74375e-07
2.7438e-07
2.7439e-07
2.74404e-07
2.74422e-07
2.74446e-07
2.74474e-07
2.74508e-07
2.74547e-07
2.74591e-07
2.74641e-07
2.74697e-07
2.74756e-07
2.74818e-07
2.74885e-07
2.74961e-07
2.75023e-07
2.75094e-07
2.75123e-07
2.75156e-07
2.75114e-07
2.75054e-07
2.74891e-07
2.74668e-07
2.74446e-07
2.77325e-07
2.77578e-07
2.77853e-07
2.78041e-07
2.78116e-07
2.78171e-07
2.78137e-07
2.78102e-07
2.78031e-07
2.77971e-07
2.7788e-07
2.77803e-07
2.77744e-07
2.7768e-07
2.77621e-07
2.77568e-07
2.77521e-07
2.7748e-07
2.77445e-07
2.77415e-07
2.77391e-07
2.77372e-07
2.77358e-07
2.77348e-07
2.77344e-07
2.77344e-07
2.7735e-07
2.77359e-07
2.77374e-07
2.77393e-07
2.77418e-07
2.77447e-07
2.77482e-07
2.77523e-07
2.7757e-07
2.77623e-07
2.77681e-07
2.77744e-07
2.77805e-07
2.77875e-07
2.77958e-07
2.78021e-07
2.78096e-07
2.78122e-07
2.78154e-07
2.78099e-07
2.78021e-07
2.77833e-07
2.77561e-07
2.77305e-07
2.80687e-07
2.80969e-07
2.81291e-07
2.81504e-07
2.81595e-07
2.81664e-07
2.81631e-07
2.81601e-07
2.81525e-07
2.81475e-07
2.81367e-07
2.81283e-07
2.81232e-07
2.81164e-07
2.81102e-07
2.81045e-07
2.80997e-07
2.80953e-07
2.80916e-07
2.80885e-07
2.8086e-07
2.8084e-07
2.80825e-07
2.80816e-07
2.80812e-07
2.80812e-07
2.80817e-07
2.80828e-07
2.80842e-07
2.80863e-07
2.80888e-07
2.80919e-07
2.80956e-07
2.80999e-07
2.81048e-07
2.81104e-07
2.81165e-07
2.81232e-07
2.81285e-07
2.81359e-07
2.81447e-07
2.81513e-07
2.81591e-07
2.81615e-07
2.81645e-07
2.81575e-07
2.81482e-07
2.81269e-07
2.8095e-07
2.80664e-07
2.84695e-07
2.85022e-07
2.85409e-07
2.85657e-07
2.85769e-07
2.85858e-07
2.85829e-07
2.85804e-07
2.85725e-07
2.85626e-07
2.85559e-07
2.85467e-07
2.85367e-07
2.85294e-07
2.85229e-07
2.85169e-07
2.85118e-07
2.85071e-07
2.85033e-07
2.85e-07
2.84974e-07
2.84953e-07
2.84938e-07
2.84928e-07
2.84924e-07
2.84924e-07
2.8493e-07
2.8494e-07
2.84956e-07
2.84977e-07
2.85003e-07
2.85036e-07
2.85074e-07
2.85121e-07
2.85172e-07
2.85232e-07
2.85296e-07
2.85368e-07
2.85463e-07
2.85549e-07
2.85635e-07
2.85711e-07
2.85786e-07
2.85809e-07
2.85837e-07
2.85746e-07
2.85632e-07
2.85384e-07
2.85001e-07
2.84669e-07
2.89383e-07
2.8976e-07
2.90227e-07
2.90514e-07
2.9065e-07
2.90763e-07
2.90737e-07
2.9072e-07
2.90636e-07
2.90545e-07
2.90461e-07
2.90361e-07
2.90266e-07
2.90187e-07
2.90119e-07
2.90054e-07
2.9e-07
2.8995e-07
2.8991e-07
2.89875e-07
2.89848e-07
2.89825e-07
2.8981e-07
2.898e-07
2.89795e-07
2.89796e-07
2.89802e-07
2.89813e-07
2.89829e-07
2.89851e-07
2.89879e-07
2.89914e-07
2.89954e-07
2.90003e-07
2.90057e-07
2.90122e-07
2.9019e-07
2.90267e-07
2.90356e-07
2.90448e-07
2.9054e-07
2.9062e-07
2.90698e-07
2.90715e-07
2.90739e-07
2.90625e-07
2.90485e-07
2.90199e-07
2.89736e-07
2.89352e-07
2.94923e-07
2.95363e-07
2.9594e-07
2.96274e-07
2.9644e-07
2.96583e-07
2.96561e-07
2.96551e-07
2.96461e-07
2.96372e-07
2.96274e-07
2.96164e-07
2.96069e-07
2.95983e-07
2.9591e-07
2.9584e-07
2.95783e-07
2.95729e-07
2.95688e-07
2.9565e-07
2.95622e-07
2.95598e-07
2.95582e-07
2.95572e-07
2.95567e-07
2.95568e-07
2.95574e-07
2.95586e-07
2.95602e-07
2.95626e-07
2.95654e-07
2.95692e-07
2.95734e-07
2.95787e-07
2.95844e-07
2.95914e-07
2.95987e-07
2.96071e-07
2.9616e-07
2.96259e-07
2.9636e-07
2.96442e-07
2.96527e-07
2.96536e-07
2.96555e-07
2.96411e-07
2.96241e-07
2.95907e-07
2.95337e-07
2.94888e-07
3.01567e-07
3.02096e-07
3.0271e-07
3.03101e-07
3.03304e-07
3.03483e-07
3.03464e-07
3.03463e-07
3.03364e-07
3.03274e-07
3.03164e-07
3.03043e-07
3.02944e-07
3.02851e-07
3.02773e-07
3.02696e-07
3.02636e-07
3.02578e-07
3.02533e-07
3.02493e-07
3.02464e-07
3.02438e-07
3.02422e-07
3.02411e-07
3.02407e-07
3.02407e-07
3.02413e-07
3.02426e-07
3.02443e-07
3.02469e-07
3.02498e-07
3.02539e-07
3.02583e-07
3.02641e-07
3.02701e-07
3.02777e-07
3.02854e-07
3.02946e-07
3.0304e-07
3.03147e-07
3.03258e-07
3.03344e-07
3.03437e-07
3.03436e-07
3.03452e-07
3.03272e-07
3.03065e-07
3.02673e-07
3.02065e-07
3.01527e-07
3.09327e-07
3.09953e-07
3.10732e-07
3.11194e-07
3.11439e-07
3.11661e-07
3.11645e-07
3.11655e-07
3.11546e-07
3.11451e-07
3.11329e-07
3.11198e-07
3.11092e-07
3.10989e-07
3.10906e-07
3.10822e-07
3.10758e-07
3.10695e-07
3.10648e-07
3.10604e-07
3.10574e-07
3.10547e-07
3.1053e-07
3.10518e-07
3.10514e-07
3.10515e-07
3.10521e-07
3.10535e-07
3.10552e-07
3.1058e-07
3.1061e-07
3.10654e-07
3.10701e-07
3.10764e-07
3.10828e-07
3.10911e-07
3.10994e-07
3.11095e-07
3.11196e-07
3.11312e-07
3.11433e-07
3.11524e-07
3.11627e-07
3.11615e-07
3.11628e-07
3.11403e-07
3.11153e-07
3.10692e-07
3.0992e-07
3.09282e-07
3.18603e-07
3.19369e-07
3.20239e-07
3.20782e-07
3.21078e-07
3.21352e-07
3.21338e-07
3.2136e-07
3.2124e-07
3.21139e-07
3.21006e-07
3.20863e-07
3.20749e-07
3.20636e-07
3.20547e-07
3.20454e-07
3.20386e-07
3.20317e-07
3.20268e-07
3.2022e-07
3.20188e-07
3.2016e-07
3.20143e-07
3.2013e-07
3.20126e-07
3.20127e-07
3.20133e-07
3.20148e-07
3.20166e-07
3.20195e-07
3.20228e-07
3.20275e-07
3.20324e-07
3.20393e-07
3.20461e-07
3.20553e-07
3.20642e-07
3.20753e-07
3.20863e-07
3.20989e-07
3.21122e-07
3.21219e-07
3.21333e-07
3.21308e-07
3.21318e-07
3.21041e-07
3.2074e-07
3.20197e-07
3.19334e-07
3.18555e-07
3.29504e-07
3.30422e-07
3.31496e-07
3.32139e-07
3.32493e-07
3.32829e-07
3.32816e-07
3.32854e-07
3.32721e-07
3.32614e-07
3.32468e-07
3.32315e-07
3.32192e-07
3.32067e-07
3.31971e-07
3.31868e-07
3.31796e-07
3.3172e-07
3.31668e-07
3.31616e-07
3.31583e-07
3.31552e-07
3.31535e-07
3.31522e-07
3.31517e-07
3.31519e-07
3.31526e-07
3.31541e-07
3.3156e-07
3.31591e-07
3.31625e-07
3.31677e-07
3.31729e-07
3.31804e-07
3.31877e-07
3.31979e-07
3.32074e-07
3.32197e-07
3.32316e-07
3.32454e-07
3.32601e-07
3.32704e-07
3.32831e-07
3.32789e-07
3.32798e-07
3.32458e-07
3.32097e-07
3.31455e-07
3.30388e-07
3.29455e-07
3.4241e-07
3.43513e-07
3.44813e-07
3.45573e-07
3.45994e-07
3.46404e-07
3.46391e-07
3.46449e-07
3.46301e-07
3.46187e-07
3.46027e-07
)
;

boundaryField
{
    fuel
    {
        type            fixedValue;
        value           nonuniform 0();
    }
    wall
    {
        type            zeroGradient;
    }
    outlet
    {
        type            zeroGradient;
    }
    frontAndBack
    {
        type            empty;
    }
    procBoundary2to0
    {
        type            processor;
        value           nonuniform List<scalar> 
53
(
2.57511e-07
2.5766e-07
2.57757e-07
2.5783e-07
2.57849e-07
2.57851e-07
2.57827e-07
2.57796e-07
2.57755e-07
2.57712e-07
2.57668e-07
2.57626e-07
2.57585e-07
2.57548e-07
2.57512e-07
2.57482e-07
2.57453e-07
2.5743e-07
2.57272e-07
2.57272e-07
2.57255e-07
2.5724e-07
2.57229e-07
2.5722e-07
2.57215e-07
2.57212e-07
2.57212e-07
2.57215e-07
2.57221e-07
2.57121e-07
2.57121e-07
2.57132e-07
2.57147e-07
2.57165e-07
2.57186e-07
2.57211e-07
2.57239e-07
2.57271e-07
2.57307e-07
2.57344e-07
2.57386e-07
2.57428e-07
2.57414e-07
2.57414e-07
2.57459e-07
2.575e-07
2.57531e-07
2.57555e-07
2.57553e-07
2.57533e-07
2.57461e-07
2.57369e-07
2.5723e-07
)
;
    }
    procBoundary2to3
    {
        type            processor;
        value           nonuniform List<scalar> 
51
(
3.45868e-07
3.45737e-07
3.45598e-07
3.45495e-07
3.45382e-07
3.45304e-07
3.45221e-07
3.45167e-07
3.45111e-07
3.45076e-07
3.45043e-07
3.45026e-07
3.45012e-07
3.45008e-07
3.45009e-07
3.45016e-07
3.45033e-07
3.45052e-07
3.45086e-07
3.45121e-07
3.45177e-07
3.45232e-07
3.45315e-07
3.45392e-07
3.45504e-07
3.45607e-07
3.45743e-07
3.45871e-07
3.46023e-07
3.46184e-07
3.46292e-07
3.46434e-07
3.46371e-07
3.46378e-07
3.45963e-07
3.45536e-07
3.44776e-07
3.4348e-07
3.42361e-07
3.57651e-07
3.58973e-07
3.60535e-07
3.61429e-07
3.61925e-07
3.62421e-07
3.62409e-07
3.62493e-07
3.62328e-07
3.62208e-07
3.45868e-07
3.62036e-07
)
;
    }
}


// ************************************************************************* //
