/*--------------------------------*- C++ -*----------------------------------*\
| =========                 |                                                 |
| \\      /  F ield         | OpenFOAM: The Open Source CFD Toolbox           |
|  \\    /   O peration     | Version:  dev                                   |
|   \\  /    A nd           | Web:      www.OpenFOAM.org                      |
|    \\/     M anipulation  |                                                 |
\*---------------------------------------------------------------------------*/
FoamFile
{
    version     2.0;
    format      ascii;
    class       volScalarField;
    location    "0.03";
    object      C6H2;
}
// * * * * * * * * * * * * * * * * * * * * * * * * * * * * * * * * * * * * * //

dimensions      [0 0 0 0 0 0 0];

internalField   nonuniform List<scalar> 
2014
(
1.82093e-05
1.83207e-05
1.84264e-05
1.84811e-05
1.85046e-05
1.8516e-05
1.8513e-05
1.85146e-05
1.85099e-05
1.85098e-05
1.85063e-05
1.85059e-05
1.85031e-05
1.85026e-05
1.85004e-05
1.84998e-05
1.84981e-05
1.84976e-05
1.84963e-05
1.8496e-05
1.84951e-05
1.84949e-05
1.84944e-05
1.84942e-05
1.84941e-05
1.84941e-05
1.84942e-05
1.84944e-05
1.84949e-05
1.84951e-05
1.8496e-05
1.84964e-05
1.84976e-05
1.84981e-05
1.84998e-05
1.85004e-05
1.85025e-05
1.85031e-05
1.85058e-05
1.85062e-05
1.85097e-05
1.85098e-05
1.85144e-05
1.85129e-05
1.85158e-05
1.85044e-05
1.84809e-05
1.84263e-05
1.83204e-05
1.82091e-05
1.77011e-05
1.78096e-05
1.79116e-05
1.79646e-05
1.79874e-05
1.79983e-05
1.79953e-05
1.79967e-05
1.79921e-05
1.79919e-05
1.79884e-05
1.79879e-05
1.79851e-05
1.79845e-05
1.79823e-05
1.79817e-05
1.798e-05
1.79795e-05
1.79782e-05
1.79778e-05
1.79769e-05
1.79767e-05
1.79762e-05
1.7976e-05
1.79759e-05
1.79759e-05
1.7976e-05
1.79762e-05
1.79767e-05
1.7977e-05
1.79778e-05
1.79782e-05
1.79795e-05
1.798e-05
1.79817e-05
1.79823e-05
1.79845e-05
1.79851e-05
1.79878e-05
1.79883e-05
1.79918e-05
1.7992e-05
1.79966e-05
1.79952e-05
1.79981e-05
1.79872e-05
1.79644e-05
1.79115e-05
1.78094e-05
1.77009e-05
1.72124e-05
1.73183e-05
1.74162e-05
1.74675e-05
1.74896e-05
1.75001e-05
1.74971e-05
1.74983e-05
1.74937e-05
1.74934e-05
1.74899e-05
1.74893e-05
1.74866e-05
1.74859e-05
1.74837e-05
1.74831e-05
1.74813e-05
1.74807e-05
1.74795e-05
1.7479e-05
1.74782e-05
1.74779e-05
1.74774e-05
1.74772e-05
1.74771e-05
1.74771e-05
1.74773e-05
1.74774e-05
1.74779e-05
1.74782e-05
1.74791e-05
1.74795e-05
1.74808e-05
1.74813e-05
1.7483e-05
1.74837e-05
1.74859e-05
1.74865e-05
1.74892e-05
1.74898e-05
1.74932e-05
1.74936e-05
1.74981e-05
1.74969e-05
1.74999e-05
1.74894e-05
1.74673e-05
1.74161e-05
1.7318e-05
1.72121e-05
1.67421e-05
1.68457e-05
1.69394e-05
1.6989e-05
1.70103e-05
1.70203e-05
1.70173e-05
1.70184e-05
1.70139e-05
1.70134e-05
1.701e-05
1.70093e-05
1.70066e-05
1.70058e-05
1.70036e-05
1.70029e-05
1.70012e-05
1.70006e-05
1.69993e-05
1.69988e-05
1.6998e-05
1.69977e-05
1.69972e-05
1.6997e-05
1.69968e-05
1.69968e-05
1.6997e-05
1.69972e-05
1.69977e-05
1.6998e-05
1.69989e-05
1.69993e-05
1.70006e-05
1.70012e-05
1.70029e-05
1.70036e-05
1.70058e-05
1.70065e-05
1.70092e-05
1.70099e-05
1.70133e-05
1.70137e-05
1.70182e-05
1.70172e-05
1.70201e-05
1.70101e-05
1.69888e-05
1.69392e-05
1.68454e-05
1.67418e-05
1.62896e-05
1.63908e-05
1.64805e-05
1.65282e-05
1.65488e-05
1.65584e-05
1.65554e-05
1.65562e-05
1.65518e-05
1.65512e-05
1.65478e-05
1.6547e-05
1.65443e-05
1.65435e-05
1.65413e-05
1.65406e-05
1.65388e-05
1.65382e-05
1.65369e-05
1.65364e-05
1.65355e-05
1.65352e-05
1.65347e-05
1.65345e-05
1.65344e-05
1.65344e-05
1.65346e-05
1.65347e-05
1.65352e-05
1.65356e-05
1.65364e-05
1.65369e-05
1.65382e-05
1.65388e-05
1.65406e-05
1.65413e-05
1.65435e-05
1.65443e-05
1.65469e-05
1.65477e-05
1.65511e-05
1.65516e-05
1.6556e-05
1.65552e-05
1.65582e-05
1.65486e-05
1.6528e-05
1.64803e-05
1.63905e-05
1.62893e-05
1.58539e-05
1.59527e-05
1.60388e-05
1.60845e-05
1.61043e-05
1.61134e-05
1.61104e-05
1.6111e-05
1.61067e-05
1.6106e-05
1.61026e-05
1.61017e-05
1.6099e-05
1.60982e-05
1.6096e-05
1.60952e-05
1.60934e-05
1.60927e-05
1.60915e-05
1.60909e-05
1.60901e-05
1.60897e-05
1.60892e-05
1.6089e-05
1.60889e-05
1.60889e-05
1.60891e-05
1.60892e-05
1.60898e-05
1.60901e-05
1.6091e-05
1.60915e-05
1.60928e-05
1.60934e-05
1.60952e-05
1.6096e-05
1.60981e-05
1.6099e-05
1.61016e-05
1.61025e-05
1.61058e-05
1.61065e-05
1.61109e-05
1.61102e-05
1.61132e-05
1.61041e-05
1.60842e-05
1.60386e-05
1.59524e-05
1.58536e-05
1.54345e-05
1.55308e-05
1.56135e-05
1.5657e-05
1.56761e-05
1.56847e-05
1.56816e-05
1.56821e-05
1.56778e-05
1.5677e-05
1.56736e-05
1.56727e-05
1.567e-05
1.56691e-05
1.56669e-05
1.5666e-05
1.56643e-05
1.56636e-05
1.56623e-05
1.56617e-05
1.56609e-05
1.56605e-05
1.566e-05
1.56598e-05
1.56596e-05
1.56596e-05
1.56598e-05
1.566e-05
1.56605e-05
1.56609e-05
1.56618e-05
1.56623e-05
1.56636e-05
1.56643e-05
1.5666e-05
1.56669e-05
1.5669e-05
1.567e-05
1.56726e-05
1.56735e-05
1.56769e-05
1.56777e-05
1.5682e-05
1.56814e-05
1.56844e-05
1.56758e-05
1.56568e-05
1.56133e-05
1.55305e-05
1.54342e-05
1.50306e-05
1.51244e-05
1.52037e-05
1.52452e-05
1.52634e-05
1.52715e-05
1.52685e-05
1.52688e-05
1.52645e-05
1.52636e-05
1.52603e-05
1.52593e-05
1.52566e-05
1.52556e-05
1.52534e-05
1.52525e-05
1.52508e-05
1.525e-05
1.52487e-05
1.52481e-05
1.52473e-05
1.52469e-05
1.52464e-05
1.52462e-05
1.5246e-05
1.5246e-05
1.52462e-05
1.52464e-05
1.52469e-05
1.52473e-05
1.52482e-05
1.52487e-05
1.525e-05
1.52508e-05
1.52525e-05
1.52534e-05
1.52556e-05
1.52565e-05
1.52592e-05
1.52602e-05
1.52635e-05
1.52644e-05
1.52686e-05
1.52682e-05
1.52713e-05
1.52631e-05
1.52449e-05
1.52035e-05
1.51241e-05
1.50303e-05
1.46416e-05
1.47329e-05
1.48089e-05
1.48483e-05
1.48657e-05
1.48733e-05
1.48702e-05
1.48704e-05
1.48662e-05
1.48652e-05
1.48619e-05
1.48608e-05
1.48581e-05
1.48571e-05
1.48549e-05
1.48539e-05
1.48522e-05
1.48514e-05
1.48501e-05
1.48495e-05
1.48486e-05
1.48482e-05
1.48477e-05
1.48475e-05
1.48473e-05
1.48473e-05
1.48475e-05
1.48477e-05
1.48482e-05
1.48486e-05
1.48495e-05
1.48501e-05
1.48514e-05
1.48522e-05
1.48539e-05
1.48549e-05
1.4857e-05
1.4858e-05
1.48607e-05
1.48618e-05
1.48651e-05
1.48661e-05
1.48703e-05
1.487e-05
1.48731e-05
1.48654e-05
1.4848e-05
1.48087e-05
1.47326e-05
1.46412e-05
1.42668e-05
1.43557e-05
1.44283e-05
1.44657e-05
1.44823e-05
1.44895e-05
1.44864e-05
1.44864e-05
1.44822e-05
1.44811e-05
1.44778e-05
1.44767e-05
1.4474e-05
1.44729e-05
1.44707e-05
1.44697e-05
1.4468e-05
1.44671e-05
1.44658e-05
1.44652e-05
1.44643e-05
1.44639e-05
1.44634e-05
1.44632e-05
1.4463e-05
1.4463e-05
1.44632e-05
1.44634e-05
1.44639e-05
1.44643e-05
1.44652e-05
1.44658e-05
1.44671e-05
1.4468e-05
1.44697e-05
1.44707e-05
1.44728e-05
1.44739e-05
1.44766e-05
1.44777e-05
1.4481e-05
1.44821e-05
1.44862e-05
1.44862e-05
1.44892e-05
1.4482e-05
1.44655e-05
1.44281e-05
1.43554e-05
1.42665e-05
1.39058e-05
1.39922e-05
1.40615e-05
1.4097e-05
1.41126e-05
1.41194e-05
1.41163e-05
1.41162e-05
1.4112e-05
1.41108e-05
1.41075e-05
1.41063e-05
1.41036e-05
1.41025e-05
1.41003e-05
1.40992e-05
1.40975e-05
1.40966e-05
1.40953e-05
1.40947e-05
1.40938e-05
1.40934e-05
1.40928e-05
1.40926e-05
1.40924e-05
1.40924e-05
1.40926e-05
1.40928e-05
1.40934e-05
1.40938e-05
1.40947e-05
1.40953e-05
1.40967e-05
1.40975e-05
1.40992e-05
1.41003e-05
1.41024e-05
1.41036e-05
1.41062e-05
1.41074e-05
1.41107e-05
1.41119e-05
1.4116e-05
1.41161e-05
1.41192e-05
1.41124e-05
1.40967e-05
1.40613e-05
1.39919e-05
1.39054e-05
1.35578e-05
1.36419e-05
1.37078e-05
1.37415e-05
1.37562e-05
1.37626e-05
1.37594e-05
1.37592e-05
1.37551e-05
1.37538e-05
1.37505e-05
1.37492e-05
1.37465e-05
1.37453e-05
1.37431e-05
1.3742e-05
1.37403e-05
1.37394e-05
1.37381e-05
1.37374e-05
1.37365e-05
1.37361e-05
1.37355e-05
1.37353e-05
1.37351e-05
1.37351e-05
1.37353e-05
1.37355e-05
1.37361e-05
1.37365e-05
1.37374e-05
1.37381e-05
1.37394e-05
1.37403e-05
1.3742e-05
1.37431e-05
1.37453e-05
1.37465e-05
1.37491e-05
1.37504e-05
1.37536e-05
1.37549e-05
1.3759e-05
1.37592e-05
1.37624e-05
1.37559e-05
1.37412e-05
1.37076e-05
1.36415e-05
1.35575e-05
1.32225e-05
1.33041e-05
1.33667e-05
1.33987e-05
1.34125e-05
1.34185e-05
1.34153e-05
1.34149e-05
1.34108e-05
1.34095e-05
1.34062e-05
1.34048e-05
1.34021e-05
1.34009e-05
1.33987e-05
1.33976e-05
1.33958e-05
1.33949e-05
1.33935e-05
1.33929e-05
1.33919e-05
1.33915e-05
1.33909e-05
1.33907e-05
1.33905e-05
1.33905e-05
1.33907e-05
1.3391e-05
1.33915e-05
1.3392e-05
1.33929e-05
1.33936e-05
1.33949e-05
1.33958e-05
1.33976e-05
1.33986e-05
1.34008e-05
1.34021e-05
1.34047e-05
1.34061e-05
1.34093e-05
1.34107e-05
1.34147e-05
1.34151e-05
1.34182e-05
1.34123e-05
1.33984e-05
1.33665e-05
1.33037e-05
1.32222e-05
1.28994e-05
1.29784e-05
1.30378e-05
1.30681e-05
1.30811e-05
1.30866e-05
1.30834e-05
1.30829e-05
1.30788e-05
1.30774e-05
1.30741e-05
1.30727e-05
1.307e-05
1.30687e-05
1.30665e-05
1.30653e-05
1.30636e-05
1.30626e-05
1.30613e-05
1.30606e-05
1.30596e-05
1.30592e-05
1.30586e-05
1.30584e-05
1.30582e-05
1.30582e-05
1.30584e-05
1.30586e-05
1.30592e-05
1.30597e-05
1.30606e-05
1.30613e-05
1.30626e-05
1.30636e-05
1.30653e-05
1.30665e-05
1.30686e-05
1.30699e-05
1.30726e-05
1.3074e-05
1.30772e-05
1.30787e-05
1.30827e-05
1.30832e-05
1.30864e-05
1.30808e-05
1.30678e-05
1.30376e-05
1.2978e-05
1.2899e-05
1.25878e-05
1.26643e-05
1.27206e-05
1.27493e-05
1.27614e-05
1.27666e-05
1.27633e-05
1.27626e-05
1.27586e-05
1.27571e-05
1.27538e-05
1.27523e-05
1.27496e-05
1.27483e-05
1.27461e-05
1.27449e-05
1.27431e-05
1.27421e-05
1.27408e-05
1.274e-05
1.27391e-05
1.27386e-05
1.27381e-05
1.27378e-05
1.27376e-05
1.27377e-05
1.27379e-05
1.27381e-05
1.27387e-05
1.27391e-05
1.27401e-05
1.27408e-05
1.27421e-05
1.27431e-05
1.27449e-05
1.2746e-05
1.27482e-05
1.27496e-05
1.27522e-05
1.27537e-05
1.27569e-05
1.27584e-05
1.27624e-05
1.27631e-05
1.27663e-05
1.27611e-05
1.2749e-05
1.27203e-05
1.26639e-05
1.25875e-05
1.22875e-05
1.23613e-05
1.24146e-05
1.24418e-05
1.2453e-05
1.24578e-05
1.24546e-05
1.24537e-05
1.24497e-05
1.24481e-05
1.24449e-05
1.24433e-05
1.24406e-05
1.24392e-05
1.2437e-05
1.24358e-05
1.2434e-05
1.2433e-05
1.24316e-05
1.24309e-05
1.24299e-05
1.24294e-05
1.24289e-05
1.24286e-05
1.24284e-05
1.24284e-05
1.24286e-05
1.24289e-05
1.24295e-05
1.24299e-05
1.24309e-05
1.24316e-05
1.2433e-05
1.2434e-05
1.24358e-05
1.2437e-05
1.24392e-05
1.24406e-05
1.24432e-05
1.24447e-05
1.2448e-05
1.24496e-05
1.24535e-05
1.24543e-05
1.24575e-05
1.24527e-05
1.24415e-05
1.24143e-05
1.2361e-05
1.22872e-05
1.1998e-05
1.20691e-05
1.21194e-05
1.21452e-05
1.21555e-05
1.216e-05
1.21567e-05
1.21557e-05
1.21518e-05
1.21501e-05
1.21468e-05
1.21452e-05
1.21425e-05
1.21411e-05
1.21388e-05
1.21376e-05
1.21358e-05
1.21347e-05
1.21334e-05
1.21326e-05
1.21317e-05
1.21312e-05
1.21306e-05
1.21303e-05
1.21301e-05
1.21302e-05
1.21304e-05
1.21306e-05
1.21312e-05
1.21317e-05
1.21326e-05
1.21334e-05
1.21348e-05
1.21358e-05
1.21376e-05
1.21388e-05
1.2141e-05
1.21425e-05
1.21451e-05
1.21467e-05
1.21499e-05
1.21516e-05
1.21555e-05
1.21564e-05
1.21597e-05
1.21552e-05
1.21448e-05
1.21191e-05
1.20687e-05
1.19977e-05
1.17189e-05
1.17872e-05
1.18346e-05
1.1859e-05
1.18685e-05
1.18727e-05
1.18694e-05
1.18683e-05
1.18643e-05
1.18625e-05
1.18593e-05
1.18576e-05
1.18549e-05
1.18534e-05
1.18512e-05
1.18499e-05
1.18481e-05
1.1847e-05
1.18457e-05
1.18449e-05
1.18439e-05
1.18434e-05
1.18428e-05
1.18426e-05
1.18424e-05
1.18424e-05
1.18426e-05
1.18429e-05
1.18434e-05
1.18439e-05
1.18449e-05
1.18457e-05
1.18471e-05
1.18481e-05
1.18499e-05
1.18512e-05
1.18534e-05
1.18549e-05
1.18575e-05
1.18592e-05
1.18624e-05
1.18641e-05
1.1868e-05
1.18691e-05
1.18724e-05
1.18682e-05
1.18587e-05
1.18343e-05
1.17867e-05
1.17185e-05
1.14498e-05
1.15151e-05
1.15599e-05
1.1583e-05
1.15917e-05
1.15955e-05
1.15921e-05
1.15909e-05
1.1587e-05
1.15852e-05
1.15819e-05
1.15802e-05
1.15775e-05
1.15759e-05
1.15737e-05
1.15724e-05
1.15706e-05
1.15695e-05
1.15681e-05
1.15673e-05
1.15663e-05
1.15658e-05
1.15652e-05
1.15649e-05
1.15647e-05
1.15647e-05
1.1565e-05
1.15652e-05
1.15658e-05
1.15663e-05
1.15673e-05
1.15681e-05
1.15695e-05
1.15706e-05
1.15724e-05
1.15737e-05
1.15759e-05
1.15774e-05
1.15801e-05
1.15818e-05
1.1585e-05
1.15868e-05
1.15907e-05
1.15919e-05
1.15952e-05
1.15914e-05
1.15827e-05
1.15596e-05
1.15147e-05
1.14494e-05
1.11903e-05
1.12526e-05
1.12948e-05
1.13167e-05
1.13246e-05
1.13281e-05
1.13247e-05
1.13233e-05
1.13195e-05
1.13175e-05
1.13143e-05
1.13125e-05
1.13098e-05
1.13082e-05
1.1306e-05
1.13046e-05
1.13028e-05
1.13017e-05
1.13003e-05
1.12994e-05
1.12985e-05
1.12979e-05
1.12973e-05
1.12971e-05
1.12969e-05
1.12969e-05
1.12971e-05
1.12974e-05
1.12979e-05
1.12985e-05
1.12995e-05
1.13003e-05
1.13017e-05
1.13028e-05
1.13046e-05
1.13059e-05
1.13082e-05
1.13097e-05
1.13124e-05
1.13142e-05
1.13173e-05
1.13193e-05
1.13231e-05
1.13244e-05
1.13277e-05
1.13242e-05
1.13163e-05
1.12945e-05
1.12522e-05
1.11899e-05
1.094e-05
1.09993e-05
1.1039e-05
1.10597e-05
1.10669e-05
1.107e-05
1.10666e-05
1.10652e-05
1.10613e-05
1.10593e-05
1.10561e-05
1.10542e-05
1.10515e-05
1.10499e-05
1.10476e-05
1.10462e-05
1.10444e-05
1.10433e-05
1.10418e-05
1.1041e-05
1.104e-05
1.10395e-05
1.10389e-05
1.10386e-05
1.10384e-05
1.10384e-05
1.10386e-05
1.10389e-05
1.10395e-05
1.10401e-05
1.1041e-05
1.10419e-05
1.10433e-05
1.10444e-05
1.10462e-05
1.10476e-05
1.10498e-05
1.10515e-05
1.10541e-05
1.10559e-05
1.10591e-05
1.10611e-05
1.10649e-05
1.10664e-05
1.10697e-05
1.10665e-05
1.10594e-05
1.10386e-05
1.09989e-05
1.09396e-05
1.06986e-05
1.07549e-05
1.07921e-05
1.08118e-05
1.08182e-05
1.0821e-05
1.08176e-05
1.08161e-05
1.08122e-05
1.08101e-05
1.08069e-05
1.0805e-05
1.08023e-05
1.08006e-05
1.07984e-05
1.07969e-05
1.07951e-05
1.07939e-05
1.07925e-05
1.07916e-05
1.07906e-05
1.07901e-05
1.07895e-05
1.07892e-05
1.0789e-05
1.0789e-05
1.07892e-05
1.07895e-05
1.07901e-05
1.07907e-05
1.07917e-05
1.07925e-05
1.07939e-05
1.07951e-05
1.07969e-05
1.07983e-05
1.08006e-05
1.08022e-05
1.08049e-05
1.08068e-05
1.08099e-05
1.0812e-05
1.08158e-05
1.08174e-05
1.08207e-05
1.08178e-05
1.08114e-05
1.07918e-05
1.07544e-05
1.06982e-05
1.04657e-05
1.05191e-05
1.05539e-05
1.05725e-05
1.05782e-05
1.05808e-05
1.05774e-05
1.05757e-05
1.05719e-05
1.05697e-05
1.05665e-05
1.05645e-05
1.05618e-05
1.05601e-05
1.05578e-05
1.05563e-05
1.05545e-05
1.05533e-05
1.05519e-05
1.0551e-05
1.055e-05
1.05494e-05
1.05488e-05
1.05485e-05
1.05483e-05
1.05483e-05
1.05485e-05
1.05488e-05
1.05494e-05
1.055e-05
1.0551e-05
1.05519e-05
1.05533e-05
1.05545e-05
1.05563e-05
1.05578e-05
1.056e-05
1.05617e-05
1.05644e-05
1.05663e-05
1.05695e-05
1.05716e-05
1.05754e-05
1.05771e-05
1.05805e-05
1.05779e-05
1.05721e-05
1.05535e-05
1.05186e-05
1.04653e-05
1.0241e-05
1.02914e-05
1.03239e-05
1.03416e-05
1.03467e-05
1.03489e-05
1.03455e-05
1.03437e-05
1.03399e-05
1.03377e-05
1.03344e-05
1.03324e-05
1.03297e-05
1.0328e-05
1.03257e-05
1.03242e-05
1.03223e-05
1.03211e-05
1.03196e-05
1.03187e-05
1.03177e-05
1.03171e-05
1.03165e-05
1.03162e-05
1.0316e-05
1.0316e-05
1.03163e-05
1.03166e-05
1.03172e-05
1.03178e-05
1.03188e-05
1.03197e-05
1.03211e-05
1.03223e-05
1.03241e-05
1.03256e-05
1.03279e-05
1.03296e-05
1.03323e-05
1.03343e-05
1.03375e-05
1.03396e-05
1.03434e-05
1.03452e-05
1.03486e-05
1.03463e-05
1.03412e-05
1.03235e-05
1.02909e-05
1.02405e-05
1.00241e-05
1.00718e-05
1.01019e-05
1.01187e-05
1.01232e-05
1.01251e-05
1.01217e-05
1.01198e-05
1.0116e-05
1.01137e-05
1.01105e-05
1.01084e-05
1.01057e-05
1.01039e-05
1.01016e-05
1.01001e-05
1.00982e-05
1.00969e-05
1.00955e-05
1.00946e-05
1.00936e-05
1.00929e-05
1.00923e-05
1.0092e-05
1.00918e-05
1.00918e-05
1.00921e-05
1.00924e-05
1.0093e-05
1.00936e-05
1.00946e-05
1.00955e-05
1.00969e-05
1.00982e-05
1.01e-05
1.01016e-05
1.01038e-05
1.01056e-05
1.01083e-05
1.01103e-05
1.01135e-05
1.01157e-05
1.01195e-05
1.01214e-05
1.01248e-05
1.01228e-05
1.01183e-05
1.01015e-05
1.00713e-05
1.00236e-05
9.81472e-06
9.85976e-06
9.88745e-06
9.90348e-06
9.90746e-06
9.9091e-06
9.90566e-06
9.90361e-06
9.89987e-06
9.89751e-06
9.8943e-06
9.89218e-06
9.88946e-06
9.8876e-06
9.8853e-06
9.88372e-06
9.88184e-06
9.88056e-06
9.87911e-06
9.87815e-06
9.87714e-06
9.87652e-06
9.87591e-06
9.8756e-06
9.87539e-06
9.8754e-06
9.87562e-06
9.87594e-06
9.87655e-06
9.87718e-06
9.87819e-06
9.87914e-06
9.88057e-06
9.88184e-06
9.8837e-06
9.88526e-06
9.88754e-06
9.88936e-06
9.89205e-06
9.89413e-06
9.89729e-06
9.89961e-06
9.90331e-06
9.90532e-06
9.90873e-06
9.90706e-06
9.90306e-06
9.88704e-06
9.85924e-06
9.81426e-06
9.61254e-06
9.65501e-06
9.68048e-06
9.69569e-06
9.69916e-06
9.70051e-06
9.69707e-06
9.69491e-06
9.69119e-06
9.68876e-06
9.68556e-06
9.68339e-06
9.68066e-06
9.67876e-06
9.67645e-06
9.67484e-06
9.67295e-06
9.67164e-06
9.67017e-06
9.6692e-06
9.66818e-06
9.66754e-06
9.66693e-06
9.66661e-06
9.66641e-06
9.66641e-06
9.66663e-06
9.66696e-06
9.66757e-06
9.66822e-06
9.66924e-06
9.6702e-06
9.67165e-06
9.67294e-06
9.67481e-06
9.67641e-06
9.67869e-06
9.68056e-06
9.68326e-06
9.68539e-06
9.68854e-06
9.69093e-06
9.6946e-06
9.69673e-06
9.70014e-06
9.69875e-06
9.69526e-06
9.68004e-06
9.65448e-06
9.61207e-06
9.42388e-06
9.46413e-06
9.48755e-06
9.50201e-06
9.505e-06
9.50609e-06
9.50262e-06
9.50036e-06
9.49665e-06
9.49417e-06
9.49096e-06
9.48874e-06
9.486e-06
9.48406e-06
9.48174e-06
9.48009e-06
9.47819e-06
9.47685e-06
9.47538e-06
9.47438e-06
9.47336e-06
9.4727e-06
9.47209e-06
9.47176e-06
9.47155e-06
9.47156e-06
9.47178e-06
9.47212e-06
9.47274e-06
9.47339e-06
9.47442e-06
9.47541e-06
9.47686e-06
9.47818e-06
9.48006e-06
9.48169e-06
9.48398e-06
9.48589e-06
9.4886e-06
9.49078e-06
9.49394e-06
9.49638e-06
9.50005e-06
9.50227e-06
9.5057e-06
9.50458e-06
9.50157e-06
9.48709e-06
9.4636e-06
9.42339e-06
9.23776e-06
9.27595e-06
9.29722e-06
9.31074e-06
9.31308e-06
9.31384e-06
9.31032e-06
9.308e-06
9.30436e-06
9.30191e-06
9.29878e-06
9.29663e-06
9.29396e-06
9.29209e-06
9.28983e-06
9.28824e-06
9.28639e-06
9.2851e-06
9.28366e-06
9.2827e-06
9.28169e-06
9.28106e-06
9.28046e-06
9.28014e-06
9.27994e-06
9.27994e-06
9.28016e-06
9.28049e-06
9.28109e-06
9.28172e-06
9.28272e-06
9.28368e-06
9.28509e-06
9.28637e-06
9.2882e-06
9.28977e-06
9.292e-06
9.29385e-06
9.29648e-06
9.2986e-06
9.30167e-06
9.30408e-06
9.30769e-06
9.30996e-06
9.31345e-06
9.31265e-06
9.31029e-06
9.29676e-06
9.27543e-06
9.23727e-06
9.05611e-06
9.09198e-06
9.11143e-06
9.12411e-06
9.12603e-06
9.12653e-06
9.12301e-06
9.12059e-06
9.11697e-06
9.11446e-06
9.11134e-06
9.10914e-06
9.10647e-06
9.10456e-06
9.1023e-06
9.10068e-06
9.09882e-06
9.09751e-06
9.09606e-06
9.09508e-06
9.09407e-06
9.09343e-06
9.09282e-06
9.0925e-06
9.09229e-06
9.0923e-06
9.09252e-06
9.09285e-06
9.09345e-06
9.0941e-06
9.09511e-06
9.09608e-06
9.0975e-06
9.0988e-06
9.10063e-06
9.10223e-06
9.10447e-06
9.10635e-06
9.10899e-06
9.11115e-06
9.11422e-06
9.11668e-06
9.12026e-06
9.12263e-06
9.12612e-06
9.12559e-06
9.12365e-06
9.11096e-06
9.09144e-06
9.05561e-06
8.88647e-06
8.92033e-06
8.93808e-06
8.95e-06
8.9515e-06
8.95176e-06
8.94823e-06
8.94571e-06
8.94211e-06
8.93955e-06
8.93643e-06
8.93419e-06
8.93151e-06
8.92957e-06
8.92729e-06
8.92564e-06
8.92378e-06
8.92244e-06
8.92099e-06
8.91999e-06
8.91898e-06
8.91832e-06
8.91771e-06
8.91738e-06
8.91717e-06
8.91718e-06
8.9174e-06
8.91774e-06
8.91834e-06
8.919e-06
8.92001e-06
8.921e-06
8.92243e-06
8.92375e-06
8.92559e-06
8.92722e-06
8.92947e-06
8.93138e-06
8.93402e-06
8.93622e-06
8.93929e-06
8.94181e-06
8.94537e-06
8.94783e-06
8.95134e-06
8.95105e-06
8.94952e-06
8.93758e-06
8.91978e-06
8.88594e-06
8.72287e-06
8.7548e-06
8.77095e-06
8.78213e-06
8.78324e-06
8.78326e-06
8.77972e-06
8.7771e-06
8.77352e-06
8.77091e-06
8.76779e-06
8.76551e-06
8.76282e-06
8.76084e-06
8.75856e-06
8.75688e-06
8.75501e-06
8.75365e-06
8.75218e-06
8.75117e-06
8.75015e-06
8.74948e-06
8.74887e-06
8.74853e-06
8.74832e-06
8.74833e-06
8.74855e-06
8.7489e-06
8.7495e-06
8.75017e-06
8.75119e-06
8.7522e-06
8.75363e-06
8.75497e-06
8.75683e-06
8.75848e-06
8.76073e-06
8.76268e-06
8.76533e-06
8.76757e-06
8.77064e-06
8.7732e-06
8.77675e-06
8.77931e-06
8.78283e-06
8.78277e-06
8.78163e-06
8.77044e-06
8.75423e-06
8.72232e-06
8.56303e-06
8.59355e-06
8.60813e-06
8.61845e-06
8.61899e-06
8.61871e-06
8.6151e-06
8.61245e-06
8.60894e-06
8.60641e-06
8.60339e-06
8.60121e-06
8.59863e-06
8.59675e-06
8.59456e-06
8.59297e-06
8.59116e-06
8.58987e-06
8.58846e-06
8.58749e-06
8.58651e-06
8.58587e-06
8.58528e-06
8.58495e-06
8.58475e-06
8.58476e-06
8.58497e-06
8.5853e-06
8.58588e-06
8.58652e-06
8.58751e-06
8.58846e-06
8.58985e-06
8.59112e-06
8.5929e-06
8.59447e-06
8.59663e-06
8.59848e-06
8.60103e-06
8.60317e-06
8.60613e-06
8.60863e-06
8.61211e-06
8.61469e-06
8.61829e-06
8.61853e-06
8.61797e-06
8.60763e-06
8.59301e-06
8.5625e-06
8.40554e-06
8.43408e-06
8.44726e-06
8.45679e-06
8.45699e-06
8.45648e-06
8.45286e-06
8.45014e-06
8.44665e-06
8.44407e-06
8.44106e-06
8.43885e-06
8.43627e-06
8.43437e-06
8.43218e-06
8.43056e-06
8.42876e-06
8.42745e-06
8.42603e-06
8.42505e-06
8.42406e-06
8.42341e-06
8.42282e-06
8.42249e-06
8.42229e-06
8.4223e-06
8.42251e-06
8.42284e-06
8.42342e-06
8.42407e-06
8.42505e-06
8.42602e-06
8.42741e-06
8.4287e-06
8.43048e-06
8.43207e-06
8.43424e-06
8.43612e-06
8.43866e-06
8.44083e-06
8.44378e-06
8.44632e-06
8.44979e-06
8.45243e-06
8.45603e-06
8.45651e-06
8.45629e-06
8.44674e-06
8.43352e-06
8.40498e-06
8.25325e-06
8.27989e-06
8.29176e-06
8.3005e-06
8.30039e-06
8.29965e-06
8.29602e-06
8.29325e-06
8.28977e-06
8.28715e-06
8.28415e-06
8.28191e-06
8.27933e-06
8.2774e-06
8.27521e-06
8.27357e-06
8.27177e-06
8.27044e-06
8.26901e-06
8.26802e-06
8.26703e-06
8.26637e-06
8.26577e-06
8.26544e-06
8.26524e-06
8.26525e-06
8.26546e-06
8.26579e-06
8.26637e-06
8.26703e-06
8.26802e-06
8.269e-06
8.27039e-06
8.2717e-06
8.27348e-06
8.27509e-06
8.27726e-06
8.27916e-06
8.2817e-06
8.2839e-06
8.28683e-06
8.28942e-06
8.29287e-06
8.29558e-06
8.29918e-06
8.29989e-06
8.29998e-06
8.29122e-06
8.27931e-06
8.25266e-06
8.11074e-06
8.13574e-06
8.14636e-06
8.15439e-06
8.15396e-06
8.153e-06
8.14935e-06
8.14654e-06
8.14306e-06
8.14039e-06
8.1374e-06
8.13514e-06
8.13256e-06
8.1306e-06
8.12841e-06
8.12676e-06
8.12494e-06
8.1236e-06
8.12216e-06
8.12116e-06
8.12016e-06
8.1195e-06
8.1189e-06
8.11856e-06
8.11836e-06
8.11836e-06
8.11858e-06
8.11892e-06
8.11949e-06
8.12016e-06
8.12115e-06
8.12215e-06
8.12354e-06
8.12486e-06
8.12665e-06
8.12828e-06
8.13044e-06
8.13237e-06
8.13491e-06
8.13714e-06
8.14005e-06
8.14269e-06
8.14612e-06
8.14889e-06
8.15251e-06
8.15343e-06
8.15384e-06
8.14578e-06
8.13513e-06
8.11012e-06
7.97308e-06
7.99651e-06
8.00594e-06
8.01329e-06
8.01255e-06
8.01139e-06
8.00771e-06
8.00486e-06
8.00138e-06
7.99867e-06
7.99569e-06
7.9934e-06
7.99082e-06
7.98885e-06
7.98665e-06
7.98498e-06
7.98316e-06
7.98181e-06
7.98035e-06
7.97933e-06
7.97833e-06
7.97766e-06
7.97706e-06
7.97672e-06
7.97651e-06
7.97652e-06
7.97673e-06
7.97708e-06
7.97765e-06
7.97832e-06
7.97932e-06
7.98032e-06
7.98172e-06
7.98305e-06
7.98485e-06
7.98649e-06
7.98866e-06
7.99061e-06
7.99315e-06
7.9954e-06
7.9983e-06
8.00098e-06
8.00441e-06
8.00722e-06
8.01086e-06
8.01199e-06
8.0127e-06
8.00533e-06
7.99587e-06
7.97243e-06
7.84006e-06
7.86199e-06
7.8703e-06
7.87698e-06
7.87595e-06
7.87458e-06
7.87089e-06
7.86799e-06
7.86452e-06
7.86177e-06
7.8588e-06
7.85648e-06
7.8539e-06
7.85191e-06
7.84971e-06
7.84802e-06
7.8462e-06
7.84483e-06
7.84335e-06
7.84232e-06
7.84132e-06
7.84064e-06
7.84003e-06
7.83969e-06
7.83948e-06
7.83949e-06
7.83971e-06
7.84005e-06
7.84062e-06
7.8413e-06
7.8423e-06
7.84332e-06
7.84472e-06
7.84606e-06
7.84786e-06
7.84952e-06
7.8517e-06
7.85366e-06
7.8562e-06
7.85847e-06
7.86135e-06
7.86407e-06
7.86749e-06
7.87035e-06
7.87402e-06
7.87535e-06
7.87635e-06
7.86965e-06
7.8613e-06
7.83937e-06
7.71149e-06
7.73196e-06
7.73922e-06
7.74524e-06
7.74393e-06
7.74237e-06
7.73866e-06
7.73572e-06
7.73226e-06
7.72946e-06
7.7265e-06
7.72416e-06
7.72158e-06
7.71957e-06
7.71737e-06
7.71566e-06
7.71384e-06
7.71245e-06
7.71095e-06
7.70992e-06
7.70891e-06
7.70822e-06
7.70761e-06
7.70726e-06
7.70705e-06
7.70706e-06
7.70728e-06
7.70763e-06
7.70818e-06
7.70887e-06
7.70988e-06
7.7109e-06
7.71231e-06
7.71367e-06
7.71547e-06
7.71715e-06
7.71932e-06
7.7213e-06
7.72385e-06
7.72614e-06
7.72899e-06
7.73176e-06
7.73517e-06
7.73808e-06
7.74176e-06
7.74328e-06
7.74457e-06
7.73851e-06
7.73123e-06
7.71074e-06
7.58294e-06
7.58189e-06
7.58088e-06
7.58018e-06
7.57957e-06
7.57922e-06
7.57901e-06
7.57901e-06
7.57923e-06
7.57959e-06
7.58013e-06
7.58083e-06
7.58183e-06
7.58287e-06
7.58428e-06
7.58565e-06
7.58746e-06
7.58915e-06
7.59133e-06
7.59333e-06
7.59587e-06
7.59818e-06
7.60101e-06
7.60382e-06
7.60722e-06
7.61017e-06
7.61387e-06
7.61558e-06
7.61713e-06
7.61171e-06
7.60543e-06
7.58632e-06
7.45379e-06
7.45448e-06
7.45547e-06
7.4565e-06
7.45789e-06
7.45924e-06
7.46102e-06
7.46268e-06
7.46483e-06
7.46679e-06
7.46929e-06
7.47157e-06
7.47432e-06
7.47713e-06
7.48048e-06
7.48346e-06
7.48719e-06
7.48913e-06
7.491e-06
7.48625e-06
7.48095e-06
7.46305e-06
7.35422e-06
7.35708e-06
7.36042e-06
7.36344e-06
7.36719e-06
7.3693e-06
7.37142e-06
7.36727e-06
7.36288e-06
7.34625e-06
)
;

boundaryField
{
    fuel
    {
        type            fixedValue;
        value           nonuniform 0();
    }
    wall
    {
        type            zeroGradient;
    }
    outlet
    {
        type            zeroGradient;
    }
    frontAndBack
    {
        type            empty;
    }
    procBoundary0to1
    {
        type            processor;
        value           nonuniform List<scalar> 
50
(
1.87379e-05
1.88523e-05
1.89616e-05
1.90181e-05
1.90421e-05
1.90541e-05
1.9051e-05
1.90527e-05
1.9048e-05
1.9048e-05
1.90445e-05
1.90441e-05
1.90414e-05
1.90409e-05
1.90387e-05
1.90382e-05
1.90365e-05
1.9036e-05
1.90348e-05
1.90344e-05
1.90336e-05
1.90334e-05
1.90329e-05
1.90327e-05
1.90326e-05
1.90326e-05
1.90327e-05
1.90329e-05
1.90334e-05
1.90336e-05
1.90345e-05
1.90348e-05
1.90361e-05
1.90365e-05
1.90382e-05
1.90387e-05
1.90409e-05
1.90414e-05
1.90441e-05
1.90444e-05
1.90479e-05
1.90479e-05
1.90526e-05
1.90509e-05
1.90539e-05
1.90419e-05
1.90179e-05
1.89614e-05
1.8852e-05
1.87377e-05
)
;
    }
    procBoundary0to2
    {
        type            processor;
        value           nonuniform List<scalar> 
53
(
7.58705e-06
7.60614e-06
7.61239e-06
7.61779e-06
7.61621e-06
7.61446e-06
7.61073e-06
7.60774e-06
7.60429e-06
7.60146e-06
7.5985e-06
7.59615e-06
7.59357e-06
7.59154e-06
7.58933e-06
7.58761e-06
7.58578e-06
7.58439e-06
7.58439e-06
7.4565e-06
7.45546e-06
7.45446e-06
7.45378e-06
7.45317e-06
7.45282e-06
7.45261e-06
7.45262e-06
7.45283e-06
7.45319e-06
7.45319e-06
7.33359e-06
7.33429e-06
7.33529e-06
7.33632e-06
7.33772e-06
7.33908e-06
7.34086e-06
7.34253e-06
7.34467e-06
7.34665e-06
7.34914e-06
7.35143e-06
7.35143e-06
7.23773e-06
7.24064e-06
7.24396e-06
7.24701e-06
7.25079e-06
7.25307e-06
7.25544e-06
7.25187e-06
7.24834e-06
7.23292e-06
)
;
    }
}


// ************************************************************************* //
