/*--------------------------------*- C++ -*----------------------------------*\
| =========                 |                                                 |
| \\      /  F ield         | OpenFOAM: The Open Source CFD Toolbox           |
|  \\    /   O peration     | Version:  dev                                   |
|   \\  /    A nd           | Web:      www.OpenFOAM.org                      |
|    \\/     M anipulation  |                                                 |
\*---------------------------------------------------------------------------*/
FoamFile
{
    version     2.0;
    format      ascii;
    class       volScalarField;
    location    "0.07";
    object      C5H2;
}
// * * * * * * * * * * * * * * * * * * * * * * * * * * * * * * * * * * * * * //

dimensions      [0 0 0 0 0 0 0];

internalField   nonuniform List<scalar> 
2014
(
5.65315e-07
5.69154e-07
5.72898e-07
5.74854e-07
5.75631e-07
5.76066e-07
5.75972e-07
5.76025e-07
5.75872e-07
5.7588e-07
5.75778e-07
5.75788e-07
5.75723e-07
5.75734e-07
5.75693e-07
5.75705e-07
5.75679e-07
5.75692e-07
5.75675e-07
5.75683e-07
5.75672e-07
5.75677e-07
5.75671e-07
5.75674e-07
5.75672e-07
5.75672e-07
5.75674e-07
5.75671e-07
5.75677e-07
5.75673e-07
5.75683e-07
5.75675e-07
5.75691e-07
5.75679e-07
5.75706e-07
5.75693e-07
5.75734e-07
5.75723e-07
5.75788e-07
5.75779e-07
5.7588e-07
5.75872e-07
5.76025e-07
5.75972e-07
5.76066e-07
5.7563e-07
5.74853e-07
5.72897e-07
5.69154e-07
5.65315e-07
5.48183e-07
5.51895e-07
5.55488e-07
5.5736e-07
5.58105e-07
5.58521e-07
5.58427e-07
5.58472e-07
5.58322e-07
5.58326e-07
5.58226e-07
5.58233e-07
5.58169e-07
5.58178e-07
5.58139e-07
5.5815e-07
5.58124e-07
5.58136e-07
5.5812e-07
5.58128e-07
5.58117e-07
5.58122e-07
5.58115e-07
5.58118e-07
5.58116e-07
5.58116e-07
5.58118e-07
5.58115e-07
5.58122e-07
5.58117e-07
5.58128e-07
5.5812e-07
5.58136e-07
5.58124e-07
5.5815e-07
5.58139e-07
5.58179e-07
5.58169e-07
5.58233e-07
5.58226e-07
5.58326e-07
5.58322e-07
5.58472e-07
5.58427e-07
5.5852e-07
5.58105e-07
5.57359e-07
5.55487e-07
5.51895e-07
5.48183e-07
5.31924e-07
5.35522e-07
5.38963e-07
5.40754e-07
5.41468e-07
5.41863e-07
5.41769e-07
5.41807e-07
5.4166e-07
5.41659e-07
5.41562e-07
5.41566e-07
5.41503e-07
5.41511e-07
5.41472e-07
5.41482e-07
5.41457e-07
5.41468e-07
5.41452e-07
5.4146e-07
5.4145e-07
5.41454e-07
5.41448e-07
5.4145e-07
5.41449e-07
5.41449e-07
5.4145e-07
5.41448e-07
5.41454e-07
5.4145e-07
5.4146e-07
5.41452e-07
5.41468e-07
5.41457e-07
5.41482e-07
5.41472e-07
5.41511e-07
5.41504e-07
5.41565e-07
5.41562e-07
5.41659e-07
5.4166e-07
5.41807e-07
5.41769e-07
5.41863e-07
5.41468e-07
5.40753e-07
5.38962e-07
5.35522e-07
5.31924e-07
5.16446e-07
5.19942e-07
5.23229e-07
5.24943e-07
5.25625e-07
5.26001e-07
5.25906e-07
5.25938e-07
5.25793e-07
5.25788e-07
5.25692e-07
5.25693e-07
5.25632e-07
5.25638e-07
5.256e-07
5.25609e-07
5.25585e-07
5.25595e-07
5.2558e-07
5.25587e-07
5.25577e-07
5.25581e-07
5.25575e-07
5.25578e-07
5.25576e-07
5.25576e-07
5.25578e-07
5.25575e-07
5.25581e-07
5.25577e-07
5.25587e-07
5.2558e-07
5.25595e-07
5.25585e-07
5.25609e-07
5.256e-07
5.25638e-07
5.25632e-07
5.25693e-07
5.25692e-07
5.25788e-07
5.25792e-07
5.25937e-07
5.25906e-07
5.26e-07
5.25625e-07
5.24943e-07
5.23228e-07
5.19942e-07
5.16446e-07
5.01672e-07
5.05067e-07
5.08217e-07
5.0985e-07
5.10499e-07
5.10855e-07
5.10759e-07
5.10784e-07
5.10641e-07
5.10633e-07
5.10538e-07
5.10537e-07
5.10477e-07
5.10482e-07
5.10445e-07
5.10453e-07
5.10429e-07
5.10438e-07
5.10424e-07
5.1043e-07
5.10421e-07
5.10424e-07
5.10419e-07
5.10421e-07
5.10419e-07
5.10419e-07
5.10421e-07
5.10419e-07
5.10424e-07
5.10421e-07
5.1043e-07
5.10424e-07
5.10438e-07
5.10429e-07
5.10453e-07
5.10445e-07
5.10482e-07
5.10477e-07
5.10537e-07
5.10538e-07
5.10633e-07
5.10641e-07
5.10784e-07
5.10759e-07
5.10855e-07
5.10498e-07
5.09849e-07
5.08216e-07
5.05067e-07
5.01671e-07
4.87536e-07
4.90839e-07
4.93851e-07
4.95406e-07
4.96021e-07
4.96359e-07
4.96261e-07
4.96279e-07
4.96139e-07
4.96127e-07
4.96034e-07
4.9603e-07
4.95972e-07
4.95975e-07
4.95938e-07
4.95945e-07
4.95922e-07
4.95931e-07
4.95917e-07
4.95923e-07
4.95913e-07
4.95917e-07
4.95912e-07
4.95914e-07
4.95912e-07
4.95912e-07
4.95914e-07
4.95912e-07
4.95917e-07
4.95913e-07
4.95923e-07
4.95917e-07
4.95931e-07
4.95922e-07
4.95946e-07
4.95938e-07
4.95975e-07
4.95972e-07
4.9603e-07
4.96034e-07
4.96127e-07
4.96139e-07
4.96279e-07
4.96261e-07
4.96359e-07
4.96021e-07
4.95405e-07
4.9385e-07
4.90838e-07
4.87536e-07
4.73985e-07
4.77198e-07
4.80074e-07
4.81554e-07
4.82136e-07
4.82455e-07
4.82355e-07
4.82367e-07
4.82228e-07
4.82213e-07
4.82121e-07
4.82116e-07
4.82058e-07
4.8206e-07
4.82024e-07
4.8203e-07
4.82007e-07
4.82016e-07
4.82002e-07
4.82008e-07
4.81998e-07
4.82002e-07
4.81997e-07
4.81999e-07
4.81997e-07
4.81997e-07
4.81999e-07
4.81997e-07
4.82002e-07
4.81998e-07
4.82008e-07
4.82002e-07
4.82016e-07
4.82008e-07
4.8203e-07
4.82024e-07
4.8206e-07
4.82058e-07
4.82116e-07
4.82121e-07
4.82213e-07
4.82228e-07
4.82367e-07
4.82355e-07
4.82455e-07
4.82136e-07
4.81553e-07
4.80073e-07
4.77198e-07
4.73985e-07
4.6097e-07
4.64095e-07
4.66837e-07
4.68245e-07
4.68794e-07
4.69095e-07
4.68992e-07
4.68998e-07
4.68861e-07
4.68842e-07
4.68752e-07
4.68744e-07
4.68687e-07
4.68688e-07
4.68653e-07
4.68658e-07
4.68636e-07
4.68644e-07
4.6863e-07
4.68636e-07
4.68627e-07
4.6863e-07
4.68625e-07
4.68627e-07
4.68625e-07
4.68625e-07
4.68627e-07
4.68625e-07
4.6863e-07
4.68627e-07
4.68636e-07
4.6863e-07
4.68644e-07
4.68636e-07
4.68658e-07
4.68653e-07
4.68688e-07
4.68687e-07
4.68744e-07
4.68752e-07
4.68842e-07
4.68861e-07
4.68998e-07
4.68992e-07
4.69094e-07
4.68794e-07
4.68244e-07
4.66836e-07
4.64095e-07
4.60969e-07
4.48448e-07
4.51487e-07
4.54098e-07
4.55436e-07
4.55953e-07
4.56235e-07
4.56129e-07
4.5613e-07
4.55994e-07
4.55972e-07
4.55883e-07
4.55873e-07
4.55817e-07
4.55817e-07
4.55782e-07
4.55787e-07
4.55765e-07
4.55772e-07
4.55759e-07
4.55764e-07
4.55755e-07
4.55759e-07
4.55753e-07
4.55755e-07
4.55754e-07
4.55754e-07
4.55755e-07
4.55754e-07
4.55759e-07
4.55755e-07
4.55764e-07
4.55759e-07
4.55772e-07
4.55765e-07
4.55787e-07
4.55782e-07
4.55817e-07
4.55817e-07
4.55873e-07
4.55883e-07
4.55972e-07
4.55993e-07
4.56129e-07
4.56129e-07
4.56234e-07
4.55952e-07
4.55435e-07
4.54098e-07
4.51487e-07
4.48448e-07
4.36385e-07
4.39337e-07
4.4182e-07
4.4309e-07
4.43575e-07
4.43839e-07
4.4373e-07
4.43725e-07
4.4359e-07
4.43566e-07
4.43477e-07
4.43466e-07
4.43411e-07
4.43409e-07
4.43375e-07
4.4338e-07
4.43358e-07
4.43365e-07
4.43352e-07
4.43357e-07
4.43348e-07
4.43351e-07
4.43346e-07
4.43348e-07
4.43346e-07
4.43346e-07
4.43348e-07
4.43346e-07
4.43351e-07
4.43348e-07
4.43357e-07
4.43352e-07
4.43365e-07
4.43358e-07
4.4338e-07
4.43376e-07
4.4341e-07
4.43411e-07
4.43466e-07
4.43477e-07
4.43566e-07
4.4359e-07
4.43725e-07
4.4373e-07
4.43838e-07
4.43575e-07
4.4309e-07
4.41819e-07
4.39337e-07
4.36385e-07
4.24749e-07
4.27611e-07
4.29971e-07
4.31176e-07
4.31629e-07
4.31874e-07
4.31762e-07
4.31751e-07
4.31618e-07
4.31591e-07
4.31503e-07
4.31491e-07
4.31436e-07
4.31434e-07
4.314e-07
4.31404e-07
4.31382e-07
4.31389e-07
4.31376e-07
4.3138e-07
4.31372e-07
4.31375e-07
4.3137e-07
4.31372e-07
4.3137e-07
4.3137e-07
4.31372e-07
4.3137e-07
4.31375e-07
4.31372e-07
4.3138e-07
4.31376e-07
4.31389e-07
4.31383e-07
4.31404e-07
4.314e-07
4.31434e-07
4.31436e-07
4.31491e-07
4.31503e-07
4.31591e-07
4.31618e-07
4.31751e-07
4.31762e-07
4.31873e-07
4.31628e-07
4.31175e-07
4.2997e-07
4.27611e-07
4.24748e-07
4.13511e-07
4.16281e-07
4.18521e-07
4.19663e-07
4.20085e-07
4.20312e-07
4.20197e-07
4.20181e-07
4.20048e-07
4.20019e-07
4.19932e-07
4.19918e-07
4.19864e-07
4.19861e-07
4.19828e-07
4.1983e-07
4.1981e-07
4.19816e-07
4.19803e-07
4.19807e-07
4.19799e-07
4.19802e-07
4.19797e-07
4.19799e-07
4.19797e-07
4.19797e-07
4.19799e-07
4.19797e-07
4.19802e-07
4.19799e-07
4.19807e-07
4.19803e-07
4.19815e-07
4.1981e-07
4.19831e-07
4.19828e-07
4.19861e-07
4.19864e-07
4.19918e-07
4.19932e-07
4.20019e-07
4.20048e-07
4.2018e-07
4.20197e-07
4.20311e-07
4.20085e-07
4.19662e-07
4.1852e-07
4.16281e-07
4.13511e-07
4.02648e-07
4.0532e-07
4.07445e-07
4.08527e-07
4.08919e-07
4.09128e-07
4.09009e-07
4.08987e-07
4.08856e-07
4.08824e-07
4.08738e-07
4.08723e-07
4.0867e-07
4.08665e-07
4.08633e-07
4.08635e-07
4.08615e-07
4.0862e-07
4.08608e-07
4.08612e-07
4.08604e-07
4.08607e-07
4.08602e-07
4.08603e-07
4.08602e-07
4.08602e-07
4.08603e-07
4.08602e-07
4.08606e-07
4.08604e-07
4.08612e-07
4.08608e-07
4.0862e-07
4.08615e-07
4.08635e-07
4.08633e-07
4.08665e-07
4.0867e-07
4.08723e-07
4.08738e-07
4.08824e-07
4.08856e-07
4.08987e-07
4.09009e-07
4.09127e-07
4.08919e-07
4.08526e-07
4.07445e-07
4.0532e-07
4.02647e-07
3.92136e-07
3.94707e-07
3.96722e-07
3.97746e-07
3.98107e-07
3.98298e-07
3.98176e-07
3.98149e-07
3.98019e-07
3.97984e-07
3.979e-07
3.97883e-07
3.9783e-07
3.97825e-07
3.97793e-07
3.97795e-07
3.97775e-07
3.9778e-07
3.97768e-07
3.97772e-07
3.97764e-07
3.97766e-07
3.97762e-07
3.97763e-07
3.97762e-07
3.97762e-07
3.97763e-07
3.97762e-07
3.97766e-07
3.97764e-07
3.97771e-07
3.97767e-07
3.9778e-07
3.97775e-07
3.97795e-07
3.97793e-07
3.97825e-07
3.9783e-07
3.97883e-07
3.979e-07
3.97984e-07
3.98019e-07
3.98149e-07
3.98176e-07
3.98298e-07
3.98107e-07
3.97745e-07
3.96721e-07
3.94707e-07
3.92135e-07
3.81954e-07
3.8442e-07
3.8633e-07
3.87299e-07
3.8763e-07
3.87803e-07
3.87678e-07
3.87646e-07
3.87516e-07
3.87479e-07
3.87395e-07
3.87377e-07
3.87325e-07
3.8732e-07
3.87288e-07
3.87289e-07
3.8727e-07
3.87274e-07
3.87262e-07
3.87266e-07
3.87258e-07
3.87261e-07
3.87256e-07
3.87258e-07
3.87256e-07
3.87256e-07
3.87258e-07
3.87256e-07
3.87261e-07
3.87258e-07
3.87266e-07
3.87262e-07
3.87274e-07
3.8727e-07
3.87289e-07
3.87288e-07
3.8732e-07
3.87325e-07
3.87377e-07
3.87396e-07
3.87479e-07
3.87516e-07
3.87645e-07
3.87677e-07
3.87803e-07
3.87629e-07
3.87298e-07
3.86329e-07
3.8442e-07
3.81953e-07
3.72083e-07
3.74443e-07
3.76251e-07
3.77167e-07
3.77467e-07
3.77625e-07
3.77495e-07
3.77458e-07
3.77329e-07
3.77291e-07
3.77207e-07
3.77188e-07
3.77137e-07
3.7713e-07
3.77099e-07
3.771e-07
3.77081e-07
3.77085e-07
3.77073e-07
3.77076e-07
3.77069e-07
3.77071e-07
3.77067e-07
3.77068e-07
3.77067e-07
3.77067e-07
3.77068e-07
3.77067e-07
3.77071e-07
3.77069e-07
3.77076e-07
3.77073e-07
3.77085e-07
3.77081e-07
3.771e-07
3.77099e-07
3.7713e-07
3.77137e-07
3.77188e-07
3.77207e-07
3.7729e-07
3.77329e-07
3.77458e-07
3.77495e-07
3.77624e-07
3.77467e-07
3.77166e-07
3.7625e-07
3.74443e-07
3.72082e-07
3.62505e-07
3.64759e-07
3.66468e-07
3.67333e-07
3.67604e-07
3.67745e-07
3.67611e-07
3.67569e-07
3.67441e-07
3.67401e-07
3.67319e-07
3.67298e-07
3.67247e-07
3.6724e-07
3.6721e-07
3.6721e-07
3.67191e-07
3.67195e-07
3.67183e-07
3.67186e-07
3.67179e-07
3.67181e-07
3.67177e-07
3.67178e-07
3.67177e-07
3.67177e-07
3.67178e-07
3.67177e-07
3.67181e-07
3.67179e-07
3.67186e-07
3.67183e-07
3.67195e-07
3.67191e-07
3.6721e-07
3.6721e-07
3.6724e-07
3.67248e-07
3.67298e-07
3.67319e-07
3.67401e-07
3.67441e-07
3.67569e-07
3.67611e-07
3.67744e-07
3.67604e-07
3.67333e-07
3.66467e-07
3.64759e-07
3.62504e-07
3.53205e-07
3.55352e-07
3.56966e-07
3.57782e-07
3.58024e-07
3.58149e-07
3.58011e-07
3.57964e-07
3.57837e-07
3.57795e-07
3.57713e-07
3.57692e-07
3.57642e-07
3.57634e-07
3.57604e-07
3.57604e-07
3.57585e-07
3.57588e-07
3.57577e-07
3.5758e-07
3.57573e-07
3.57575e-07
3.57571e-07
3.57572e-07
3.57571e-07
3.57571e-07
3.57572e-07
3.57571e-07
3.57575e-07
3.57573e-07
3.5758e-07
3.57577e-07
3.57588e-07
3.57585e-07
3.57604e-07
3.57604e-07
3.57634e-07
3.57642e-07
3.57692e-07
3.57713e-07
3.57795e-07
3.57837e-07
3.57964e-07
3.58011e-07
3.58148e-07
3.58024e-07
3.57781e-07
3.56965e-07
3.55352e-07
3.53204e-07
3.44166e-07
3.46208e-07
3.47731e-07
3.48498e-07
3.48713e-07
3.48822e-07
3.4868e-07
3.48628e-07
3.48502e-07
3.48458e-07
3.48377e-07
3.48355e-07
3.48305e-07
3.48297e-07
3.48267e-07
3.48267e-07
3.48248e-07
3.48251e-07
3.4824e-07
3.48243e-07
3.48236e-07
3.48238e-07
3.48234e-07
3.48235e-07
3.48234e-07
3.48234e-07
3.48235e-07
3.48234e-07
3.48238e-07
3.48236e-07
3.48243e-07
3.4824e-07
3.48251e-07
3.48248e-07
3.48267e-07
3.48267e-07
3.48297e-07
3.48305e-07
3.48355e-07
3.48377e-07
3.48458e-07
3.48502e-07
3.48628e-07
3.48679e-07
3.48821e-07
3.48712e-07
3.48498e-07
3.47731e-07
3.46208e-07
3.44166e-07
3.35376e-07
3.37312e-07
3.38753e-07
3.3947e-07
3.39657e-07
3.3975e-07
3.39604e-07
3.39548e-07
3.39423e-07
3.39377e-07
3.39297e-07
3.39273e-07
3.39225e-07
3.39216e-07
3.39186e-07
3.39185e-07
3.39167e-07
3.3917e-07
3.39159e-07
3.39162e-07
3.39155e-07
3.39157e-07
3.39153e-07
3.39154e-07
3.39153e-07
3.39153e-07
3.39154e-07
3.39153e-07
3.39157e-07
3.39155e-07
3.39162e-07
3.39159e-07
3.3917e-07
3.39167e-07
3.39185e-07
3.39186e-07
3.39216e-07
3.39225e-07
3.39273e-07
3.39297e-07
3.39377e-07
3.39422e-07
3.39548e-07
3.39603e-07
3.3975e-07
3.39656e-07
3.39469e-07
3.38752e-07
3.37311e-07
3.35376e-07
3.2682e-07
3.28655e-07
3.30013e-07
3.30682e-07
3.30844e-07
3.30921e-07
3.3077e-07
3.3071e-07
3.30586e-07
3.30539e-07
3.3046e-07
3.30435e-07
3.30387e-07
3.30378e-07
3.30349e-07
3.30347e-07
3.3033e-07
3.30332e-07
3.30321e-07
3.30324e-07
3.30317e-07
3.30319e-07
3.30315e-07
3.30316e-07
3.30315e-07
3.30315e-07
3.30316e-07
3.30315e-07
3.30319e-07
3.30317e-07
3.30324e-07
3.30321e-07
3.30332e-07
3.3033e-07
3.30347e-07
3.30349e-07
3.30378e-07
3.30387e-07
3.30435e-07
3.3046e-07
3.30538e-07
3.30586e-07
3.3071e-07
3.3077e-07
3.30921e-07
3.30843e-07
3.30682e-07
3.30013e-07
3.28655e-07
3.2682e-07
3.18487e-07
3.20227e-07
3.21501e-07
3.22125e-07
3.22261e-07
3.22324e-07
3.22168e-07
3.22104e-07
3.2198e-07
3.21932e-07
3.21854e-07
3.21828e-07
3.21781e-07
3.21771e-07
3.21742e-07
3.21741e-07
3.21723e-07
3.21726e-07
3.21715e-07
3.21717e-07
3.21711e-07
3.21712e-07
3.21709e-07
3.2171e-07
3.21709e-07
3.21709e-07
3.2171e-07
3.21709e-07
3.21712e-07
3.21711e-07
3.21717e-07
3.21715e-07
3.21725e-07
3.21723e-07
3.21741e-07
3.21742e-07
3.21771e-07
3.21781e-07
3.21828e-07
3.21854e-07
3.21931e-07
3.2198e-07
3.22104e-07
3.22168e-07
3.22323e-07
3.22261e-07
3.22124e-07
3.215e-07
3.20227e-07
3.18487e-07
3.10366e-07
3.12014e-07
3.13204e-07
3.13785e-07
3.13898e-07
3.13946e-07
3.13785e-07
3.13717e-07
3.13594e-07
3.13544e-07
3.13467e-07
3.13441e-07
3.13394e-07
3.13384e-07
3.13356e-07
3.13354e-07
3.13337e-07
3.13339e-07
3.13328e-07
3.13331e-07
3.13324e-07
3.13326e-07
3.13322e-07
3.13323e-07
3.13322e-07
3.13322e-07
3.13323e-07
3.13322e-07
3.13326e-07
3.13324e-07
3.13331e-07
3.13328e-07
3.13339e-07
3.13337e-07
3.13354e-07
3.13356e-07
3.13384e-07
3.13394e-07
3.13441e-07
3.13467e-07
3.13544e-07
3.13594e-07
3.13716e-07
3.13785e-07
3.13945e-07
3.13897e-07
3.13785e-07
3.13203e-07
3.12014e-07
3.10366e-07
3.02446e-07
3.04007e-07
3.05112e-07
3.05653e-07
3.05743e-07
3.05776e-07
3.0561e-07
3.05538e-07
3.05417e-07
3.05365e-07
3.05289e-07
3.05263e-07
3.05217e-07
3.05206e-07
3.05178e-07
3.05176e-07
3.05159e-07
3.05161e-07
3.05151e-07
3.05153e-07
3.05146e-07
3.05148e-07
3.05144e-07
3.05145e-07
3.05144e-07
3.05144e-07
3.05145e-07
3.05144e-07
3.05148e-07
3.05146e-07
3.05153e-07
3.0515e-07
3.05161e-07
3.05159e-07
3.05176e-07
3.05178e-07
3.05206e-07
3.05217e-07
3.05263e-07
3.05289e-07
3.05365e-07
3.05417e-07
3.05538e-07
3.0561e-07
3.05776e-07
3.05742e-07
3.05652e-07
3.05112e-07
3.04007e-07
3.02445e-07
2.94717e-07
2.96194e-07
2.97215e-07
2.97717e-07
2.97785e-07
2.97805e-07
2.97633e-07
2.97558e-07
2.97438e-07
2.97385e-07
2.9731e-07
2.97283e-07
2.97238e-07
2.97226e-07
2.97199e-07
2.97196e-07
2.9718e-07
2.97181e-07
2.97171e-07
2.97173e-07
2.97167e-07
2.97169e-07
2.97165e-07
2.97166e-07
2.97165e-07
2.97165e-07
2.97166e-07
2.97165e-07
2.97169e-07
2.97167e-07
2.97173e-07
2.97171e-07
2.97181e-07
2.9718e-07
2.97196e-07
2.97199e-07
2.97226e-07
2.97238e-07
2.97283e-07
2.9731e-07
2.97385e-07
2.97437e-07
2.97557e-07
2.97633e-07
2.97805e-07
2.97785e-07
2.97717e-07
2.97214e-07
2.96194e-07
2.94716e-07
2.87427e-07
2.88834e-07
2.89773e-07
2.90243e-07
2.9029e-07
2.90297e-07
2.90118e-07
2.90039e-07
2.8992e-07
2.89866e-07
2.89792e-07
2.89765e-07
2.8972e-07
2.89708e-07
2.89681e-07
2.89679e-07
2.89662e-07
2.89664e-07
2.89654e-07
2.89656e-07
2.89649e-07
2.89651e-07
2.89647e-07
2.89648e-07
2.89647e-07
2.89647e-07
2.89648e-07
2.89647e-07
2.89651e-07
2.89649e-07
2.89655e-07
2.89654e-07
2.89663e-07
2.89662e-07
2.89678e-07
2.89681e-07
2.89708e-07
2.8972e-07
2.89764e-07
2.89792e-07
2.89866e-07
2.8992e-07
2.90039e-07
2.90118e-07
2.90296e-07
2.90289e-07
2.90242e-07
2.89772e-07
2.88834e-07
2.87426e-07
2.80228e-07
2.81575e-07
2.8241e-07
2.82834e-07
2.82841e-07
2.82825e-07
2.82626e-07
2.82538e-07
2.82415e-07
2.82357e-07
2.82281e-07
2.82252e-07
2.82206e-07
2.82193e-07
2.82166e-07
2.82163e-07
2.82146e-07
2.82147e-07
2.82137e-07
2.82139e-07
2.82132e-07
2.82134e-07
2.8213e-07
2.82131e-07
2.8213e-07
2.8213e-07
2.82131e-07
2.8213e-07
2.82134e-07
2.82132e-07
2.82139e-07
2.82137e-07
2.82147e-07
2.82146e-07
2.82163e-07
2.82166e-07
2.82193e-07
2.82206e-07
2.82252e-07
2.82281e-07
2.82357e-07
2.82414e-07
2.82538e-07
2.82626e-07
2.82824e-07
2.8284e-07
2.82834e-07
2.82409e-07
2.81575e-07
2.80227e-07
2.73045e-07
2.74319e-07
2.75071e-07
2.75463e-07
2.7545e-07
2.7542e-07
2.75214e-07
2.75122e-07
2.75e-07
2.74942e-07
2.74866e-07
2.74836e-07
2.74791e-07
2.74778e-07
2.74751e-07
2.74748e-07
2.74731e-07
2.74732e-07
2.74722e-07
2.74724e-07
2.74718e-07
2.74719e-07
2.74716e-07
2.74716e-07
2.74715e-07
2.74715e-07
2.74716e-07
2.74716e-07
2.74719e-07
2.74718e-07
2.74724e-07
2.74722e-07
2.74732e-07
2.74731e-07
2.74748e-07
2.74751e-07
2.74778e-07
2.74791e-07
2.74836e-07
2.74866e-07
2.74941e-07
2.75e-07
2.75122e-07
2.75213e-07
2.7542e-07
2.7545e-07
2.75463e-07
2.75071e-07
2.74319e-07
2.73044e-07
2.66018e-07
2.67221e-07
2.67895e-07
2.68254e-07
2.68222e-07
2.6818e-07
2.67963e-07
2.67869e-07
2.67748e-07
2.67689e-07
2.67614e-07
2.67584e-07
2.67539e-07
2.67526e-07
2.675e-07
2.67496e-07
2.6748e-07
2.6748e-07
2.67471e-07
2.67472e-07
2.67466e-07
2.67467e-07
2.67464e-07
2.67465e-07
2.67464e-07
2.67464e-07
2.67465e-07
2.67464e-07
2.67467e-07
2.67466e-07
2.67472e-07
2.67471e-07
2.6748e-07
2.6748e-07
2.67496e-07
2.675e-07
2.67526e-07
2.67539e-07
2.67584e-07
2.67614e-07
2.67688e-07
2.67747e-07
2.67869e-07
2.67963e-07
2.68179e-07
2.68221e-07
2.68253e-07
2.67894e-07
2.67221e-07
2.66018e-07
2.59139e-07
2.60271e-07
2.60872e-07
2.61198e-07
2.61148e-07
2.61094e-07
2.60867e-07
2.6077e-07
2.6065e-07
2.6059e-07
2.60517e-07
2.60486e-07
2.60442e-07
2.60429e-07
2.60403e-07
2.60399e-07
2.60383e-07
2.60383e-07
2.60374e-07
2.60375e-07
2.60369e-07
2.6037e-07
2.60367e-07
2.60368e-07
2.60367e-07
2.60367e-07
2.60368e-07
2.60367e-07
2.6037e-07
2.60369e-07
2.60375e-07
2.60374e-07
2.60383e-07
2.60383e-07
2.60398e-07
2.60403e-07
2.60429e-07
2.60442e-07
2.60486e-07
2.60517e-07
2.6059e-07
2.6065e-07
2.60769e-07
2.60867e-07
2.61094e-07
2.61147e-07
2.61198e-07
2.60871e-07
2.60271e-07
2.59139e-07
2.52401e-07
2.53463e-07
2.53993e-07
2.54288e-07
2.5422e-07
2.54156e-07
2.53916e-07
2.53816e-07
2.53698e-07
2.53637e-07
2.53565e-07
2.53534e-07
2.53491e-07
2.53477e-07
2.53452e-07
2.53447e-07
2.53432e-07
2.53432e-07
2.53423e-07
2.53424e-07
2.53418e-07
2.53419e-07
2.53416e-07
2.53417e-07
2.53416e-07
2.53416e-07
2.53417e-07
2.53416e-07
2.53419e-07
2.53418e-07
2.53424e-07
2.53423e-07
2.53432e-07
2.53432e-07
2.53447e-07
2.53452e-07
2.53477e-07
2.53491e-07
2.53534e-07
2.53565e-07
2.53637e-07
2.53697e-07
2.53816e-07
2.53915e-07
2.54155e-07
2.5422e-07
2.54287e-07
2.53993e-07
2.53463e-07
2.524e-07
2.46015e-07
2.47017e-07
2.47481e-07
2.47747e-07
2.47662e-07
2.47588e-07
2.47333e-07
2.47232e-07
2.47115e-07
2.47054e-07
2.46983e-07
2.46951e-07
2.46909e-07
2.46895e-07
2.4687e-07
2.46865e-07
2.4685e-07
2.4685e-07
2.46841e-07
2.46842e-07
2.46836e-07
2.46837e-07
2.46834e-07
2.46835e-07
2.46834e-07
2.46834e-07
2.46835e-07
2.46834e-07
2.46837e-07
2.46836e-07
2.46842e-07
2.46841e-07
2.4685e-07
2.4685e-07
2.46865e-07
2.4687e-07
2.46895e-07
2.46909e-07
2.46951e-07
2.46982e-07
2.47053e-07
2.47114e-07
2.47231e-07
2.47333e-07
2.47588e-07
2.47661e-07
2.47746e-07
2.47481e-07
2.47017e-07
2.46014e-07
2.39763e-07
2.40706e-07
2.41109e-07
2.41345e-07
2.41244e-07
2.41163e-07
2.4089e-07
2.40782e-07
2.40657e-07
2.4059e-07
2.40515e-07
2.40481e-07
2.40436e-07
2.40421e-07
2.40395e-07
2.40389e-07
2.40374e-07
2.40373e-07
2.40363e-07
2.40364e-07
2.40359e-07
2.4036e-07
2.40356e-07
2.40357e-07
2.40356e-07
2.40356e-07
2.40357e-07
2.40356e-07
2.4036e-07
2.40359e-07
2.40364e-07
2.40363e-07
2.40373e-07
2.40373e-07
2.40389e-07
2.40395e-07
2.40421e-07
2.40436e-07
2.40481e-07
2.40515e-07
2.4059e-07
2.40657e-07
2.40782e-07
2.4089e-07
2.41162e-07
2.41243e-07
2.41345e-07
2.41108e-07
2.40706e-07
2.39762e-07
2.33455e-07
2.34342e-07
2.34679e-07
2.34883e-07
2.34758e-07
2.34667e-07
2.3437e-07
2.34258e-07
2.34132e-07
2.34063e-07
2.33988e-07
2.33952e-07
2.33907e-07
2.33892e-07
2.33865e-07
2.3386e-07
2.33844e-07
2.33844e-07
2.33834e-07
2.33835e-07
2.33829e-07
2.3383e-07
2.33827e-07
2.33828e-07
2.33827e-07
2.33827e-07
2.33828e-07
2.33827e-07
2.3383e-07
2.33829e-07
2.33835e-07
2.33834e-07
2.33843e-07
2.33844e-07
2.3386e-07
2.33865e-07
2.33892e-07
2.33907e-07
2.33952e-07
2.33987e-07
2.34063e-07
2.34132e-07
2.34258e-07
2.3437e-07
2.34667e-07
2.34758e-07
2.34883e-07
2.34679e-07
2.34341e-07
2.33454e-07
2.27235e-07
2.28056e-07
2.28339e-07
2.28512e-07
2.28373e-07
2.28277e-07
2.28172e-07
2.28059e-07
2.27933e-07
2.27864e-07
2.27789e-07
2.27753e-07
2.27709e-07
2.27693e-07
2.27667e-07
2.27661e-07
2.27646e-07
2.27645e-07
2.27636e-07
2.27636e-07
2.27631e-07
2.27632e-07
2.27629e-07
2.27629e-07
2.27628e-07
2.27628e-07
2.27629e-07
2.27629e-07
2.27632e-07
2.27631e-07
2.27636e-07
2.27636e-07
2.27645e-07
2.27646e-07
2.27661e-07
2.27667e-07
2.27693e-07
2.27709e-07
2.27753e-07
2.27789e-07
2.27864e-07
2.27933e-07
2.28059e-07
2.28171e-07
2.28277e-07
2.28373e-07
2.28512e-07
2.28338e-07
2.28056e-07
2.27234e-07
2.21321e-07
2.22087e-07
2.22316e-07
2.22463e-07
2.22308e-07
2.22208e-07
2.22093e-07
2.21979e-07
2.21855e-07
2.21785e-07
2.21711e-07
2.21675e-07
2.21631e-07
2.21614e-07
2.21589e-07
2.21583e-07
2.21568e-07
2.21567e-07
2.21558e-07
2.21558e-07
2.21553e-07
2.21554e-07
2.2155e-07
2.21551e-07
2.2155e-07
2.2155e-07
2.21551e-07
2.2155e-07
2.21553e-07
2.21553e-07
2.21558e-07
2.21558e-07
2.21567e-07
2.21568e-07
2.21583e-07
2.21589e-07
2.21615e-07
2.21631e-07
2.21675e-07
2.21711e-07
2.21785e-07
2.21855e-07
2.21979e-07
2.22093e-07
2.22207e-07
2.22308e-07
2.22462e-07
2.22315e-07
2.22086e-07
2.2132e-07
2.1548e-07
2.16211e-07
2.16377e-07
2.1649e-07
2.16298e-07
2.16185e-07
2.16052e-07
2.15931e-07
2.15803e-07
2.15729e-07
2.15653e-07
2.15615e-07
2.1557e-07
2.15553e-07
2.15527e-07
2.15521e-07
2.15505e-07
2.15504e-07
2.15494e-07
2.15495e-07
2.15489e-07
2.1549e-07
2.15487e-07
2.15488e-07
2.15487e-07
2.15487e-07
2.15488e-07
2.15487e-07
2.1549e-07
2.15489e-07
2.15495e-07
2.15494e-07
2.15504e-07
2.15505e-07
2.15521e-07
2.15527e-07
2.15553e-07
2.1557e-07
2.15615e-07
2.15653e-07
2.15729e-07
2.15802e-07
2.15931e-07
2.16052e-07
2.16185e-07
2.16298e-07
2.16489e-07
2.16377e-07
2.1621e-07
2.1548e-07
2.09775e-07
2.10454e-07
2.10571e-07
2.10658e-07
2.10451e-07
2.10333e-07
2.10191e-07
2.1007e-07
2.09941e-07
2.09867e-07
2.09792e-07
2.09754e-07
2.09709e-07
2.09692e-07
2.09666e-07
2.09659e-07
2.09644e-07
2.09643e-07
2.09633e-07
2.09634e-07
2.09628e-07
2.09629e-07
2.09626e-07
2.09626e-07
2.09625e-07
2.09625e-07
2.09626e-07
2.09626e-07
2.09629e-07
2.09628e-07
2.09634e-07
2.09633e-07
2.09643e-07
2.09644e-07
2.09659e-07
2.09666e-07
2.09692e-07
2.09709e-07
2.09754e-07
2.09792e-07
2.09867e-07
2.09941e-07
2.10069e-07
2.10191e-07
2.10332e-07
2.10451e-07
2.10658e-07
2.10571e-07
2.10454e-07
2.09775e-07
2.04168e-07
2.04797e-07
2.04866e-07
2.04929e-07
2.04707e-07
2.04583e-07
2.04434e-07
2.04311e-07
2.04184e-07
2.04109e-07
2.04034e-07
2.03996e-07
2.03952e-07
2.03934e-07
2.03908e-07
2.03902e-07
2.03887e-07
2.03885e-07
2.03876e-07
2.03876e-07
2.03871e-07
2.03872e-07
2.03869e-07
2.03869e-07
2.03868e-07
2.03868e-07
2.03869e-07
2.03869e-07
2.03872e-07
2.03871e-07
2.03876e-07
2.03876e-07
2.03885e-07
2.03886e-07
2.03902e-07
2.03908e-07
2.03934e-07
2.03952e-07
2.03996e-07
2.04034e-07
2.04109e-07
2.04184e-07
2.04311e-07
2.04434e-07
2.04583e-07
2.04706e-07
2.04929e-07
2.04866e-07
2.04796e-07
2.04168e-07
1.98218e-07
1.98218e-07
1.98213e-07
1.98213e-07
1.98211e-07
1.98211e-07
1.9821e-07
1.9821e-07
1.98211e-07
1.98211e-07
1.98213e-07
1.98213e-07
1.98218e-07
1.98218e-07
1.98227e-07
1.98228e-07
1.98244e-07
1.9825e-07
1.98276e-07
1.98294e-07
1.98338e-07
1.98376e-07
1.9845e-07
1.98525e-07
1.98652e-07
1.98776e-07
1.98932e-07
1.9906e-07
1.99298e-07
1.99258e-07
1.99233e-07
1.98654e-07
1.9265e-07
1.9265e-07
1.92655e-07
1.92655e-07
1.92664e-07
1.92665e-07
1.92681e-07
1.92687e-07
1.92713e-07
1.92731e-07
1.92774e-07
1.92813e-07
1.92886e-07
1.92962e-07
1.93087e-07
1.93213e-07
1.93374e-07
1.93508e-07
1.93761e-07
1.93743e-07
1.9376e-07
1.93228e-07
1.87413e-07
1.87489e-07
1.87614e-07
1.87741e-07
1.87907e-07
1.88046e-07
1.88312e-07
1.88317e-07
1.88374e-07
1.87888e-07
)
;

boundaryField
{
    fuel
    {
        type            fixedValue;
        value           nonuniform 0();
    }
    wall
    {
        type            zeroGradient;
    }
    outlet
    {
        type            zeroGradient;
    }
    frontAndBack
    {
        type            empty;
    }
    procBoundary0to1
    {
        type            processor;
        value           nonuniform List<scalar> 
50
(
5.8343e-07
5.87408e-07
5.91302e-07
5.93346e-07
5.94155e-07
5.94611e-07
5.94516e-07
5.94577e-07
5.94419e-07
5.94433e-07
5.94329e-07
5.94341e-07
5.94275e-07
5.94288e-07
5.94246e-07
5.94259e-07
5.94232e-07
5.94246e-07
5.94228e-07
5.94237e-07
5.94226e-07
5.94231e-07
5.94224e-07
5.94227e-07
5.94226e-07
5.94226e-07
5.94227e-07
5.94225e-07
5.94231e-07
5.94226e-07
5.94237e-07
5.94228e-07
5.94245e-07
5.94232e-07
5.9426e-07
5.94246e-07
5.94288e-07
5.94275e-07
5.94341e-07
5.94329e-07
5.94433e-07
5.94419e-07
5.94577e-07
5.94516e-07
5.9461e-07
5.94154e-07
5.93346e-07
5.91301e-07
5.87408e-07
5.83429e-07
)
;
    }
    procBoundary0to2
    {
        type            processor;
        value           nonuniform List<scalar> 
53
(
1.98654e-07
1.99233e-07
1.99259e-07
1.99299e-07
1.9906e-07
1.98932e-07
1.98776e-07
1.98652e-07
1.98525e-07
1.9845e-07
1.98376e-07
1.98338e-07
1.98294e-07
1.98276e-07
1.9825e-07
1.98244e-07
1.98229e-07
1.98227e-07
1.98227e-07
1.92655e-07
1.92655e-07
1.9265e-07
1.92651e-07
1.92648e-07
1.92648e-07
1.92647e-07
1.92647e-07
1.92648e-07
1.92648e-07
1.92648e-07
1.87179e-07
1.87178e-07
1.87184e-07
1.87183e-07
1.87192e-07
1.87194e-07
1.87209e-07
1.87216e-07
1.87241e-07
1.87259e-07
1.87302e-07
1.87341e-07
1.87341e-07
1.82028e-07
1.82104e-07
1.82228e-07
1.82356e-07
1.82527e-07
1.8267e-07
1.82949e-07
1.82975e-07
1.8307e-07
1.82629e-07
)
;
    }
}


// ************************************************************************* //
