/*--------------------------------*- C++ -*----------------------------------*\
| =========                 |                                                 |
| \\      /  F ield         | OpenFOAM: The Open Source CFD Toolbox           |
|  \\    /   O peration     | Version:  dev                                   |
|   \\  /    A nd           | Web:      www.OpenFOAM.org                      |
|    \\/     M anipulation  |                                                 |
\*---------------------------------------------------------------------------*/
FoamFile
{
    version     2.0;
    format      ascii;
    class       surfaceScalarField;
    location    "0.01";
    object      phi;
}
// * * * * * * * * * * * * * * * * * * * * * * * * * * * * * * * * * * * * * //

dimensions      [1 0 -1 0 0 0 0];

internalField   nonuniform List<scalar> 
3888
(
-6.48316e-07
1.47184e-06
-5.93654e-07
1.45103e-06
-5.40829e-07
1.39969e-06
-4.8981e-07
1.37599e-06
-4.39749e-07
1.35008e-06
-3.90215e-07
1.33445e-06
-3.4109e-07
1.32594e-06
-2.92097e-07
1.31951e-06
-2.43273e-07
1.31863e-06
-1.94469e-07
1.31487e-06
-1.45785e-07
1.31695e-06
-9.70782e-08
1.31499e-06
-4.84529e-08
1.31658e-06
1.87358e-10
1.31571e-06
4.88193e-08
1.31574e-06
9.74236e-08
1.31649e-06
1.46097e-07
1.31514e-06
1.94745e-07
1.31723e-06
2.43505e-07
1.31548e-06
2.92318e-07
1.31932e-06
3.41289e-07
1.32051e-06
3.90414e-07
1.32755e-06
4.39977e-07
1.33647e-06
4.9007e-07
1.35189e-06
5.41144e-07
1.37793e-06
5.93995e-07
1.40105e-06
6.48732e-07
1.45706e-06
7.06813e-07
1.47173e-06
7.6827e-07
1.53474e-06
8.34889e-07
1.48448e-06
9.05087e-07
1.50849e-06
9.80147e-07
1.24823e-06
1.05591e-06
1.12344e-06
1.12966e-06
5.68751e-07
1.2026e-06
2.20388e-07
1.2638e-06
-5.22441e-07
1.31567e-06
-8.68277e-07
1.35851e-06
-1.29992e-06
-1.29962e-06
-1.37813e-06
-1.28418e-06
-1.33488e-06
-1.28986e-06
-1.28292e-06
-8.69338e-07
-1.2215e-06
-5.36668e-07
-1.14812e-06
1.8903e-07
-1.07396e-06
5.30058e-07
-9.97672e-07
1.07595e-06
-9.22166e-07
1.19825e-06
-8.51267e-07
1.45842e-06
-7.83704e-07
1.43464e-06
-7.21344e-07
1.48752e-06
-6.62262e-07
1.42614e-06
-6.06572e-07
1.40734e-06
-5.52701e-07
1.35711e-06
-5.00542e-07
1.33491e-06
-4.49326e-07
1.30962e-06
-3.98697e-07
1.29403e-06
-3.48504e-07
1.28624e-06
-2.98446e-07
1.27993e-06
-2.48561e-07
1.27909e-06
-1.98697e-07
1.2754e-06
-1.48953e-07
1.27771e-06
-9.91865e-08
1.27559e-06
-4.95041e-08
1.27721e-06
1.94539e-10
1.27632e-06
4.98849e-08
1.27635e-06
9.95467e-08
1.27715e-06
1.4928e-07
1.27576e-06
1.98987e-07
1.278e-06
2.48808e-07
1.27604e-06
2.98683e-07
1.2798e-06
3.48721e-07
1.28092e-06
3.98913e-07
1.28784e-06
4.49571e-07
1.29596e-06
5.0082e-07
1.31138e-06
5.53036e-07
1.33683e-06
6.06999e-07
1.35838e-06
6.62721e-07
1.40934e-06
7.2184e-07
1.42601e-06
7.84316e-07
1.48652e-06
8.5196e-07
1.433e-06
9.22945e-07
1.45604e-06
9.98475e-07
1.1941e-06
1.07482e-06
1.07565e-06
1.14896e-06
5.25258e-07
1.22231e-06
1.83203e-07
1.28378e-06
-5.42575e-07
1.33581e-06
-8.74417e-07
1.37911e-06
-1.29308e-06
-1.28607e-06
-1.39916e-06
-1.26876e-06
-1.35542e-06
-1.28154e-06
-1.30321e-06
-8.73682e-07
-1.24148e-06
-5.55181e-07
-1.16765e-06
1.53152e-07
-1.09308e-06
4.87652e-07
-1.01616e-06
1.02635e-06
-9.40032e-07
1.14488e-06
-8.68295e-07
1.4065e-06
-7.99813e-07
1.38348e-06
-7.36439e-07
1.43954e-06
-6.76288e-07
1.38032e-06
-6.19485e-07
1.36387e-06
-5.64491e-07
1.31432e-06
-5.11252e-07
1.29363e-06
-4.58945e-07
1.26895e-06
-4.07227e-07
1.25373e-06
-3.55958e-07
1.24634e-06
-3.0483e-07
1.2401e-06
-2.53878e-07
1.23937e-06
-2.02946e-07
1.2358e-06
-1.52138e-07
1.23829e-06
-1.01306e-07
1.23604e-06
-5.05608e-08
1.23771e-06
2.01792e-10
1.23681e-06
5.09563e-08
1.23685e-06
1.01681e-07
1.23769e-06
1.5248e-07
1.23623e-06
2.03252e-07
1.23861e-06
2.54139e-07
1.2365e-06
3.05082e-07
1.24016e-06
3.56191e-07
1.24108e-06
4.07459e-07
1.24792e-06
4.59205e-07
1.25549e-06
5.11548e-07
1.27066e-06
5.64846e-07
1.29549e-06
6.19918e-07
1.3155e-06
6.76745e-07
1.36448e-06
7.36949e-07
1.38016e-06
8.0044e-07
1.43838e-06
8.68996e-07
1.38174e-06
9.40816e-07
1.40392e-06
1.01705e-06
1.14058e-06
1.09398e-06
1.0229e-06
1.16849e-06
4.82965e-07
1.24229e-06
1.47456e-07
1.30407e-06
-5.61015e-07
1.35635e-06
-8.78732e-07
1.40015e-06
-1.2847e-06
-1.27082e-06
-1.42068e-06
-1.25199e-06
-1.3764e-06
-1.27164e-06
-1.32385e-06
-8.76178e-07
-1.26174e-06
-5.71975e-07
-1.18743e-06
1.1876e-07
-1.11241e-06
4.46511e-07
-1.03484e-06
9.77569e-07
-9.58057e-07
1.09229e-06
-8.85453e-07
1.35493e-06
-8.16041e-07
1.33262e-06
-7.51638e-07
1.39166e-06
-6.90404e-07
1.33443e-06
-6.32483e-07
1.32027e-06
-5.76361e-07
1.27139e-06
-5.22032e-07
1.25221e-06
-4.68627e-07
1.22814e-06
-4.15811e-07
1.21336e-06
-3.6346e-07
1.20628e-06
-3.11255e-07
1.20009e-06
-2.59229e-07
1.19952e-06
-2.07222e-07
1.19623e-06
-1.55344e-07
1.19878e-06
-1.0344e-07
1.1964e-06
-5.16243e-08
1.1981e-06
2.09133e-10
1.1972e-06
5.20345e-08
1.19725e-06
1.0383e-07
1.19812e-06
1.55701e-07
1.19658e-06
2.07544e-07
1.19913e-06
2.59505e-07
1.19691e-06
3.11523e-07
1.20058e-06
3.6371e-07
1.20105e-06
4.16061e-07
1.20784e-06
4.68903e-07
1.215e-06
5.22348e-07
1.22979e-06
5.76734e-07
1.25402e-06
6.32928e-07
1.27249e-06
6.90876e-07
1.32041e-06
7.52164e-07
1.33424e-06
8.16684e-07
1.39038e-06
8.86165e-07
1.33078e-06
9.58852e-07
1.35217e-06
1.03572e-06
1.08789e-06
1.1133e-06
9.73133e-07
1.18828e-06
4.41939e-07
1.26255e-06
1.13212e-07
1.32473e-06
-5.77746e-07
1.37733e-06
-8.81197e-07
1.42167e-06
-1.27497e-06
-1.2538e-06
-1.44273e-06
-1.23319e-06
-1.39786e-06
-1.25999e-06
-1.34491e-06
-8.76803e-07
-1.28234e-06
-5.87007e-07
-1.20756e-06
8.59886e-08
-1.13204e-06
4.06822e-07
-1.05373e-06
9.29721e-07
-9.76275e-07
1.0406e-06
-9.02768e-07
1.30376e-06
-8.3241e-07
1.28212e-06
-7.6696e-07
1.34393e-06
-7.04631e-07
1.28851e-06
-6.45585e-07
1.27662e-06
-5.88326e-07
1.2284e-06
-5.32898e-07
1.21073e-06
-4.78384e-07
1.18723e-06
-4.24463e-07
1.17289e-06
-3.71021e-07
1.1661e-06
-3.1773e-07
1.15994e-06
-2.6462e-07
1.15961e-06
-2.1153e-07
1.15702e-06
-1.58573e-07
1.15919e-06
-1.05589e-07
1.15666e-06
-5.26957e-08
1.15835e-06
2.16583e-10
1.1575e-06
5.31207e-08
1.15755e-06
1.05994e-07
1.15844e-06
1.58945e-07
1.15679e-06
2.11867e-07
1.15955e-06
2.64909e-07
1.1573e-06
3.18011e-07
1.16151e-06
3.71287e-07
1.16089e-06
4.2473e-07
1.16764e-06
4.78677e-07
1.17444e-06
5.33233e-07
1.18882e-06
5.88718e-07
1.21249e-06
6.46047e-07
1.22942e-06
7.05122e-07
1.27661e-06
7.67504e-07
1.28829e-06
8.33072e-07
1.34254e-06
9.03495e-07
1.28019e-06
9.77082e-07
1.30086e-06
1.05462e-06
1.03615e-06
1.13295e-06
9.25024e-07
1.20843e-06
4.02387e-07
1.28316e-06
8.06062e-08
1.34579e-06
-5.92723e-07
1.39881e-06
-8.8179e-07
1.44373e-06
-1.26421e-06
-1.23493e-06
-1.46537e-06
-1.21238e-06
-1.41985e-06
-1.24611e-06
-1.36641e-06
-8.75534e-07
-1.30333e-06
-6.00222e-07
-1.22801e-06
5.4937e-08
-1.15194e-06
3.68522e-07
-1.07287e-06
8.83022e-07
-9.9472e-07
9.89915e-07
-9.20271e-07
1.25305e-06
-8.4895e-07
1.23204e-06
-7.82433e-07
1.29638e-06
-7.18994e-07
1.24261e-06
-6.58813e-07
1.23298e-06
-6.00406e-07
1.18541e-06
-5.43866e-07
1.16926e-06
-4.88232e-07
1.14627e-06
-4.33196e-07
1.13234e-06
-3.78652e-07
1.12586e-06
-3.24266e-07
1.11973e-06
-2.7006e-07
1.11969e-06
-2.15885e-07
1.11658e-06
-1.61835e-07
1.11944e-06
-1.07759e-07
1.11692e-06
-5.37765e-08
1.11873e-06
2.24125e-10
1.11779e-06
5.42165e-08
1.11785e-06
1.08178e-07
1.11881e-06
1.62222e-07
1.11713e-06
2.16236e-07
1.11986e-06
2.70376e-07
1.11739e-06
3.24562e-07
1.12084e-06
3.78935e-07
1.1207e-06
4.33481e-07
1.12737e-06
4.88543e-07
1.13383e-06
5.4422e-07
1.14777e-06
6.00815e-07
1.17098e-06
6.59293e-07
1.18637e-06
7.19506e-07
1.23292e-06
7.82995e-07
1.24238e-06
8.49632e-07
1.29489e-06
9.21017e-07
1.23005e-06
9.95543e-07
1.25006e-06
1.07378e-06
9.85458e-07
1.15287e-06
8.78359e-07
1.22889e-06
3.64242e-07
1.30416e-06
4.97202e-08
1.3673e-06
-6.05889e-07
1.42083e-06
-8.80496e-07
1.46641e-06
-1.24924e-06
-1.21405e-06
-1.48865e-06
-1.18946e-06
-1.44243e-06
-1.2307e-06
-1.38841e-06
-8.72349e-07
-1.32476e-06
-6.11564e-07
-1.24885e-06
2.56626e-08
-1.17218e-06
3.31675e-07
-1.09231e-06
8.37499e-07
-1.01343e-06
9.40353e-07
-9.37999e-07
1.20282e-06
-8.65693e-07
1.18245e-06
-7.98086e-07
1.24904e-06
-7.3352e-07
1.19678e-06
-6.7219e-07
1.18944e-06
-6.12621e-07
1.14254e-06
-5.54956e-07
1.12789e-06
-4.98189e-07
1.10527e-06
-4.42025e-07
1.09175e-06
-3.86368e-07
1.0856e-06
-3.30872e-07
1.07958e-06
-2.75557e-07
1.07984e-06
-2.20278e-07
1.0767e-06
-1.65127e-07
1.07977e-06
-1.09951e-07
1.07719e-06
-5.48689e-08
1.07907e-06
2.31722e-10
1.07809e-06
5.53239e-08
1.07813e-06
1.10385e-07
1.07916e-06
1.6553e-07
1.07743e-06
2.20645e-07
1.0802e-06
2.75888e-07
1.07762e-06
3.31181e-07
1.08089e-06
3.86667e-07
1.08059e-06
4.42328e-07
1.08708e-06
4.98518e-07
1.09317e-06
5.5533e-07
1.10671e-06
6.13049e-07
1.12956e-06
6.72688e-07
1.14342e-06
7.34054e-07
1.18938e-06
7.98666e-07
1.19655e-06
8.66395e-07
1.24747e-06
9.38765e-07
1.18042e-06
1.01427e-06
1.19979e-06
1.09325e-06
9.35911e-07
1.17313e-06
8.32951e-07
1.24975e-06
3.27561e-07
1.32559e-06
2.062e-08
1.38932e-06
-6.17187e-07
1.44342e-06
-8.77285e-07
1.48971e-06
-1.23333e-06
-1.19111e-06
-1.513e-06
-1.16454e-06
-1.46566e-06
-1.21493e-06
-1.41098e-06
-8.67236e-07
-1.34668e-06
-6.20969e-07
-1.27017e-06
-1.66628e-09
-1.19284e-06
2.96564e-07
-1.11209e-06
7.93162e-07
-1.03248e-06
8.9202e-07
-9.5602e-07
1.15382e-06
-8.82674e-07
1.1334e-06
-8.13953e-07
1.20192e-06
-7.48238e-07
1.15111e-06
-6.85742e-07
1.14609e-06
-6.24996e-07
1.09985e-06
-5.66197e-07
1.08672e-06
-5.08286e-07
1.06481e-06
-4.50977e-07
1.0517e-06
-3.94188e-07
1.04588e-06
-3.37562e-07
1.03979e-06
-2.81124e-07
1.04014e-06
-2.24724e-07
1.03738e-06
-1.6846e-07
1.04032e-06
-1.1217e-07
1.03757e-06
-5.59751e-08
1.03945e-06
2.39304e-10
1.03843e-06
5.64451e-08
1.03843e-06
1.12619e-07
1.03954e-06
1.68879e-07
1.03777e-06
2.25107e-07
1.04069e-06
2.81467e-07
1.03826e-06
3.37885e-07
1.04163e-06
3.945e-07
1.04072e-06
4.51294e-07
1.04735e-06
5.08628e-07
1.05309e-06
5.66588e-07
1.0662e-06
6.25443e-07
1.08834e-06
6.86259e-07
1.10067e-06
7.48793e-07
1.14603e-06
8.14552e-07
1.15088e-06
8.83399e-07
1.20028e-06
9.56809e-07
1.13135e-06
1.03334e-06
1.15078e-06
1.11305e-06
8.87604e-07
1.19382e-06
7.88741e-07
1.27109e-06
2.92607e-07
1.34751e-06
-6.54148e-09
1.4119e-06
-6.26554e-07
1.46666e-06
-8.72146e-07
1.51407e-06
-1.21738e-06
-1.16615e-06
-1.53796e-06
-1.13972e-06
-1.48964e-06
-1.19916e-06
-1.43418e-06
-8.60147e-07
-1.36914e-06
-6.28359e-07
-1.29199e-06
-2.71745e-08
-1.21393e-06
2.6309e-07
-1.13226e-06
7.50089e-07
-1.05185e-06
8.44933e-07
-9.74316e-07
1.10548e-06
-8.99952e-07
1.08503e-06
-8.3009e-07
1.15595e-06
-7.63185e-07
1.10626e-06
-6.99499e-07
1.10302e-06
-6.37558e-07
1.05744e-06
-5.77598e-07
1.04585e-06
-5.1852e-07
1.02445e-06
-4.60051e-07
1.0118e-06
-4.02118e-07
1.00632e-06
-3.44349e-07
1.00024e-06
-2.86768e-07
1.00064e-06
-2.29235e-07
9.99467e-07
-1.71842e-07
1.001e-06
-1.14421e-07
9.98008e-07
-5.70973e-08
9.99867e-07
2.46777e-10
9.98798e-07
5.75825e-08
9.98775e-07
1.14886e-07
9.99956e-07
1.72276e-07
9.98149e-07
2.29634e-07
1.00123e-06
2.87124e-07
9.99336e-07
3.44683e-07
1.00392e-06
4.02446e-07
1.00111e-06
4.60386e-07
1.00778e-06
5.18879e-07
1.01314e-06
5.78008e-07
1.02582e-06
6.38023e-07
1.0474e-06
7.00036e-07
1.05822e-06
7.63761e-07
1.10296e-06
8.30704e-07
1.10604e-06
9.00698e-07
1.15424e-06
9.75128e-07
1.08299e-06
1.05273e-06
1.10245e-06
1.13324e-06
8.40541e-07
1.21493e-06
7.45794e-07
1.29292e-06
2.59298e-07
1.36998e-06
-3.18606e-08
1.43511e-06
-6.33931e-07
1.49064e-06
-8.65063e-07
1.539e-06
-1.20505e-06
-1.14132e-06
-1.56381e-06
-1.11203e-06
-1.51448e-06
-1.17351e-06
-1.45807e-06
-8.50948e-07
-1.39222e-06
-6.33568e-07
-1.31437e-06
-5.07084e-08
-1.23553e-06
2.31374e-07
-1.15287e-06
7.08355e-07
-1.07162e-06
7.99153e-07
-9.92961e-07
1.05792e-06
-9.1753e-07
1.03744e-06
-8.46493e-07
1.11042e-06
-7.7839e-07
1.06178e-06
-7.13493e-07
1.06036e-06
-6.50335e-07
1.0154e-06
-5.89191e-07
1.0054e-06
-5.28924e-07
9.84298e-07
-4.69277e-07
9.72129e-07
-4.1018e-07
9.67011e-07
-3.51251e-07
9.60975e-07
-2.92509e-07
9.61419e-07
-2.33847e-07
9.58561e-07
-1.75296e-07
9.61617e-07
-1.1672e-07
9.58721e-07
-5.82427e-08
9.60713e-07
2.54134e-10
9.59618e-07
5.8743e-08
9.59624e-07
1.17199e-07
9.60809e-07
1.75745e-07
9.58933e-07
2.34262e-07
9.62003e-07
2.92908e-07
9.59495e-07
3.51599e-07
9.62829e-07
4.10525e-07
9.61838e-07
4.69629e-07
9.68452e-07
5.29302e-07
9.73429e-07
5.8962e-07
9.85678e-07
6.50819e-07
1.00682e-06
7.1405e-07
1.01616e-06
7.78988e-07
1.06024e-06
8.47126e-07
1.06156e-06
9.18302e-07
1.10866e-06
9.93798e-07
1.03541e-06
1.07252e-06
1.05493e-06
1.15387e-06
7.94779e-07
1.23656e-06
7.04183e-07
1.31532e-06
2.27759e-07
1.39306e-06
-5.51832e-08
1.45903e-06
-6.39224e-07
1.51556e-06
-8.55996e-07
1.56496e-06
-1.17567e-06
-1.11347e-06
-1.59066e-06
-1.08167e-06
-1.54027e-06
-1.14929e-06
-1.48275e-06
-8.39356e-07
-1.41599e-06
-6.37478e-07
-1.33739e-06
-7.21397e-08
-1.25771e-06
2.01537e-07
-1.17398e-06
6.6805e-07
-1.09184e-06
7.54763e-07
-1.01201e-06
1.01127e-06
-9.35474e-07
9.90711e-07
-8.63224e-07
1.06547e-06
-7.93897e-07
1.01777e-06
-7.27763e-07
1.01815e-06
-6.63361e-07
9.73828e-07
-6.01008e-07
9.65337e-07
-5.39529e-07
9.44542e-07
-4.78679e-07
9.32808e-07
-4.18397e-07
9.28055e-07
-3.58285e-07
9.22062e-07
-2.98358e-07
9.22571e-07
-2.38522e-07
9.1919e-07
-1.78801e-07
9.22482e-07
-1.19054e-07
9.19641e-07
-5.94061e-08
9.21779e-07
2.61565e-10
9.20661e-07
5.99216e-08
9.2071e-07
1.19548e-07
9.21882e-07
1.79266e-07
9.1993e-07
2.38954e-07
9.22976e-07
2.9877e-07
9.20158e-07
3.58643e-07
9.23406e-07
4.18758e-07
9.22934e-07
4.79048e-07
9.29474e-07
5.39924e-07
9.34066e-07
6.01457e-07
9.45894e-07
6.63865e-07
9.66567e-07
7.28339e-07
9.74554e-07
7.94516e-07
1.01801e-06
8.63875e-07
1.01757e-06
9.3627e-07
1.06366e-06
1.01287e-06
9.88717e-07
1.09276e-06
1.00831e-06
1.175e-06
7.50402e-07
1.25876e-06
6.63997e-07
1.33836e-06
1.98113e-07
1.41683e-06
-7.63728e-08
1.48372e-06
-6.42947e-07
1.54135e-06
-8.44486e-07
1.59181e-06
-1.15175e-06
-1.08308e-06
-1.61841e-06
-1.04848e-06
-1.56686e-06
-1.1238e-06
-1.50829e-06
-8.24822e-07
-1.44053e-06
-6.3918e-07
-1.36113e-06
-9.133e-08
-1.28053e-06
1.73693e-07
-1.19566e-06
6.29272e-07
-1.11258e-06
7.11861e-07
-1.03151e-06
9.65637e-07
-9.53836e-07
9.44964e-07
-8.80332e-07
1.02121e-06
-8.09751e-07
9.74383e-07
-7.42349e-07
9.7652e-07
-6.7668e-07
9.32831e-07
-6.13089e-07
9.25818e-07
-5.50364e-07
9.05283e-07
-4.88285e-07
8.93954e-07
-4.26791e-07
8.89565e-07
-3.65472e-07
8.83614e-07
-3.04338e-07
8.84196e-07
-2.43301e-07
8.80651e-07
-1.82382e-07
8.83916e-07
-1.21439e-07
8.81049e-07
-6.05948e-08
8.83292e-07
2.69116e-10
8.82152e-07
6.11253e-08
8.82226e-07
1.21948e-07
8.83402e-07
1.82863e-07
8.81375e-07
2.43748e-07
8.84437e-07
3.04763e-07
8.81535e-07
3.65845e-07
8.84878e-07
4.27168e-07
8.84465e-07
4.88671e-07
8.90959e-07
5.50777e-07
8.95166e-07
6.13554e-07
9.06591e-07
6.77202e-07
9.2712e-07
7.42945e-07
9.33523e-07
8.10393e-07
9.76356e-07
8.81001e-07
9.7418e-07
9.54658e-07
1.01936e-06
1.0324e-06
9.43012e-07
1.11352e-06
9.62722e-07
1.19671e-06
7.07508e-07
1.28162e-06
6.25336e-07
1.36212e-06
1.7047e-07
1.44138e-06
-9.52971e-08
1.50928e-06
-6.44763e-07
1.56797e-06
-8.29808e-07
1.61957e-06
-1.12655e-06
-1.04996e-06
-1.64736e-06
-1.01457e-06
-1.59463e-06
-1.09621e-06
-1.5349e-06
-8.08803e-07
-1.46596e-06
-6.38463e-07
-1.38566e-06
-1.08147e-07
-1.30408e-06
1.47945e-07
-1.21798e-06
5.92126e-07
-1.1339e-06
6.70557e-07
-1.05155e-06
9.21159e-07
-9.72678e-07
9.00319e-07
-8.97874e-07
9.77737e-07
-8.26002e-07
9.3177e-07
-7.57296e-07
9.35579e-07
-6.90324e-07
8.92499e-07
-6.25463e-07
8.86903e-07
-5.61466e-07
8.66641e-07
-4.98125e-07
8.55689e-07
-4.3539e-07
8.51662e-07
-3.72835e-07
8.45754e-07
-3.10465e-07
8.46398e-07
-2.48197e-07
8.42812e-07
-1.86052e-07
8.4604e-07
-1.23882e-07
8.43112e-07
-6.18127e-08
8.45427e-07
2.76691e-10
8.44262e-07
6.23582e-08
8.44343e-07
1.24406e-07
8.45543e-07
1.86547e-07
8.43446e-07
2.48661e-07
8.46553e-07
3.10903e-07
8.43633e-07
3.73224e-07
8.47051e-07
4.35784e-07
8.46573e-07
4.98528e-07
8.53028e-07
5.61896e-07
8.56851e-07
6.25947e-07
8.67892e-07
6.90866e-07
8.88213e-07
7.57912e-07
8.93173e-07
8.26668e-07
9.35373e-07
8.98562e-07
9.31516e-07
9.73526e-07
9.75906e-07
1.05246e-06
8.98416e-07
1.13487e-06
9.18292e-07
1.21906e-06
6.66207e-07
1.30519e-06
5.88307e-07
1.38668e-06
1.44931e-07
1.46682e-06
-1.11824e-07
1.5359e-06
-6.44556e-07
1.59576e-06
-8.13714e-07
1.64853e-06
-1.09905e-06
-1.01564e-06
-1.67751e-06
-9.77728e-07
-1.62345e-06
-1.0662e-06
-1.56245e-06
-7.90143e-07
-1.49238e-06
-6.33695e-07
-1.4111e-06
-1.22461e-07
-1.32844e-06
1.2441e-07
-1.24103e-06
5.56722e-07
-1.15588e-06
6.30964e-07
-1.07217e-06
8.77961e-07
-9.92066e-07
8.569e-07
-9.15912e-07
9.35113e-07
-8.42708e-07
8.90138e-07
-7.72657e-07
8.95445e-07
-7.04345e-07
8.52944e-07
-6.38177e-07
8.48778e-07
-5.72871e-07
8.28741e-07
-5.08235e-07
8.18139e-07
-4.44224e-07
8.14475e-07
-3.80398e-07
8.08611e-07
-3.16759e-07
8.09295e-07
-2.53229e-07
8.05719e-07
-1.89822e-07
8.08937e-07
-1.26392e-07
8.05942e-07
-6.3064e-08
8.08316e-07
2.84233e-10
8.07123e-07
6.36245e-08
8.07201e-07
1.26931e-07
8.08436e-07
1.90332e-07
8.06274e-07
2.53708e-07
8.09438e-07
3.17211e-07
8.06503e-07
3.80803e-07
8.09958e-07
4.44633e-07
8.09384e-07
5.08654e-07
8.15807e-07
5.73318e-07
8.19253e-07
6.38679e-07
8.29931e-07
7.04906e-07
8.50056e-07
7.73293e-07
8.53582e-07
8.43399e-07
8.95214e-07
9.16618e-07
8.89721e-07
9.9294e-07
9.33421e-07
1.07311e-06
8.55056e-07
1.15687e-06
8.75146e-07
1.24213e-06
6.26612e-07
1.32958e-06
5.53021e-07
1.41214e-06
1.21612e-07
1.49325e-06
-1.2583e-07
1.5635e-06
-6.3947e-07
1.62462e-06
-7.95015e-07
1.67872e-06
-1.0691e-06
-9.78517e-07
-1.709e-06
-9.38115e-07
-1.65353e-06
-1.03357e-06
-1.59114e-06
-7.69007e-07
-1.5199e-06
-6.26955e-07
-1.43754e-06
-1.34153e-07
-1.35369e-06
1.03214e-07
-1.26489e-06
5.23174e-07
-1.17861e-06
5.93202e-07
-1.09346e-06
8.36182e-07
-1.01207e-06
8.14838e-07
-9.34511e-07
8.93367e-07
-8.59928e-07
8.49717e-07
-7.88487e-07
8.56248e-07
-7.18794e-07
8.1429e-07
-6.51278e-07
8.11564e-07
-5.84622e-07
7.91708e-07
-5.18651e-07
7.81437e-07
-4.53325e-07
7.78141e-07
-3.88191e-07
7.72314e-07
-3.23242e-07
7.73019e-07
-2.58413e-07
7.6948e-07
-1.93706e-07
7.72706e-07
-1.28979e-07
7.69649e-07
-6.43533e-08
7.72076e-07
2.91738e-10
7.70855e-07
6.49286e-08
7.70928e-07
1.29533e-07
7.72199e-07
1.94231e-07
7.69976e-07
2.58907e-07
7.73195e-07
3.23709e-07
7.70237e-07
3.88611e-07
7.73708e-07
4.5375e-07
7.73031e-07
5.19087e-07
7.79443e-07
5.85086e-07
7.8249e-07
6.51797e-07
7.92831e-07
7.19374e-07
8.12801e-07
7.89143e-07
8.14885e-07
8.60647e-07
8.55995e-07
9.35236e-07
8.48972e-07
1.01297e-06
8.91996e-07
1.09443e-06
8.13058e-07
1.17962e-06
8.33422e-07
1.26601e-06
5.88842e-07
1.35487e-06
5.19597e-07
1.43861e-06
1.00637e-07
1.52077e-06
-1.3717e-07
1.5922e-06
-6.32399e-07
1.65474e-06
-7.73923e-07
1.71025e-06
-1.03657e-06
-9.38898e-07
-1.74194e-06
-8.97103e-07
-1.68495e-06
-9.98101e-07
-1.62103e-06
-7.45439e-07
-1.54863e-06
-6.17459e-07
-1.46514e-06
-1.43025e-07
-1.37997e-06
8.44528e-08
-1.28966e-06
4.91607e-07
-1.20217e-06
5.57407e-07
-1.11551e-06
7.95988e-07
-1.03277e-06
7.74263e-07
-9.53745e-07
8.52973e-07
-8.77743e-07
8.10316e-07
-8.0485e-07
8.18112e-07
-7.3373e-07
7.7667e-07
-6.64816e-07
7.75387e-07
-5.96766e-07
7.55676e-07
-5.29415e-07
7.45717e-07
-4.62728e-07
7.42806e-07
-3.96243e-07
7.37e-07
-3.29942e-07
7.37717e-07
-2.6377e-07
7.34224e-07
-1.97719e-07
7.37464e-07
-1.31652e-07
7.34351e-07
-6.56856e-08
7.36829e-07
2.99206e-10
7.3558e-07
6.62758e-08
7.35649e-07
1.3222e-07
7.36954e-07
1.98259e-07
7.34676e-07
2.6428e-07
7.37943e-07
3.30422e-07
7.3496e-07
3.96678e-07
7.38435e-07
4.63169e-07
7.3765e-07
5.29866e-07
7.44064e-07
5.97247e-07
7.46719e-07
6.65353e-07
7.56729e-07
7.34328e-07
7.76588e-07
8.05525e-07
7.7722e-07
8.78483e-07
8.17845e-07
9.54492e-07
8.09424e-07
1.0337e-06
8.51742e-07
1.11651e-06
7.72553e-07
1.2032e-06
7.93289e-07
1.29081e-06
5.53034e-07
1.38118e-06
4.88158e-07
1.46625e-06
8.21023e-08
1.5495e-06
-1.45682e-07
1.62211e-06
-6.22885e-07
1.68621e-06
-7.50467e-07
1.74321e-06
-1.00122e-06
-8.97331e-07
-1.77637e-06
-8.53382e-07
-1.71779e-06
-9.59565e-07
-1.65223e-06
-7.19422e-07
-1.57863e-06
-6.05218e-07
-1.49396e-06
-1.48915e-07
-1.40739e-06
6.83211e-08
-1.31546e-06
4.62141e-07
-1.22666e-06
5.23729e-07
-1.13841e-06
7.576e-07
-1.05426e-06
7.35318e-07
-9.73696e-07
8.14019e-07
-8.96218e-07
7.72135e-07
-8.21815e-07
7.81188e-07
-7.49216e-07
7.40235e-07
-6.78849e-07
7.40389e-07
-6.09354e-07
7.20797e-07
-5.40572e-07
7.11146e-07
-4.72475e-07
7.08613e-07
-4.04589e-07
7.0282e-07
-3.36886e-07
7.03533e-07
-2.69323e-07
7.00096e-07
-2.01879e-07
7.03347e-07
-1.34423e-07
7.00184e-07
-6.70666e-08
7.02709e-07
3.0663e-10
7.01432e-07
6.76715e-08
7.01499e-07
1.35006e-07
7.02834e-07
2.02434e-07
7.00506e-07
2.69848e-07
7.03816e-07
3.37381e-07
7.00809e-07
4.05039e-07
7.04279e-07
4.72931e-07
7.03398e-07
5.41039e-07
7.09814e-07
6.09851e-07
7.12108e-07
6.79404e-07
7.21789e-07
7.49832e-07
7.41551e-07
8.22509e-07
7.40738e-07
8.9698e-07
7.80911e-07
9.74467e-07
7.71226e-07
1.05521e-06
8.12798e-07
1.13944e-06
7.33681e-07
1.22773e-06
7.54966e-07
1.31664e-06
5.19338e-07
1.40864e-06
4.58826e-07
1.49509e-06
6.62021e-08
1.57951e-06
-1.51164e-07
1.65333e-06
-6.10721e-07
1.71911e-06
-7.24628e-07
1.77769e-06
-9.62745e-07
-8.52835e-07
-1.81245e-06
-8.06482e-07
-1.75219e-06
-9.19926e-07
-1.68485e-06
-6.90996e-07
-1.61007e-06
-5.89994e-07
-1.52414e-06
-1.51617e-07
-1.43608e-06
5.49954e-08
-1.34243e-06
4.34887e-07
-1.25222e-06
4.92317e-07
-1.16228e-06
7.21274e-07
-1.07664e-06
6.98136e-07
-9.94468e-07
7.76581e-07
-9.15446e-07
7.35412e-07
-8.39466e-07
7.4565e-07
-7.65327e-07
7.05165e-07
-6.93446e-07
7.06753e-07
-6.22446e-07
6.87259e-07
-5.52177e-07
6.77909e-07
-4.82613e-07
6.75743e-07
-4.1327e-07
6.69935e-07
-3.44107e-07
6.70645e-07
-2.75098e-07
6.67264e-07
-2.06204e-07
6.70518e-07
-1.37305e-07
6.67309e-07
-6.8503e-08
6.69875e-07
3.14008e-10
6.6857e-07
6.91224e-08
6.68636e-07
1.37902e-07
6.7e-07
2.06774e-07
6.67626e-07
2.75639e-07
6.70973e-07
3.44616e-07
6.67952e-07
4.13734e-07
6.71402e-07
4.83083e-07
6.70448e-07
5.52659e-07
6.76886e-07
6.2296e-07
6.78825e-07
6.94018e-07
6.88208e-07
7.65961e-07
7.0787e-07
8.40179e-07
7.0562e-07
9.16231e-07
7.45365e-07
9.95262e-07
7.34547e-07
1.07762e-06
7.75316e-07
1.16334e-06
6.9658e-07
1.25331e-06
7.18711e-07
1.34365e-06
4.87905e-07
1.43736e-06
4.31717e-07
1.52531e-06
5.31218e-08
1.61095e-06
-1.53401e-07
1.68597e-06
-5.95639e-07
1.75356e-06
-6.9644e-07
1.81378e-06
-9.22896e-07
-8.05399e-07
-1.85014e-06
-7.54457e-07
-1.78812e-06
-8.8027e-07
-1.71897e-06
-6.59994e-07
-1.64307e-06
-5.71459e-07
-1.55581e-06
-1.50937e-07
-1.46617e-06
4.46339e-08
-1.37069e-06
4.09953e-07
-1.27895e-06
4.63287e-07
-1.18723e-06
6.8719e-07
-1.10004e-06
6.62831e-07
-1.01618e-06
7.40782e-07
-9.35532e-07
7.00373e-07
-8.57898e-07
7.11682e-07
-7.82153e-07
6.7165e-07
-7.08685e-07
6.74722e-07
-6.36115e-07
6.55314e-07
-5.64292e-07
6.46231e-07
-4.93196e-07
6.44366e-07
-4.22333e-07
6.38504e-07
-3.51647e-07
6.39227e-07
-2.81128e-07
6.35901e-07
-2.1072e-07
6.39144e-07
-1.40314e-07
6.35895e-07
-7.00025e-08
6.38494e-07
3.21341e-10
6.37164e-07
7.06364e-08
6.37227e-07
1.40925e-07
6.38617e-07
2.11304e-07
6.36206e-07
2.81683e-07
6.39584e-07
3.52169e-07
6.3656e-07
4.22811e-07
6.39978e-07
4.93681e-07
6.38969e-07
5.6479e-07
6.45444e-07
6.36644e-07
6.47087e-07
7.09274e-07
6.56226e-07
7.82804e-07
6.75791e-07
8.58631e-07
6.72059e-07
9.36342e-07
7.11386e-07
1.01699e-06
6.99576e-07
1.10105e-06
7.39459e-07
1.18832e-06
6.61359e-07
1.28007e-06
6.84703e-07
1.37195e-06
4.58865e-07
1.46749e-06
4.0694e-07
1.55702e-06
4.30168e-08
1.64395e-06
-1.52186e-07
1.72011e-06
-5.77386e-07
1.78958e-06
-6.65789e-07
1.8515e-06
-8.83058e-07
-7.53788e-07
-1.88961e-06
-6.94146e-07
-1.82586e-06
-8.4254e-07
-1.75472e-06
-6.2668e-07
-1.67773e-06
-5.49072e-07
-1.58909e-06
-1.46727e-07
-1.4978e-06
3.736e-08
-1.40045e-06
3.87508e-07
-1.30704e-06
4.37644e-07
-1.2134e-06
6.55039e-07
-1.12459e-06
6.29488e-07
-1.03894e-06
7.0687e-07
-9.56589e-07
6.67245e-07
-8.77216e-07
6.79471e-07
-7.99786e-07
6.39883e-07
-7.24649e-07
6.44813e-07
-6.50435e-07
6.25335e-07
-5.76987e-07
6.16352e-07
-5.04284e-07
6.1461e-07
-4.31829e-07
6.0866e-07
-3.59547e-07
6.09455e-07
-2.87446e-07
6.06179e-07
-2.15451e-07
6.09399e-07
-1.43467e-07
6.06114e-07
-7.15738e-08
6.08739e-07
3.2863e-10
6.07384e-07
7.22221e-08
6.07443e-07
1.44092e-07
6.08857e-07
2.16049e-07
6.06416e-07
2.88016e-07
6.09819e-07
3.60082e-07
6.06808e-07
4.32321e-07
6.10183e-07
5.04785e-07
6.09107e-07
5.775e-07
6.15621e-07
6.50979e-07
6.17072e-07
7.25253e-07
6.26125e-07
8.00454e-07
6.45822e-07
8.77968e-07
6.40251e-07
9.57423e-07
6.7916e-07
1.03978e-06
6.66525e-07
1.12563e-06
7.05493e-07
1.21452e-06
6.28101e-07
1.30819e-06
6.52637e-07
1.40174e-06
4.33219e-07
1.49916e-06
3.84647e-07
1.59034e-06
3.60048e-08
1.67861e-06
-1.47344e-07
1.75587e-06
-5.5543e-07
1.82744e-06
-6.32791e-07
1.89102e-06
-8.40243e-07
-6.96549e-07
-1.93124e-06
-6.38796e-07
-1.86554e-06
-7.99523e-07
-1.79202e-06
-5.90257e-07
-1.71414e-06
-5.21961e-07
-1.62408e-06
-1.38949e-07
-1.53112e-06
3.3224e-08
-1.43173e-06
3.67811e-07
-1.33672e-06
4.14581e-07
-1.24122e-06
6.24796e-07
-1.15052e-06
5.99056e-07
-1.06289e-06
6.75603e-07
-9.78734e-07
6.36242e-07
-8.97526e-07
6.49203e-07
-8.18319e-07
6.10052e-07
-7.41419e-07
6.18909e-07
-6.65485e-07
5.97717e-07
-5.90332e-07
5.88334e-07
-5.15942e-07
5.86429e-07
-4.41814e-07
5.80525e-07
-3.67852e-07
5.815e-07
-2.94089e-07
5.78269e-07
-2.20425e-07
5.81448e-07
-1.46782e-07
5.78135e-07
-7.32259e-08
5.80775e-07
3.35877e-10
5.79399e-07
7.38885e-08
5.79451e-07
1.47422e-07
5.80888e-07
2.21037e-07
5.78425e-07
2.94673e-07
5.81847e-07
3.684e-07
5.78866e-07
4.42319e-07
5.8219e-07
5.16457e-07
5.81018e-07
5.90861e-07
5.87399e-07
6.66044e-07
5.88748e-07
7.4204e-07
5.97935e-07
8.19004e-07
6.19812e-07
8.98298e-07
6.10375e-07
9.79593e-07
6.48873e-07
1.06375e-06
6.35603e-07
1.15159e-06
6.74153e-07
1.24237e-06
5.97729e-07
1.3379e-06
6.22487e-07
1.43307e-06
4.10227e-07
1.53252e-06
3.6507e-07
1.62537e-06
3.21203e-08
1.71502e-06
-1.38785e-07
1.79321e-06
-5.28561e-07
1.8671e-06
-5.95071e-07
1.93262e-06
-7.97985e-07
-6.41622e-07
-1.97451e-06
-5.83844e-07
-1.90766e-06
-7.60683e-07
-1.83144e-06
-5.446e-07
-1.75242e-06
-4.91119e-07
-1.66089e-06
-1.27875e-07
-1.56625e-06
3.21817e-08
-1.46473e-06
3.51682e-07
-1.3678e-06
3.93382e-07
-1.27028e-06
5.96607e-07
-1.17778e-06
5.70977e-07
-1.08814e-06
6.46633e-07
-1.00209e-06
6.0754e-07
-9.18944e-07
6.21054e-07
-8.3789e-07
5.82312e-07
-7.59181e-07
5.89579e-07
-6.81415e-07
5.70257e-07
-6.04442e-07
5.6187e-07
-5.28247e-07
5.60655e-07
-4.52345e-07
5.54674e-07
-3.76612e-07
5.55518e-07
-3.01096e-07
5.5233e-07
-2.25671e-07
5.55453e-07
-1.50279e-07
5.52119e-07
-7.49686e-08
5.54764e-07
3.43083e-10
5.53368e-07
7.56453e-08
5.53413e-07
1.50933e-07
5.54868e-07
2.26297e-07
5.52397e-07
3.01694e-07
5.55827e-07
3.77172e-07
5.52893e-07
4.52863e-07
5.56169e-07
5.28774e-07
5.55062e-07
6.04982e-07
5.61598e-07
6.81993e-07
5.62408e-07
7.59824e-07
5.70915e-07
8.38592e-07
5.9048e-07
9.19736e-07
5.82591e-07
1.00297e-06
6.20698e-07
1.08903e-06
6.06989e-07
1.17887e-06
6.45121e-07
1.27147e-06
5.69674e-07
1.36901e-06
5.94442e-07
1.46611e-06
3.89188e-07
1.56769e-06
3.49028e-07
1.6622e-06
3.12928e-08
1.75328e-06
-1.26661e-07
1.83272e-06
-4.98247e-07
1.90918e-06
-5.46291e-07
1.97576e-06
-7.63031e-07
-5.86133e-07
-2.0177e-06
-5.27982e-07
-1.95104e-06
-7.16885e-07
-1.87395e-06
-4.94517e-07
-1.79256e-06
-4.58038e-07
-1.69965e-06
-1.13892e-07
-1.60323e-06
3.39385e-08
-1.49959e-06
3.38742e-07
-1.40071e-06
3.74966e-07
-1.301e-06
5.70787e-07
-1.20657e-06
5.45641e-07
-1.11483e-06
6.19986e-07
-1.02678e-06
5.81269e-07
-9.41589e-07
5.95166e-07
-8.58564e-07
5.56829e-07
-7.77881e-07
5.646e-07
-6.98201e-07
5.45373e-07
-6.19332e-07
5.37473e-07
-5.41251e-07
5.3677e-07
-4.63483e-07
5.30862e-07
-3.85877e-07
5.3164e-07
-3.08507e-07
5.28509e-07
-2.31219e-07
5.31557e-07
-1.53979e-07
5.28217e-07
-7.68119e-08
5.30851e-07
3.50247e-10
5.29439e-07
7.75027e-08
5.29477e-07
1.54646e-07
5.30944e-07
2.31859e-07
5.28476e-07
3.09119e-07
5.31903e-07
3.86449e-07
5.29032e-07
4.64014e-07
5.3225e-07
5.41792e-07
5.31187e-07
6.19887e-07
5.37679e-07
6.98797e-07
5.3801e-07
7.78541e-07
5.46028e-07
8.59283e-07
5.65453e-07
9.42401e-07
5.57063e-07
1.02769e-06
5.94779e-07
1.11574e-06
5.80811e-07
1.2077e-06
6.1842e-07
1.30223e-06
5.44335e-07
1.40195e-06
5.68805e-07
1.501e-06
3.71164e-07
1.6047e-06
3.36201e-07
1.70097e-06
3.31983e-08
1.79341e-06
-1.11266e-07
1.87529e-06
-4.6616e-07
1.95254e-06
-4.9598e-07
2.01894e-06
-7.2011e-07
-5.30431e-07
-2.06288e-06
-4.65954e-07
-1.99527e-06
-6.67637e-07
-1.9183e-06
-4.47734e-07
-1.83568e-06
-4.16338e-07
-1.74038e-06
-9.9562e-08
-1.64212e-06
3.81006e-08
-1.53643e-06
3.27328e-07
-1.43565e-06
3.60915e-07
-1.33354e-06
5.46698e-07
-1.23706e-06
5.23705e-07
-1.14309e-06
5.95833e-07
-1.05293e-06
5.57513e-07
-9.65582e-07
5.71631e-07
-8.8049e-07
5.33711e-07
-7.97714e-07
5.42348e-07
-7.16004e-07
5.23067e-07
-6.35119e-07
5.15453e-07
-5.55037e-07
5.15074e-07
-4.75291e-07
5.09222e-07
-3.957e-07
5.09974e-07
-3.16366e-07
5.06916e-07
-2.37102e-07
5.09871e-07
-1.57902e-07
5.06541e-07
-7.87667e-08
5.09149e-07
3.57371e-10
5.07724e-07
7.94715e-08
5.07759e-07
1.58583e-07
5.09228e-07
2.37755e-07
5.06779e-07
3.16992e-07
5.10183e-07
3.96285e-07
5.07392e-07
4.75836e-07
5.10534e-07
5.55592e-07
5.09502e-07
6.35689e-07
5.15929e-07
7.16615e-07
5.15908e-07
7.9839e-07
5.23609e-07
8.81226e-07
5.43149e-07
9.66415e-07
5.33892e-07
1.05387e-06
5.71205e-07
1.14402e-06
5.57154e-07
1.23822e-06
5.94208e-07
1.33481e-06
5.23303e-07
1.43692e-06
5.43989e-07
1.53787e-06
3.57496e-07
1.6436e-06
3.25108e-07
1.74169e-06
3.74277e-08
1.83653e-06
-9.52982e-08
1.9197e-06
-4.25903e-07
1.99673e-06
-4.49827e-07
2.06418e-06
-6.70679e-07
-4.67137e-07
-2.10987e-06
-4.04631e-07
-2.04099e-06
-6.14962e-07
-1.96371e-06
-4.00953e-07
-1.88111e-06
-3.74448e-07
-1.78393e-06
-7.71777e-08
-1.68324e-06
4.36397e-08
-1.57539e-06
3.17233e-07
-1.47259e-06
3.50989e-07
-1.36803e-06
5.25752e-07
-1.26941e-06
5.03813e-07
-1.17306e-06
5.74318e-07
-1.08068e-06
5.36276e-07
-9.91048e-07
5.50446e-07
-9.03776e-07
5.12976e-07
-8.18778e-07
5.22459e-07
-7.34917e-07
5.03164e-07
-6.51894e-07
4.95795e-07
-5.69682e-07
4.95639e-07
-4.87837e-07
4.89818e-07
-4.06136e-07
4.90555e-07
-3.24717e-07
4.87593e-07
-2.43353e-07
4.90446e-07
-1.62072e-07
4.87149e-07
-8.08439e-08
4.8972e-07
3.64469e-10
4.88288e-07
8.15627e-08
4.88323e-07
1.62766e-07
4.89782e-07
2.4402e-07
4.87365e-07
3.25356e-07
4.90723e-07
4.06735e-07
4.88021e-07
4.88395e-07
4.9106e-07
5.70251e-07
4.90062e-07
6.52478e-07
4.96429e-07
7.35545e-07
4.9615e-07
8.19472e-07
5.03596e-07
9.0453e-07
5.23208e-07
9.91904e-07
5.13096e-07
1.08165e-06
5.49972e-07
1.17402e-06
5.36017e-07
1.2706e-06
5.72595e-07
1.36933e-06
5.03306e-07
1.4739e-06
5.23361e-07
1.57683e-06
3.47955e-07
1.68472e-06
3.15533e-07
1.78537e-06
4.29663e-08
1.88195e-06
-7.14463e-08
1.96508e-06
-3.85322e-07
2.04241e-06
-4.03516e-07
2.11117e-06
-6.17799e-07
-4.05543e-07
-2.15855e-06
-3.42875e-07
-2.08884e-06
-5.61905e-07
-2.01067e-06
-3.53533e-07
-1.92811e-06
-3.31523e-07
-1.82974e-06
-5.20855e-08
-1.72703e-06
5.5964e-08
-1.61666e-06
3.08793e-07
-1.51167e-06
3.4527e-07
-1.40462e-06
5.0774e-07
-1.30373e-06
4.86265e-07
-1.20487e-06
5.5547e-07
-1.11016e-06
5.17382e-07
-1.01812e-06
5.31477e-07
-9.28543e-07
4.94536e-07
-8.41184e-07
5.04764e-07
-7.5504e-07
4.85509e-07
-6.69746e-07
4.78384e-07
-5.85266e-07
4.78389e-07
-5.01189e-07
4.72618e-07
-4.17245e-07
4.73351e-07
-3.33605e-07
4.70534e-07
-2.50006e-07
4.73292e-07
-1.66511e-07
4.70056e-07
-8.30552e-08
4.72583e-07
3.71559e-10
4.71155e-07
8.37879e-08
4.71192e-07
1.67218e-07
4.72633e-07
2.50686e-07
4.70254e-07
3.34258e-07
4.73544e-07
4.17856e-07
4.70931e-07
5.01761e-07
4.73825e-07
5.8585e-07
4.72843e-07
6.70345e-07
4.79104e-07
7.55687e-07
4.78638e-07
8.41896e-07
4.85844e-07
9.29316e-07
5.05464e-07
1.019e-06
4.9459e-07
1.11116e-06
5.30953e-07
1.20585e-06
5.17233e-07
1.30496e-06
5.53537e-07
1.40596e-06
4.85655e-07
1.51301e-06
5.05734e-07
1.61811e-06
3.42565e-07
1.72861e-06
3.07414e-07
1.8313e-06
5.5084e-08
1.92884e-06
-4.5076e-08
2.01202e-06
-3.43324e-07
2.09024e-06
-3.56308e-07
2.15982e-06
-5.64588e-07
-3.43429e-07
-2.20848e-06
-2.84171e-07
-2.13818e-06
-5.0627e-07
-2.05976e-06
-3.04796e-07
-1.97697e-06
-2.89151e-07
-1.87725e-06
-2.59577e-08
-1.77319e-06
7.10435e-08
-1.6607e-06
3.03546e-07
-1.5532e-06
3.39239e-07
-1.44345e-06
4.92956e-07
-1.34014e-06
4.70924e-07
-1.23865e-06
5.38487e-07
-1.1415e-06
5.00406e-07
-1.04692e-06
5.14465e-07
-9.54916e-07
4.78194e-07
-8.65044e-07
4.89041e-07
-7.76479e-07
4.69874e-07
-6.88771e-07
4.62995e-07
-6.01875e-07
4.63104e-07
-5.15419e-07
4.57534e-07
-4.29084e-07
4.58388e-07
-3.43077e-07
4.55775e-07
-2.57097e-07
4.58434e-07
-1.71242e-07
4.55281e-07
-8.54121e-08
4.57749e-07
3.78663e-10
4.56336e-07
8.61588e-08
4.56371e-07
1.71963e-07
4.57788e-07
2.57791e-07
4.55459e-07
3.43744e-07
4.58664e-07
4.29708e-07
4.56156e-07
5.16005e-07
4.58866e-07
6.02474e-07
4.57835e-07
6.89386e-07
4.63732e-07
7.77146e-07
4.63149e-07
8.65776e-07
4.7012e-07
9.55709e-07
4.89686e-07
1.04782e-06
4.78185e-07
1.14253e-06
5.13903e-07
1.23965e-06
5.00411e-07
1.34141e-06
5.36288e-07
1.44483e-06
4.7016e-07
1.55454e-06
4.91507e-07
1.66221e-06
3.36352e-07
1.77486e-06
3.02832e-07
1.87882e-06
6.98091e-08
1.97759e-06
-1.77969e-08
2.06112e-06
-3.03084e-07
2.13957e-06
-3.07543e-07
2.20972e-06
-5.0883e-07
-2.84603e-07
-2.26003e-06
-2.30309e-07
-2.18909e-06
-4.48638e-07
-2.11041e-06
-2.55542e-07
-2.02779e-06
-2.39959e-07
-1.92687e-06
2.39435e-10
-1.82178e-06
8.8928e-08
-1.70705e-06
3.01934e-07
-1.59699e-06
3.35082e-07
-1.48463e-06
4.81263e-07
-1.37908e-06
4.57125e-07
-1.27504e-06
5.22773e-07
-1.1752e-06
4.86073e-07
-1.07783e-06
5.00588e-07
-9.83179e-07
4.65121e-07
-8.90576e-07
4.76569e-07
-7.99397e-07
4.57543e-07
-7.09092e-07
4.50964e-07
-6.19599e-07
4.51196e-07
-5.30598e-07
4.45538e-07
-4.41711e-07
4.45984e-07
-3.53181e-07
4.43444e-07
-2.64659e-07
4.45862e-07
-1.76289e-07
4.42773e-07
-8.79263e-08
4.45127e-07
3.85793e-10
4.43733e-07
8.8687e-08
4.43759e-07
1.77024e-07
4.45144e-07
2.65367e-07
4.42909e-07
3.53862e-07
4.46029e-07
4.42349e-07
4.43737e-07
5.31198e-07
4.46361e-07
6.20207e-07
4.45642e-07
7.09717e-07
4.51731e-07
8.00078e-07
4.5105e-07
8.91322e-07
4.57733e-07
9.83987e-07
4.77158e-07
1.07876e-06
4.65069e-07
1.17626e-06
5.00023e-07
1.27607e-06
4.86305e-07
1.3804e-06
5.20652e-07
1.48605e-06
4.56241e-07
1.5984e-06
4.80493e-07
1.70861e-06
3.3178e-07
1.82345e-06
3.01604e-07
1.92845e-06
8.74504e-08
2.02834e-06
9.51074e-09
2.11184e-06
-2.53634e-07
2.19047e-06
-2.58177e-07
2.26123e-06
-4.49853e-07
-2.31838e-07
-2.31256e-06
-1.74261e-07
-2.24316e-06
-3.88495e-07
-2.1627e-06
-2.09048e-07
-2.08031e-06
-1.91864e-07
-1.97851e-06
2.64573e-08
-1.87258e-06
1.08613e-07
-1.75618e-06
3.01766e-07
-1.64361e-06
3.37155e-07
-1.52824e-06
4.73638e-07
-1.42016e-06
4.4355e-07
-1.31327e-06
5.07847e-07
-1.21068e-06
4.73596e-07
-1.11047e-06
4.88407e-07
-1.01311e-06
4.53668e-07
-9.17664e-07
4.65409e-07
-8.23753e-07
4.46534e-07
-7.30719e-07
4.40238e-07
-6.38481e-07
4.40517e-07
-5.46782e-07
4.34945e-07
-4.5518e-07
4.35084e-07
-3.63959e-07
4.327e-07
-2.72728e-07
4.34892e-07
-1.81674e-07
4.31909e-07
-9.06091e-08
4.3415e-07
3.92972e-10
4.32795e-07
9.1384e-08
4.32813e-07
1.82423e-07
4.34155e-07
2.7345e-07
4.32014e-07
3.64654e-07
4.35017e-07
4.55833e-07
4.32934e-07
5.47397e-07
4.3542e-07
6.39107e-07
4.34926e-07
7.31364e-07
4.40938e-07
8.24459e-07
4.40257e-07
9.18434e-07
4.46663e-07
1.01394e-06
4.65895e-07
1.11143e-06
4.53574e-07
1.21178e-06
4.87856e-07
1.31433e-06
4.73851e-07
1.42153e-06
5.06116e-07
1.52968e-06
4.41995e-07
1.64508e-06
4.72794e-07
1.75781e-06
3.30613e-07
1.87426e-06
3.01535e-07
1.98012e-06
1.06997e-07
2.08073e-06
3.68835e-08
2.16414e-06
-2.06748e-07
2.24451e-06
-2.11411e-07
2.3137e-06
-3.89276e-07
-1.76116e-07
-2.36428e-06
-1.20491e-07
-2.29809e-06
-3.30644e-07
-2.21815e-06
-1.59278e-07
-2.13468e-06
-1.46834e-07
-2.03212e-06
5.2441e-08
-1.92564e-06
1.27981e-07
-1.80767e-06
3.02744e-07
-1.69292e-06
3.3384e-07
-1.57485e-06
4.6491e-07
-1.46392e-06
4.33331e-07
-1.35389e-06
4.92573e-07
-1.2484e-06
4.68462e-07
-1.14517e-06
4.76929e-07
-1.04497e-06
4.42749e-07
-9.4651e-07
4.54462e-07
-8.49705e-07
4.35859e-07
-7.53775e-07
4.2985e-07
-6.58614e-07
4.30092e-07
-5.64045e-07
4.24597e-07
-4.69552e-07
4.24608e-07
-3.7546e-07
4.22564e-07
-2.81339e-07
4.24736e-07
-1.87423e-07
4.21977e-07
-9.34727e-08
4.24183e-07
4.00262e-10
4.22895e-07
9.42621e-08
4.22914e-07
1.88186e-07
4.24202e-07
2.82077e-07
4.22115e-07
3.76171e-07
4.24916e-07
4.7022e-07
4.22899e-07
5.64679e-07
4.25007e-07
6.59263e-07
4.24519e-07
7.54443e-07
4.30402e-07
8.50439e-07
4.29788e-07
9.47308e-07
4.35912e-07
1.04583e-06
4.54835e-07
1.14617e-06
4.42612e-07
1.24956e-06
4.76375e-07
1.35498e-06
4.6676e-07
1.46531e-06
4.92982e-07
1.57635e-06
4.31425e-07
1.69435e-06
4.64547e-07
1.80927e-06
3.32518e-07
1.92731e-06
3.02719e-07
2.03375e-06
1.26319e-07
2.13496e-06
6.40928e-08
2.21964e-06
-1.62773e-07
2.29941e-06
-1.61399e-07
2.36533e-06
-3.31465e-07
-1.22167e-07
-2.41686e-06
-7.03876e-08
-2.35227e-06
-2.77085e-07
-2.27464e-06
-1.12083e-07
-2.19225e-06
-1.0036e-07
-2.08767e-06
7.82715e-08
-1.98056e-06
1.43948e-07
-1.86135e-06
3.03051e-07
-1.74481e-06
3.35598e-07
-1.624e-06
4.56404e-07
-1.51024e-06
4.22802e-07
-1.39708e-06
4.792e-07
-1.28882e-06
4.5146e-07
-1.1824e-06
4.64301e-07
-1.07913e-06
4.32255e-07
-9.77417e-07
4.44461e-07
-8.77493e-07
4.26634e-07
-7.78447e-07
4.21173e-07
-6.8014e-07
4.21521e-07
-5.82493e-07
4.16325e-07
-4.84904e-07
4.16475e-07
-3.87743e-07
4.14442e-07
-2.90535e-07
4.16232e-07
-1.93561e-07
4.13626e-07
-9.65307e-08
4.15599e-07
4.07763e-10
4.14357e-07
9.73349e-08
4.14357e-07
1.94339e-07
4.15578e-07
2.91288e-07
4.13674e-07
3.88469e-07
4.16364e-07
4.85586e-07
4.14597e-07
5.83141e-07
4.16695e-07
6.80807e-07
4.16257e-07
7.79131e-07
4.21843e-07
8.7825e-07
4.21001e-07
9.78239e-07
4.26754e-07
1.08002e-06
4.44887e-07
1.18343e-06
4.3212e-07
1.29e-06
4.63791e-07
1.3982e-06
4.49612e-07
1.51167e-06
4.79891e-07
1.62553e-06
4.208e-07
1.74631e-06
4.5641e-07
1.86298e-06
3.35166e-07
1.9822e-06
3.03128e-07
2.08934e-06
1.42507e-07
2.19242e-06
9.11432e-08
2.27615e-06
-1.17369e-07
2.3535e-06
-1.13961e-07
2.4178e-06
-2.78664e-07
-7.11253e-08
-2.46991e-06
-3.65171e-08
-2.40748e-06
-2.13966e-07
-2.33027e-06
-7.17053e-08
-2.25101e-06
-5.7987e-08
-2.14702e-06
1.03315e-07
-2.03843e-06
1.57783e-07
-1.91771e-06
3.05895e-07
-1.79915e-06
3.35277e-07
-1.67582e-06
4.4252e-07
-1.55937e-06
4.1431e-07
-1.44291e-06
4.66072e-07
-1.33149e-06
4.36828e-07
-1.22171e-06
4.50308e-07
-1.11528e-06
4.20339e-07
-1.01017e-06
4.32719e-07
-9.06987e-07
4.15825e-07
-8.0467e-07
4.10904e-07
-7.03045e-07
4.11384e-07
-6.02139e-07
4.06509e-07
-5.01266e-07
4.07288e-07
-4.00836e-07
4.05653e-07
-3.00341e-07
4.07266e-07
-2.00108e-07
4.04935e-07
-9.97924e-08
4.06749e-07
4.15492e-10
4.05574e-07
1.00612e-07
4.05563e-07
2.00902e-07
4.06705e-07
3.01111e-07
4.04949e-07
4.0158e-07
4.07452e-07
5.01968e-07
4.05785e-07
6.0281e-07
4.07443e-07
7.03741e-07
4.06449e-07
8.05384e-07
4.11704e-07
9.07779e-07
4.10738e-07
1.01103e-06
4.15979e-07
1.1162e-06
4.33114e-07
1.22278e-06
4.20208e-07
1.3327e-06
4.49842e-07
1.44409e-06
4.35276e-07
1.56083e-06
4.66555e-07
1.67738e-06
4.13496e-07
1.80066e-06
4.4174e-07
1.91937e-06
3.35127e-07
2.04006e-06
3.0499e-07
2.14874e-06
1.5718e-07
2.25101e-06
1.1578e-07
2.33177e-06
-7.42834e-08
2.4087e-06
-7.32019e-08
2.47075e-06
-2.12965e-07
-3.95888e-08
-2.52289e-06
2.23978e-09
-2.46352e-06
-1.67639e-07
-2.38714e-06
-3.14169e-08
-2.30985e-06
-4.45024e-08
-2.20761e-06
1.4534e-07
-2.09972e-06
1.56476e-07
-1.97728e-06
3.16579e-07
-1.85666e-06
3.33736e-07
-1.73085e-06
4.2689e-07
-1.61161e-06
4.03067e-07
-1.49161e-06
4.49857e-07
-1.37691e-06
4.21746e-07
-1.26359e-06
4.34059e-07
-1.1538e-06
4.06091e-07
-1.0451e-06
4.18189e-07
-9.38449e-07
4.02371e-07
-8.32651e-07
3.97947e-07
-7.2749e-07
3.98612e-07
-6.23097e-07
3.94088e-07
-5.18716e-07
3.99722e-07
-4.14799e-07
3.96901e-07
-3.10799e-07
3.9835e-07
-2.0709e-07
3.95246e-07
-1.03271e-07
3.96915e-07
4.23577e-10
3.9582e-07
1.04108e-07
3.95801e-07
2.07902e-07
3.96853e-07
3.11587e-07
3.95241e-07
4.15562e-07
3.9753e-07
5.19441e-07
3.97024e-07
6.23795e-07
3.9969e-07
7.2822e-07
3.94115e-07
8.33397e-07
3.98847e-07
9.3928e-07
3.97865e-07
1.04599e-06
4.02465e-07
1.15476e-06
4.18551e-07
1.26469e-06
4.05974e-07
1.37817e-06
4.33662e-07
1.49284e-06
4.20308e-07
1.6131e-06
4.50239e-07
1.73241e-06
4.02321e-07
1.85818e-06
4.26042e-07
1.97901e-06
3.33718e-07
2.10132e-06
3.18938e-07
2.20942e-06
1.51673e-07
2.30964e-06
1.36755e-07
2.38848e-06
-3.77571e-08
2.46459e-06
-3.22877e-08
2.52357e-06
-1.68257e-07
6.42202e-10
-2.57513e-06
3.52291e-08
-2.51984e-06
-1.28907e-07
-2.44583e-06
1.06784e-09
-2.36991e-06
-1.13383e-08
-2.27025e-06
1.45483e-07
-2.1629e-06
1.75906e-07
-2.04006e-06
3.11547e-07
-1.9174e-06
3.29374e-07
-1.7889e-06
4.04853e-07
-1.66701e-06
3.85693e-07
-1.54336e-06
4.27715e-07
-1.42533e-06
4.02259e-07
-1.30825e-06
4.13199e-07
-1.19494e-06
3.87685e-07
-1.08243e-06
3.98762e-07
-9.72086e-07
3.84163e-07
-8.62573e-07
3.80826e-07
-7.53636e-07
3.81803e-07
-6.45523e-07
3.77753e-07
-5.37466e-07
3.78405e-07
-4.29811e-07
3.77686e-07
-3.22056e-07
3.79066e-07
-2.14607e-07
3.77281e-07
-1.07017e-07
3.78815e-07
4.32329e-10
3.77855e-07
1.07871e-07
3.77852e-07
2.15438e-07
3.78789e-07
3.22868e-07
3.77342e-07
4.30608e-07
3.79304e-07
5.38217e-07
3.77874e-07
6.46254e-07
3.78531e-07
7.54406e-07
3.77796e-07
8.63356e-07
3.81915e-07
9.7296e-07
3.81097e-07
1.08336e-06
3.84192e-07
1.19594e-06
3.99053e-07
1.3094e-06
3.87623e-07
1.42663e-06
4.12844e-07
1.54462e-06
4.01024e-07
1.66853e-06
4.28008e-07
1.79047e-06
3.84926e-07
1.91892e-06
4.04324e-07
2.04172e-06
3.29368e-07
2.16444e-06
3.12282e-07
2.2719e-06
1.7296e-07
2.36971e-06
1.36208e-07
2.44722e-06
-3.27811e-09
2.52077e-06
9.51892e-11
2.57568e-06
-1.29953e-07
3.41953e-08
-2.62812e-06
5.82299e-08
-2.57626e-06
-9.29775e-08
-2.50531e-06
2.4538e-08
-2.4322e-06
1.56274e-08
-2.33396e-06
1.52202e-07
-2.22861e-06
1.77392e-07
-2.10609e-06
2.95851e-07
-1.9822e-06
3.14882e-07
-1.85127e-06
3.78386e-07
-1.72647e-06
3.61159e-07
-1.59918e-06
3.98998e-07
-1.47751e-06
3.77192e-07
-1.35635e-06
3.86338e-07
-1.23926e-06
3.64185e-07
-1.1226e-06
3.73782e-07
-1.00826e-06
3.60794e-07
-8.94729e-07
3.64236e-07
-7.81714e-07
3.62526e-07
-6.69595e-07
3.58268e-07
-5.57515e-07
3.57687e-07
-4.45853e-07
3.56741e-07
-3.34075e-07
3.57368e-07
-2.22631e-07
3.55726e-07
-1.11017e-07
3.56693e-07
4.41947e-10
3.55853e-07
1.1189e-07
3.55842e-07
2.23484e-07
3.56651e-07
3.3491e-07
3.5576e-07
4.46673e-07
3.5745e-07
5.58296e-07
3.56393e-07
6.70362e-07
3.57673e-07
7.82523e-07
3.58327e-07
8.95542e-07
3.62613e-07
1.00917e-06
3.63164e-07
1.12358e-06
3.60793e-07
1.24031e-06
3.74006e-07
1.35756e-06
3.64185e-07
1.47885e-06
3.86045e-07
1.60049e-06
3.76179e-07
1.72802e-06
3.99244e-07
1.85285e-06
3.60379e-07
1.98371e-06
3.77935e-07
2.10772e-06
3.14981e-07
2.23007e-06
2.96132e-07
2.33553e-06
1.74882e-07
2.43197e-06
1.44615e-07
2.50656e-06
2.23765e-08
2.57709e-06
2.36424e-08
2.62856e-06
-9.3992e-08
5.74702e-08
-2.68108e-06
6.95043e-08
-2.63456e-06
-6.12631e-08
-2.56601e-06
4.1895e-08
-2.49656e-06
3.42537e-08
-2.40133e-06
1.445e-07
-2.29714e-06
1.76008e-07
-2.1756e-06
2.66216e-07
-2.05093e-06
2.91004e-07
-1.9172e-06
3.41787e-07
-1.78951e-06
3.25999e-07
-1.65856e-06
3.59096e-07
-1.53317e-06
3.40861e-07
-1.40784e-06
3.48225e-07
-1.2868e-06
3.29755e-07
-1.16576e-06
3.37583e-07
-1.04722e-06
3.26547e-07
-9.29566e-07
3.24435e-07
-8.12242e-07
3.25732e-07
-6.95819e-07
3.23152e-07
-5.79392e-07
3.23173e-07
-4.63371e-07
3.22454e-07
-3.47208e-07
3.23324e-07
-2.31402e-07
3.21957e-07
-1.1539e-07
3.23046e-07
4.53027e-10
3.22358e-07
1.16286e-07
3.2235e-07
2.32281e-07
3.23015e-07
3.48072e-07
3.21995e-07
4.64227e-07
3.23348e-07
5.80221e-07
3.22569e-07
6.96635e-07
3.23207e-07
8.13106e-07
3.23257e-07
9.30462e-07
3.25833e-07
1.04823e-06
3.25261e-07
1.16681e-06
3.26537e-07
1.28791e-06
3.37726e-07
1.40911e-06
3.29786e-07
1.53457e-06
3.48006e-07
1.65992e-06
3.40053e-07
1.79108e-06
3.59285e-07
1.91877e-06
3.25367e-07
2.05243e-06
3.41349e-07
2.17717e-06
2.91164e-07
2.29852e-06
2.65834e-07
2.4028e-06
1.75248e-07
2.49622e-06
1.37008e-07
2.56712e-06
3.963e-08
2.63529e-06
4.11659e-08
2.68138e-06
-6.21254e-08
6.89016e-08
-2.73402e-06
6.84461e-08
-2.69444e-06
-3.49858e-08
-2.62983e-06
5.07196e-08
-2.56386e-06
4.45577e-08
-2.47187e-06
1.29922e-07
-2.37054e-06
1.58728e-07
-2.24951e-06
2.27692e-07
-2.12486e-06
2.4776e-07
-1.98933e-06
2.91632e-07
-1.8585e-06
2.79215e-07
-1.72351e-06
3.06666e-07
-1.594e-06
2.91712e-07
-1.4641e-06
2.97571e-07
-1.33871e-06
2.83055e-07
-1.21288e-06
2.89278e-07
-1.08972e-06
2.80589e-07
-9.67389e-07
2.78413e-07
-8.45325e-07
2.78656e-07
-7.24214e-07
2.7665e-07
-6.03081e-07
2.76529e-07
-4.82335e-07
2.7601e-07
-3.61428e-07
2.76636e-07
-2.40894e-07
2.75601e-07
-1.20123e-07
2.76471e-07
4.65779e-10
2.75946e-07
1.21047e-07
2.75936e-07
2.41803e-07
2.76443e-07
3.62327e-07
2.75615e-07
4.83232e-07
2.76637e-07
6.03961e-07
2.76118e-07
7.25087e-07
2.76537e-07
8.46254e-07
2.76707e-07
9.68343e-07
2.78666e-07
1.09079e-06
2.78776e-07
1.214e-06
2.806e-07
1.33989e-06
2.89354e-07
1.46545e-06
2.83126e-07
1.59545e-06
2.97438e-07
1.72491e-06
2.9106e-07
1.86009e-06
3.06794e-07
1.9909e-06
2.78767e-07
2.12632e-06
2.91196e-07
2.25104e-06
2.47951e-07
2.37181e-06
2.27003e-07
2.47324e-06
1.55784e-07
2.56349e-06
1.24329e-07
2.63078e-06
4.84742e-08
2.69504e-06
5.01579e-08
2.73415e-06
-3.56651e-08
6.79482e-08
-2.78768e-06
5.60227e-08
-2.75624e-06
-1.50583e-08
-2.69694e-06
4.79433e-08
-2.63613e-06
4.36893e-08
-2.54801e-06
1.03866e-07
-2.4498e-06
1.21905e-07
-2.32995e-06
1.75607e-07
-2.20519e-06
1.85864e-07
-2.06789e-06
2.1612e-07
-1.93443e-06
2.12292e-07
-1.79533e-06
2.33674e-07
-1.66145e-06
2.22994e-07
-1.52665e-06
2.27147e-07
-1.39652e-06
2.16701e-07
-1.26548e-06
2.21162e-07
-1.1372e-06
2.15089e-07
-1.00973e-06
2.13659e-07
-8.82408e-07
2.13618e-07
-7.56048e-07
2.1223e-07
-6.29653e-07
2.12035e-07
-5.03611e-07
2.11758e-07
-3.77387e-07
2.12074e-07
-2.51545e-07
2.11409e-07
-1.25437e-07
2.11957e-07
4.81391e-10
2.11611e-07
1.26393e-07
2.11603e-07
2.52492e-07
2.1194e-07
3.78331e-07
2.11416e-07
5.0456e-07
2.1208e-07
6.30597e-07
2.11794e-07
7.56995e-07
2.12042e-07
8.8342e-07
2.12283e-07
1.01077e-06
2.13611e-07
1.13837e-06
2.13925e-07
1.2667e-06
2.15094e-07
1.3978e-06
2.21187e-07
1.52809e-06
2.16763e-07
1.66298e-06
2.27091e-07
1.79677e-06
2.22447e-07
1.93604e-06
2.33402e-07
2.06945e-06
2.1199e-07
2.2066e-06
2.15714e-07
2.33141e-06
1.85966e-07
2.45092e-06
1.75102e-07
2.54923e-06
1.21382e-07
2.63566e-06
1.00146e-07
2.69771e-06
4.62512e-08
2.75667e-06
4.7514e-08
2.78762e-06
-1.5521e-08
5.56088e-08
-2.84325e-06
3.27971e-08
-2.821e-06
-2.66123e-09
-2.76857e-06
3.18353e-08
-2.71464e-06
2.93726e-08
-2.63182e-06
6.17658e-08
-2.53773e-06
7.13062e-08
-2.41987e-06
9.88223e-08
-2.29528e-06
1.06562e-07
-2.15588e-06
1.23976e-07
-2.01962e-06
1.20879e-07
-1.87628e-06
1.3212e-07
-1.73765e-06
1.28607e-07
-1.59733e-06
1.30799e-07
-1.46188e-06
1.24915e-07
-1.32502e-06
1.27395e-07
-1.19099e-06
1.24044e-07
-1.05769e-06
1.23619e-07
-9.24472e-07
1.23374e-07
-7.92167e-07
1.22788e-07
-6.59813e-07
1.22601e-07
-5.27768e-07
1.22562e-07
-3.95514e-07
1.22641e-07
-2.63641e-07
1.22373e-07
-1.31473e-07
1.22608e-07
5.00839e-10
1.22455e-07
1.3247e-07
1.22452e-07
2.64636e-07
1.22607e-07
3.96514e-07
1.22381e-07
5.28785e-07
1.22657e-07
6.60841e-07
1.22581e-07
7.93208e-07
1.22607e-07
9.2559e-07
1.22857e-07
1.05885e-06
1.23385e-07
1.19227e-06
1.2376e-07
1.32637e-06
1.24074e-07
1.46329e-06
1.27398e-07
1.59888e-06
1.2498e-07
1.73925e-06
1.30781e-07
1.87779e-06
1.28367e-07
2.02125e-06
1.32155e-07
2.15741e-06
1.20767e-07
2.29662e-06
1.23773e-07
2.42123e-06
1.06611e-07
2.53874e-06
9.84366e-08
2.6329e-06
7.11461e-08
2.71402e-06
5.98898e-08
2.76911e-06
3.06212e-08
2.82121e-06
3.16012e-08
2.84299e-06
-2.90834e-09
3.25731e-08
-2.9008e-06
-2.89135e-06
-2.84633e-06
-2.80247e-06
-2.72587e-06
-2.63848e-06
-2.52273e-06
-2.39984e-06
-2.25814e-06
-2.11927e-06
-1.97032e-06
-1.82663e-06
-1.67969e-06
-1.53832e-06
-1.3945e-06
-1.25396e-06
-1.11372e-06
-9.73775e-07
-8.34399e-07
-6.95182e-07
-5.56028e-07
-4.16784e-07
-2.77794e-07
-1.38558e-07
5.25879e-10
1.39608e-07
2.78849e-07
4.17857e-07
5.57134e-07
6.96321e-07
8.35561e-07
9.7503e-07
1.11502e-06
1.2554e-06
1.39602e-06
1.53988e-06
1.68138e-06
1.82834e-06
1.97189e-06
2.1209e-06
2.25963e-06
2.40108e-06
2.52399e-06
2.63931e-06
2.72675e-06
2.80163e-06
2.84663e-06
2.8913e-06
2.90031e-06
)
;

boundaryField
{
    fuel
    {
        type            calculated;
        value           nonuniform 0();
    }
    wall
    {
        type            calculated;
        value           uniform 0;
    }
    outlet
    {
        type            calculated;
        value           nonuniform List<scalar> 
79
(
1.41726e-06
1.43884e-06
1.46094e-06
1.48359e-06
1.50689e-06
1.53088e-06
1.55636e-06
1.58221e-06
1.60887e-06
1.63658e-06
1.6654e-06
1.69549e-06
1.72678e-06
1.75945e-06
1.7936e-06
1.82927e-06
1.86659e-06
1.90557e-06
1.94606e-06
1.98831e-06
2.03139e-06
2.0761e-06
2.12256e-06
2.1709e-06
2.22015e-06
2.27138e-06
2.32387e-06
2.37402e-06
2.4255e-06
2.4777e-06
2.52952e-06
2.58097e-06
2.63318e-06
2.68474e-06
2.73511e-06
2.78453e-06
2.83408e-06
2.88529e-06
2.94026e-06
1.39717e-06
1.41828e-06
1.43986e-06
1.46195e-06
1.48462e-06
1.50793e-06
1.53193e-06
1.55742e-06
1.58324e-06
1.60991e-06
1.63764e-06
1.66648e-06
1.69655e-06
1.72787e-06
1.76054e-06
1.79466e-06
1.83031e-06
1.86755e-06
1.9064e-06
1.94676e-06
1.98907e-06
2.03225e-06
2.07702e-06
2.12357e-06
2.17186e-06
2.22105e-06
2.27217e-06
2.32455e-06
2.37455e-06
2.42593e-06
2.47799e-06
2.52947e-06
2.58107e-06
2.63327e-06
2.68475e-06
2.73499e-06
2.78425e-06
2.83365e-06
2.88472e-06
2.93952e-06
)
;
    }
    frontAndBack
    {
        type            empty;
        value           nonuniform 0();
    }
    procBoundary3to2
    {
        type            processor;
        value           nonuniform List<scalar> 
51
(
-1.51731e-06
-1.49456e-06
-1.44211e-06
-1.41671e-06
-1.39022e-06
-1.37562e-06
-1.3654e-06
-1.35879e-06
-1.35794e-06
-1.35417e-06
-1.35595e-06
-1.35418e-06
-1.35574e-06
-1.35493e-06
-1.35494e-06
-1.35566e-06
-1.35431e-06
-1.35621e-06
-1.35474e-06
-1.35862e-06
-1.35978e-06
-1.367e-06
-1.37697e-06
-1.39183e-06
-1.41867e-06
-1.44345e-06
-1.49718e-06
-1.51726e-06
-1.5829e-06
-1.53641e-06
-1.56156e-06
-1.303e-06
-1.17425e-06
-6.13394e-07
-2.58922e-07
5.00651e-07
8.60335e-07
1.30517e-06
1.31152e-06
1.29775e-06
1.29661e-06
8.6317e-07
5.16461e-07
-2.26366e-07
-5.73671e-07
-1.12628e-06
-1.25228e-06
-1.51071e-06
-1.48601e-06
7.06326e-07
-1.53557e-06
)
;
    }
}


// ************************************************************************* //
