/*--------------------------------*- C++ -*----------------------------------*\
| =========                 |                                                 |
| \\      /  F ield         | OpenFOAM: The Open Source CFD Toolbox           |
|  \\    /   O peration     | Version:  dev                                   |
|   \\  /    A nd           | Web:      www.OpenFOAM.org                      |
|    \\/     M anipulation  |                                                 |
\*---------------------------------------------------------------------------*/
FoamFile
{
    version     2.0;
    format      ascii;
    class       volScalarField;
    location    "0.06";
    object      C3H2;
}
// * * * * * * * * * * * * * * * * * * * * * * * * * * * * * * * * * * * * * //

dimensions      [0 0 0 0 0 0 0];

internalField   nonuniform List<scalar> 
1997
(
5.95132e-06
5.95994e-06
5.95742e-06
5.95617e-06
5.94985e-06
5.94617e-06
5.94178e-06
5.93947e-06
5.93664e-06
5.93485e-06
5.93315e-06
5.93218e-06
5.93114e-06
5.93063e-06
5.93e-06
5.92976e-06
5.92938e-06
5.9293e-06
5.84166e-06
5.84953e-06
5.84619e-06
5.84445e-06
5.83776e-06
5.83389e-06
5.82942e-06
5.82694e-06
5.82409e-06
5.82227e-06
5.82056e-06
5.81957e-06
5.81853e-06
5.81801e-06
5.81736e-06
5.81712e-06
5.81674e-06
5.81665e-06
5.81642e-06
5.8164e-06
5.81627e-06
5.81627e-06
5.81621e-06
5.81621e-06
5.81619e-06
5.81619e-06
5.81621e-06
5.81621e-06
5.73152e-06
5.73866e-06
5.73451e-06
5.73231e-06
5.72521e-06
5.72117e-06
5.71662e-06
5.71399e-06
5.71111e-06
5.70926e-06
5.70754e-06
5.70654e-06
5.70549e-06
5.70496e-06
5.70431e-06
5.70405e-06
5.70367e-06
5.70357e-06
5.70334e-06
5.70332e-06
5.70319e-06
5.70319e-06
5.70312e-06
5.70313e-06
5.7031e-06
5.7031e-06
5.70313e-06
5.70312e-06
5.70318e-06
5.70318e-06
5.70331e-06
5.70334e-06
5.70356e-06
5.70365e-06
5.70404e-06
5.70429e-06
5.70495e-06
5.70548e-06
5.70653e-06
5.70753e-06
5.6209e-06
5.62729e-06
5.62235e-06
5.61971e-06
5.61219e-06
5.60799e-06
5.60336e-06
5.60058e-06
5.59768e-06
5.59581e-06
5.59408e-06
5.59306e-06
5.592e-06
5.59146e-06
5.5908e-06
5.59054e-06
5.59015e-06
5.59005e-06
5.58982e-06
5.58979e-06
5.58966e-06
5.58966e-06
5.58959e-06
5.58959e-06
5.58957e-06
5.58957e-06
5.58959e-06
5.58959e-06
5.58965e-06
5.58965e-06
5.58978e-06
5.58981e-06
5.59004e-06
5.59014e-06
5.59053e-06
5.59079e-06
5.59145e-06
5.59199e-06
5.59305e-06
5.59407e-06
5.59579e-06
5.59767e-06
5.60058e-06
5.60335e-06
5.60798e-06
5.61219e-06
5.61969e-06
5.62234e-06
5.62728e-06
5.62089e-06
5.50975e-06
5.5154e-06
5.50969e-06
5.50661e-06
5.49869e-06
5.49433e-06
5.48961e-06
5.48671e-06
5.48379e-06
5.48188e-06
5.48014e-06
5.47911e-06
5.47805e-06
5.4775e-06
5.47684e-06
5.47657e-06
5.47617e-06
5.47607e-06
5.47583e-06
5.4758e-06
5.47566e-06
5.47566e-06
5.47559e-06
5.4756e-06
5.47557e-06
5.47557e-06
5.4756e-06
5.47559e-06
5.47566e-06
5.47566e-06
5.47579e-06
5.47582e-06
5.47606e-06
5.47616e-06
5.47656e-06
5.47683e-06
5.47749e-06
5.47804e-06
5.4791e-06
5.48014e-06
5.48187e-06
5.48378e-06
5.4867e-06
5.48961e-06
5.49433e-06
5.49869e-06
5.50659e-06
5.50968e-06
5.51539e-06
5.50974e-06
5.39658e-06
5.40179e-06
5.3953e-06
5.39168e-06
5.38306e-06
5.37843e-06
5.37349e-06
5.37039e-06
5.36738e-06
5.36541e-06
5.36362e-06
5.36256e-06
5.36147e-06
5.3609e-06
5.36022e-06
5.35994e-06
5.35952e-06
5.35941e-06
5.35916e-06
5.35912e-06
5.35898e-06
5.35898e-06
5.3589e-06
5.35891e-06
5.35888e-06
5.35888e-06
5.35891e-06
5.3589e-06
5.35897e-06
5.35897e-06
5.35912e-06
5.35915e-06
5.3594e-06
5.35951e-06
5.35993e-06
5.36021e-06
5.3609e-06
5.36146e-06
5.36255e-06
5.36362e-06
5.3654e-06
5.36737e-06
5.37039e-06
5.37349e-06
5.37843e-06
5.38307e-06
5.39168e-06
5.39529e-06
5.40179e-06
5.39657e-06
5.28426e-06
5.28876e-06
5.28152e-06
5.27745e-06
5.26849e-06
5.26367e-06
5.25864e-06
5.25542e-06
5.25239e-06
5.25039e-06
5.2486e-06
5.24753e-06
5.24643e-06
5.24586e-06
5.24517e-06
5.24488e-06
5.24446e-06
5.24434e-06
5.24409e-06
5.24404e-06
5.2439e-06
5.24389e-06
5.24382e-06
5.24382e-06
5.2438e-06
5.2438e-06
5.24382e-06
5.24382e-06
5.24389e-06
5.2439e-06
5.24404e-06
5.24408e-06
5.24433e-06
5.24445e-06
5.24488e-06
5.24516e-06
5.24585e-06
5.24643e-06
5.24752e-06
5.2486e-06
5.25038e-06
5.25238e-06
5.25542e-06
5.25864e-06
5.26367e-06
5.26849e-06
5.27745e-06
5.28152e-06
5.28876e-06
5.28426e-06
5.1714e-06
5.17519e-06
5.16722e-06
5.1627e-06
5.15343e-06
5.14842e-06
5.14329e-06
5.13997e-06
5.13692e-06
5.1349e-06
5.1331e-06
5.13202e-06
5.13092e-06
5.13034e-06
5.12965e-06
5.12935e-06
5.12892e-06
5.1288e-06
5.12854e-06
5.1285e-06
5.12835e-06
5.12834e-06
5.12827e-06
5.12827e-06
5.12824e-06
5.12824e-06
5.12827e-06
5.12827e-06
5.12834e-06
5.12834e-06
5.12849e-06
5.12854e-06
5.1288e-06
5.12892e-06
5.12935e-06
5.12964e-06
5.13034e-06
5.13092e-06
5.13202e-06
5.1331e-06
5.13489e-06
5.13691e-06
5.13997e-06
5.1433e-06
5.14842e-06
5.15344e-06
5.16271e-06
5.16722e-06
5.17518e-06
5.17139e-06
5.058e-06
5.06109e-06
5.05241e-06
5.04745e-06
5.03791e-06
5.03269e-06
5.02748e-06
5.02406e-06
5.02099e-06
5.01895e-06
5.01715e-06
5.01606e-06
5.01495e-06
5.01437e-06
5.01367e-06
5.01338e-06
5.01294e-06
5.01281e-06
5.01255e-06
5.0125e-06
5.01235e-06
5.01234e-06
5.01226e-06
5.01226e-06
5.01223e-06
5.01223e-06
5.01226e-06
5.01226e-06
5.01234e-06
5.01235e-06
5.0125e-06
5.01255e-06
5.01281e-06
5.01294e-06
5.01338e-06
5.01367e-06
5.01437e-06
5.01495e-06
5.01606e-06
5.01715e-06
5.01894e-06
5.02098e-06
5.02406e-06
5.02749e-06
5.0327e-06
5.03792e-06
5.04746e-06
5.05241e-06
5.06109e-06
5.058e-06
4.94253e-06
4.94549e-06
4.93633e-06
4.93098e-06
4.92113e-06
4.91554e-06
4.91009e-06
4.90656e-06
4.90339e-06
4.90131e-06
4.89948e-06
4.89837e-06
4.89724e-06
4.89665e-06
4.89594e-06
4.89564e-06
4.89519e-06
4.89505e-06
4.89478e-06
4.89472e-06
4.89456e-06
4.89454e-06
4.89446e-06
4.89446e-06
4.89443e-06
4.89443e-06
4.89446e-06
4.89446e-06
4.89454e-06
4.89455e-06
4.89472e-06
4.89477e-06
4.89505e-06
4.89519e-06
4.89564e-06
4.89594e-06
4.89665e-06
4.89724e-06
4.89837e-06
4.89948e-06
4.9013e-06
4.90339e-06
4.90656e-06
4.9101e-06
4.91555e-06
4.92113e-06
4.93099e-06
4.93633e-06
4.94549e-06
4.94253e-06
4.82443e-06
4.82664e-06
4.81688e-06
4.81108e-06
4.80107e-06
4.79525e-06
4.78973e-06
4.78611e-06
4.78294e-06
4.78084e-06
4.77902e-06
4.7779e-06
4.77678e-06
4.77619e-06
4.77548e-06
4.77517e-06
4.77472e-06
4.77458e-06
4.7743e-06
4.77424e-06
4.77407e-06
4.77406e-06
4.77397e-06
4.77396e-06
4.77393e-06
4.77393e-06
4.77396e-06
4.77397e-06
4.77405e-06
4.77407e-06
4.77424e-06
4.7743e-06
4.77458e-06
4.77472e-06
4.77517e-06
4.77548e-06
4.77619e-06
4.77678e-06
4.77791e-06
4.77902e-06
4.78084e-06
4.78294e-06
4.78612e-06
4.78974e-06
4.79526e-06
4.80107e-06
4.81109e-06
4.81689e-06
4.82664e-06
4.82443e-06
4.70929e-06
4.71087e-06
4.70048e-06
4.69427e-06
4.68411e-06
4.67806e-06
4.67244e-06
4.66876e-06
4.66558e-06
4.66347e-06
4.66165e-06
4.66053e-06
4.65941e-06
4.65882e-06
4.6581e-06
4.65779e-06
4.65734e-06
4.6572e-06
4.65691e-06
4.65685e-06
4.65667e-06
4.65666e-06
4.65657e-06
4.65656e-06
4.65653e-06
4.65653e-06
4.65656e-06
4.65657e-06
4.65666e-06
4.65667e-06
4.65685e-06
4.65691e-06
4.6572e-06
4.65734e-06
4.6578e-06
4.6581e-06
4.65882e-06
4.65941e-06
4.66053e-06
4.66165e-06
4.66346e-06
4.66557e-06
4.66876e-06
4.67245e-06
4.67806e-06
4.6841e-06
4.69428e-06
4.70049e-06
4.71087e-06
4.7093e-06
4.59377e-06
4.59473e-06
4.58375e-06
4.57714e-06
4.56686e-06
4.56057e-06
4.55487e-06
4.55113e-06
4.54794e-06
4.54582e-06
4.54401e-06
4.54289e-06
4.54178e-06
4.54119e-06
4.54047e-06
4.54016e-06
4.53971e-06
4.53956e-06
4.53927e-06
4.53921e-06
4.53903e-06
4.53901e-06
4.53892e-06
4.53891e-06
4.53888e-06
4.53888e-06
4.53891e-06
4.53892e-06
4.53901e-06
4.53903e-06
4.53921e-06
4.53927e-06
4.53956e-06
4.53971e-06
4.54017e-06
4.54047e-06
4.54119e-06
4.54178e-06
4.5429e-06
4.54402e-06
4.54582e-06
4.54794e-06
4.55113e-06
4.55489e-06
4.56058e-06
4.56686e-06
4.57714e-06
4.58375e-06
4.59473e-06
4.59377e-06
4.47794e-06
4.47831e-06
4.46676e-06
4.45977e-06
4.44942e-06
4.4429e-06
4.43711e-06
4.43331e-06
4.43012e-06
4.428e-06
4.42621e-06
4.42509e-06
4.42398e-06
4.42339e-06
4.42268e-06
4.42237e-06
4.42191e-06
4.42177e-06
4.42148e-06
4.42141e-06
4.42123e-06
4.42121e-06
4.42111e-06
4.4211e-06
4.42107e-06
4.42107e-06
4.4211e-06
4.42111e-06
4.42121e-06
4.42122e-06
4.42141e-06
4.42148e-06
4.42177e-06
4.42191e-06
4.42237e-06
4.42268e-06
4.42339e-06
4.42398e-06
4.42509e-06
4.42621e-06
4.428e-06
4.43012e-06
4.43332e-06
4.43712e-06
4.4429e-06
4.44942e-06
4.45978e-06
4.46676e-06
4.47831e-06
4.47794e-06
4.35986e-06
4.35962e-06
4.34728e-06
4.33975e-06
4.3292e-06
4.32231e-06
4.31632e-06
4.31243e-06
4.30919e-06
4.30705e-06
4.30524e-06
4.30411e-06
4.30299e-06
4.3024e-06
4.30168e-06
4.30137e-06
4.30091e-06
4.30077e-06
4.30047e-06
4.3004e-06
4.30021e-06
4.30019e-06
4.3001e-06
4.30008e-06
4.30004e-06
4.30004e-06
4.30008e-06
4.3001e-06
4.30019e-06
4.30021e-06
4.3004e-06
4.30047e-06
4.30077e-06
4.30092e-06
4.30138e-06
4.30169e-06
4.3024e-06
4.30299e-06
4.30411e-06
4.30524e-06
4.30704e-06
4.30919e-06
4.31244e-06
4.31633e-06
4.32229e-06
4.3292e-06
4.33976e-06
4.34729e-06
4.35963e-06
4.35986e-06
4.24004e-06
4.23915e-06
4.22638e-06
4.2185e-06
4.20795e-06
4.20086e-06
4.19477e-06
4.19086e-06
4.18763e-06
4.18551e-06
4.18372e-06
4.1826e-06
4.18149e-06
4.18091e-06
4.1802e-06
4.17989e-06
4.17944e-06
4.17929e-06
4.179e-06
4.17893e-06
4.17874e-06
4.17872e-06
4.17862e-06
4.17861e-06
4.17857e-06
4.17856e-06
4.17861e-06
4.17862e-06
4.17872e-06
4.17874e-06
4.17893e-06
4.179e-06
4.17929e-06
4.17944e-06
4.1799e-06
4.1802e-06
4.18091e-06
4.18149e-06
4.1826e-06
4.18372e-06
4.1855e-06
4.18763e-06
4.19088e-06
4.19478e-06
4.20083e-06
4.20795e-06
4.2185e-06
4.22638e-06
4.23915e-06
4.24004e-06
4.12004e-06
4.11852e-06
4.10537e-06
4.09718e-06
4.08665e-06
4.07938e-06
4.07319e-06
4.06928e-06
4.06608e-06
4.06397e-06
4.06221e-06
4.06109e-06
4.06e-06
4.05942e-06
4.05873e-06
4.05843e-06
4.05798e-06
4.05784e-06
4.05755e-06
4.05748e-06
4.05729e-06
4.05727e-06
4.05717e-06
4.05716e-06
4.05712e-06
4.05712e-06
4.05716e-06
4.05717e-06
4.05727e-06
4.05729e-06
4.05748e-06
4.05755e-06
4.05784e-06
4.05798e-06
4.05843e-06
4.05873e-06
4.05943e-06
4.06001e-06
4.06109e-06
4.06221e-06
4.06396e-06
4.06607e-06
4.06929e-06
4.07321e-06
4.07933e-06
4.08664e-06
4.09719e-06
4.10537e-06
4.11852e-06
4.12004e-06
4e-06
3.99787e-06
3.98439e-06
3.97594e-06
3.96544e-06
3.95799e-06
3.95174e-06
3.94783e-06
3.94467e-06
3.94258e-06
3.94085e-06
3.93975e-06
3.93868e-06
3.93811e-06
3.93742e-06
3.93713e-06
3.93669e-06
3.93655e-06
3.93627e-06
3.9362e-06
3.93602e-06
3.936e-06
3.9359e-06
3.93589e-06
3.93585e-06
3.93585e-06
3.93589e-06
3.9359e-06
3.936e-06
3.93602e-06
3.9362e-06
3.93627e-06
3.93655e-06
3.93669e-06
3.93713e-06
3.93743e-06
3.93811e-06
3.93868e-06
3.93975e-06
3.94085e-06
3.94257e-06
3.94465e-06
3.94785e-06
3.95175e-06
3.95793e-06
3.96543e-06
3.97595e-06
3.9844e-06
3.99787e-06
4.00001e-06
3.88358e-06
3.88095e-06
3.86711e-06
3.85846e-06
3.84796e-06
3.84015e-06
3.83402e-06
3.83012e-06
3.82699e-06
3.82494e-06
3.82324e-06
3.82215e-06
3.8211e-06
3.82054e-06
3.81987e-06
3.81958e-06
3.81915e-06
3.81902e-06
3.81875e-06
3.81869e-06
3.81851e-06
3.81849e-06
3.81839e-06
3.81838e-06
3.81834e-06
3.81834e-06
3.81838e-06
3.81839e-06
3.81849e-06
3.8185e-06
3.81869e-06
3.81875e-06
3.81902e-06
3.81916e-06
3.81959e-06
3.81987e-06
3.82054e-06
3.8211e-06
3.82215e-06
3.82324e-06
3.82492e-06
3.82698e-06
3.83014e-06
3.83404e-06
3.84012e-06
3.84796e-06
3.85847e-06
3.86712e-06
3.88095e-06
3.88359e-06
3.76542e-06
3.76244e-06
3.7482e-06
3.73931e-06
3.72873e-06
3.72234e-06
3.71693e-06
3.71306e-06
3.70997e-06
3.70795e-06
3.70629e-06
3.70522e-06
3.70419e-06
3.70364e-06
3.70298e-06
3.70271e-06
3.70229e-06
3.70217e-06
3.7019e-06
3.70185e-06
3.70168e-06
3.70166e-06
3.70157e-06
3.70157e-06
3.70153e-06
3.70153e-06
3.70156e-06
3.70157e-06
3.70166e-06
3.70168e-06
3.70185e-06
3.7019e-06
3.70217e-06
3.70229e-06
3.70271e-06
3.70299e-06
3.70365e-06
3.70419e-06
3.70522e-06
3.70629e-06
3.70794e-06
3.70996e-06
3.71308e-06
3.71695e-06
3.72236e-06
3.72873e-06
3.73932e-06
3.7482e-06
3.76245e-06
3.76543e-06
3.65e-06
3.64658e-06
3.63208e-06
3.62307e-06
3.61252e-06
3.6058e-06
3.60041e-06
3.59632e-06
3.59309e-06
3.591e-06
3.58929e-06
3.58819e-06
3.58713e-06
3.58657e-06
3.58589e-06
3.58561e-06
3.58518e-06
3.58506e-06
3.58479e-06
3.58474e-06
3.58457e-06
3.58456e-06
3.58447e-06
3.58446e-06
3.58443e-06
3.58443e-06
3.58446e-06
3.58447e-06
3.58456e-06
3.58457e-06
3.58474e-06
3.58479e-06
3.58506e-06
3.58519e-06
3.58562e-06
3.5859e-06
3.58657e-06
3.58713e-06
3.58819e-06
3.5893e-06
3.59099e-06
3.59308e-06
3.59633e-06
3.60044e-06
3.60587e-06
3.61253e-06
3.62308e-06
3.63209e-06
3.64659e-06
3.65001e-06
3.53544e-06
3.53162e-06
3.51692e-06
3.50783e-06
3.49733e-06
3.49057e-06
3.48521e-06
3.48115e-06
3.47799e-06
3.47593e-06
3.47426e-06
3.47317e-06
3.47214e-06
3.4716e-06
3.47094e-06
3.47067e-06
3.47026e-06
3.47014e-06
3.46989e-06
3.46984e-06
3.46968e-06
3.46968e-06
3.46959e-06
3.46959e-06
3.46956e-06
3.46956e-06
3.46959e-06
3.46959e-06
3.46968e-06
3.46968e-06
3.46984e-06
3.46989e-06
3.47014e-06
3.47026e-06
3.47067e-06
3.47094e-06
3.4716e-06
3.47215e-06
3.47317e-06
3.47427e-06
3.47591e-06
3.47798e-06
3.48115e-06
3.48523e-06
3.49063e-06
3.49733e-06
3.50784e-06
3.51692e-06
3.53163e-06
3.53546e-06
3.41994e-06
3.41579e-06
3.40086e-06
3.39168e-06
3.38115e-06
3.37434e-06
3.36893e-06
3.36491e-06
3.3618e-06
3.35975e-06
3.35811e-06
3.35704e-06
3.35603e-06
3.3555e-06
3.35486e-06
3.3546e-06
3.3542e-06
3.3541e-06
3.35385e-06
3.35382e-06
3.35367e-06
3.35367e-06
3.3536e-06
3.3536e-06
3.35357e-06
3.35357e-06
3.3536e-06
3.3536e-06
3.35367e-06
3.35367e-06
3.35382e-06
3.35385e-06
3.3541e-06
3.3542e-06
3.3546e-06
3.35486e-06
3.3555e-06
3.35604e-06
3.35704e-06
3.35812e-06
3.35972e-06
3.36179e-06
3.36492e-06
3.36896e-06
3.37438e-06
3.38115e-06
3.39169e-06
3.40087e-06
3.41579e-06
3.41996e-06
3.30772e-06
3.30323e-06
3.28821e-06
3.279e-06
3.26864e-06
3.26183e-06
3.25645e-06
3.2525e-06
3.24947e-06
3.24745e-06
3.24587e-06
3.24483e-06
3.24385e-06
3.24333e-06
3.24271e-06
3.24247e-06
3.24209e-06
3.24199e-06
3.24177e-06
3.24174e-06
3.24161e-06
3.24161e-06
3.24155e-06
3.24156e-06
3.24154e-06
3.24153e-06
3.24156e-06
3.24155e-06
3.24161e-06
3.24161e-06
3.24174e-06
3.24177e-06
3.24199e-06
3.24209e-06
3.24247e-06
3.24271e-06
3.24334e-06
3.24385e-06
3.24483e-06
3.24588e-06
3.24743e-06
3.24946e-06
3.25251e-06
3.25647e-06
3.26185e-06
3.26864e-06
3.279e-06
3.28821e-06
3.30324e-06
3.30774e-06
3.1971e-06
3.19232e-06
3.17725e-06
3.16807e-06
3.15787e-06
3.1511e-06
3.1458e-06
3.14191e-06
3.13896e-06
3.13689e-06
3.13531e-06
3.13426e-06
3.13328e-06
3.13276e-06
3.13214e-06
3.13191e-06
3.13153e-06
3.13144e-06
3.13122e-06
3.1312e-06
3.13108e-06
3.13109e-06
3.13102e-06
3.13103e-06
3.13101e-06
3.13101e-06
3.13103e-06
3.13102e-06
3.13108e-06
3.13108e-06
3.1312e-06
3.13122e-06
3.13145e-06
3.13153e-06
3.13191e-06
3.13215e-06
3.13277e-06
3.13328e-06
3.13426e-06
3.13532e-06
3.13686e-06
3.13896e-06
3.14192e-06
3.14583e-06
3.15111e-06
3.15787e-06
3.16807e-06
3.17726e-06
3.19232e-06
3.19713e-06
3.08644e-06
3.0812e-06
3.06596e-06
3.05672e-06
3.04656e-06
3.03982e-06
3.03459e-06
3.03073e-06
3.02787e-06
3.02581e-06
3.02429e-06
3.02326e-06
3.02231e-06
3.02182e-06
3.02122e-06
3.02099e-06
3.02063e-06
3.02056e-06
3.02035e-06
3.02034e-06
3.02023e-06
3.02024e-06
3.02018e-06
3.02019e-06
3.02018e-06
3.02018e-06
3.02019e-06
3.02018e-06
3.02023e-06
3.02022e-06
3.02034e-06
3.02035e-06
3.02056e-06
3.02064e-06
3.021e-06
3.02122e-06
3.02182e-06
3.02232e-06
3.02326e-06
3.0243e-06
3.02579e-06
3.02787e-06
3.03075e-06
3.03462e-06
3.03981e-06
3.04656e-06
3.05673e-06
3.06597e-06
3.0812e-06
3.08646e-06
2.97977e-06
2.97425e-06
2.95916e-06
2.95002e-06
2.94001e-06
2.93336e-06
2.92831e-06
2.92452e-06
2.92178e-06
2.91976e-06
2.9183e-06
2.91731e-06
2.91639e-06
2.91592e-06
2.91534e-06
2.91514e-06
2.91479e-06
2.91473e-06
2.91454e-06
2.91453e-06
2.91443e-06
2.91445e-06
2.9144e-06
2.91442e-06
2.9144e-06
2.9144e-06
2.91442e-06
2.9144e-06
2.91445e-06
2.91443e-06
2.91453e-06
2.91454e-06
2.91473e-06
2.9148e-06
2.91514e-06
2.91535e-06
2.91592e-06
2.9164e-06
2.9173e-06
2.91831e-06
2.91973e-06
2.92178e-06
2.92454e-06
2.92834e-06
2.93335e-06
2.94001e-06
2.95003e-06
2.95916e-06
2.97425e-06
2.9798e-06
2.87474e-06
2.86857e-06
2.8532e-06
2.84395e-06
2.83391e-06
2.82727e-06
2.82233e-06
2.81859e-06
2.81593e-06
2.81394e-06
2.81251e-06
2.81155e-06
2.81066e-06
2.8102e-06
2.80965e-06
2.80945e-06
2.80913e-06
2.80907e-06
2.80889e-06
2.80889e-06
2.80881e-06
2.80882e-06
2.80878e-06
2.8088e-06
2.80879e-06
2.80879e-06
2.8088e-06
2.80878e-06
2.80882e-06
2.8088e-06
2.80889e-06
2.80889e-06
2.80907e-06
2.80913e-06
2.80946e-06
2.80965e-06
2.81021e-06
2.81067e-06
2.81154e-06
2.81253e-06
2.81391e-06
2.81592e-06
2.8186e-06
2.82236e-06
2.82726e-06
2.8339e-06
2.84396e-06
2.8532e-06
2.86858e-06
2.87477e-06
2.77328e-06
2.76685e-06
2.75171e-06
2.74267e-06
2.73278e-06
2.72629e-06
2.72156e-06
2.71793e-06
2.71539e-06
2.71347e-06
2.7121e-06
2.71117e-06
2.71033e-06
2.7099e-06
2.70937e-06
2.70919e-06
2.70888e-06
2.70883e-06
2.70867e-06
2.70868e-06
2.7086e-06
2.70862e-06
2.70858e-06
2.7086e-06
2.70859e-06
2.70859e-06
2.7086e-06
2.70858e-06
2.70862e-06
2.7086e-06
2.70868e-06
2.70867e-06
2.70883e-06
2.70888e-06
2.70919e-06
2.70937e-06
2.7099e-06
2.71033e-06
2.71117e-06
2.71212e-06
2.71344e-06
2.71538e-06
2.71795e-06
2.72158e-06
2.72628e-06
2.73277e-06
2.74268e-06
2.75171e-06
2.76686e-06
2.7733e-06
2.67489e-06
2.6682e-06
2.65336e-06
2.6446e-06
2.63466e-06
2.62812e-06
2.62344e-06
2.61984e-06
2.61736e-06
2.61547e-06
2.61413e-06
2.61321e-06
2.6124e-06
2.61198e-06
2.61147e-06
2.6113e-06
2.611e-06
2.61096e-06
2.61081e-06
2.61082e-06
2.61074e-06
2.61077e-06
2.61073e-06
2.61075e-06
2.61074e-06
2.61074e-06
2.61075e-06
2.61073e-06
2.61076e-06
2.61074e-06
2.61082e-06
2.6108e-06
2.61096e-06
2.611e-06
2.6113e-06
2.61147e-06
2.61198e-06
2.6124e-06
2.61321e-06
2.61414e-06
2.61543e-06
2.61735e-06
2.61986e-06
2.62346e-06
2.62811e-06
2.63465e-06
2.64461e-06
2.65336e-06
2.6682e-06
2.6749e-06
2.57796e-06
2.5729e-06
2.55847e-06
2.55004e-06
2.54024e-06
2.53391e-06
2.52943e-06
2.52598e-06
2.52363e-06
2.5218e-06
2.52054e-06
2.51966e-06
2.51889e-06
2.5185e-06
2.51801e-06
2.51786e-06
2.51759e-06
2.51755e-06
2.51741e-06
2.51742e-06
2.51736e-06
2.51738e-06
2.51734e-06
2.51736e-06
2.51736e-06
2.51736e-06
2.51736e-06
2.51734e-06
2.51738e-06
2.51735e-06
2.51742e-06
2.51741e-06
2.51755e-06
2.51759e-06
2.51786e-06
2.51802e-06
2.5185e-06
2.51889e-06
2.51966e-06
2.52055e-06
2.52178e-06
2.52362e-06
2.52599e-06
2.52945e-06
2.5339e-06
2.54023e-06
2.55005e-06
2.55848e-06
2.5729e-06
2.57796e-06
2.48646e-06
2.48094e-06
2.46639e-06
2.45805e-06
2.44819e-06
2.44193e-06
2.43764e-06
2.43426e-06
2.43201e-06
2.43023e-06
2.42902e-06
2.42818e-06
2.42745e-06
2.42707e-06
2.42661e-06
2.42647e-06
2.42621e-06
2.42618e-06
2.42605e-06
2.42607e-06
2.426e-06
2.42602e-06
2.42599e-06
2.42601e-06
2.426e-06
2.426e-06
2.42601e-06
2.42599e-06
2.42602e-06
2.426e-06
2.42606e-06
2.42605e-06
2.42618e-06
2.42621e-06
2.42647e-06
2.42661e-06
2.42707e-06
2.42745e-06
2.42818e-06
2.42904e-06
2.43021e-06
2.432e-06
2.43428e-06
2.43765e-06
2.44193e-06
2.44818e-06
2.45806e-06
2.46639e-06
2.48094e-06
2.48645e-06
2.3966e-06
2.39091e-06
2.37686e-06
2.36893e-06
2.36154e-06
2.35551e-06
2.35147e-06
2.34824e-06
2.34612e-06
2.34443e-06
2.34329e-06
2.34249e-06
2.3418e-06
2.34145e-06
2.34102e-06
2.34089e-06
2.34065e-06
2.34063e-06
2.34051e-06
2.34053e-06
2.34047e-06
2.34049e-06
2.34045e-06
2.34047e-06
2.34046e-06
2.34046e-06
2.34047e-06
2.34045e-06
2.34048e-06
2.34046e-06
2.34052e-06
2.34051e-06
2.34063e-06
2.34065e-06
2.34089e-06
2.34102e-06
2.34145e-06
2.34181e-06
2.34249e-06
2.34331e-06
2.3444e-06
2.34611e-06
2.34825e-06
2.35147e-06
2.35551e-06
2.36153e-06
2.36894e-06
2.37687e-06
2.3909e-06
2.39659e-06
2.31301e-06
2.30734e-06
2.29375e-06
2.28621e-06
2.27911e-06
2.27316e-06
2.26928e-06
2.26614e-06
2.26412e-06
2.26248e-06
2.26139e-06
2.26063e-06
2.25998e-06
2.25965e-06
2.25924e-06
2.25912e-06
2.2589e-06
2.25888e-06
2.25876e-06
2.25878e-06
2.25872e-06
2.25874e-06
2.25871e-06
2.25872e-06
2.25871e-06
2.25871e-06
2.25872e-06
2.2587e-06
2.25874e-06
2.25872e-06
2.25878e-06
2.25876e-06
2.25888e-06
2.2589e-06
2.25912e-06
2.25924e-06
2.25965e-06
2.25998e-06
2.26062e-06
2.26141e-06
2.26246e-06
2.26411e-06
2.26615e-06
2.26928e-06
2.27316e-06
2.2791e-06
2.28622e-06
2.29375e-06
2.30734e-06
2.31299e-06
2.23258e-06
2.2269e-06
2.21507e-06
2.20792e-06
2.20124e-06
2.19555e-06
2.19193e-06
2.18894e-06
2.18706e-06
2.18551e-06
2.18449e-06
2.18377e-06
2.18317e-06
2.18286e-06
2.18249e-06
2.18238e-06
2.18217e-06
2.18216e-06
2.18205e-06
2.18207e-06
2.18201e-06
2.18203e-06
2.18199e-06
2.18201e-06
2.182e-06
2.182e-06
2.18201e-06
2.18199e-06
2.18203e-06
2.18201e-06
2.18207e-06
2.18205e-06
2.18216e-06
2.18217e-06
2.18238e-06
2.18249e-06
2.18286e-06
2.18317e-06
2.18377e-06
2.18451e-06
2.18549e-06
2.18705e-06
2.18895e-06
2.19193e-06
2.19555e-06
2.20123e-06
2.20793e-06
2.21507e-06
2.22689e-06
2.23256e-06
2.15784e-06
2.15231e-06
2.14101e-06
2.13407e-06
2.12762e-06
2.12217e-06
2.11872e-06
2.11587e-06
2.11409e-06
2.11262e-06
2.11166e-06
2.11098e-06
2.11041e-06
2.11013e-06
2.10977e-06
2.10968e-06
2.10948e-06
2.10947e-06
2.10937e-06
2.10938e-06
2.10933e-06
2.10935e-06
2.10931e-06
2.10933e-06
2.10932e-06
2.10932e-06
2.10932e-06
2.10931e-06
2.10934e-06
2.10933e-06
2.10938e-06
2.10937e-06
2.10947e-06
2.10948e-06
2.10968e-06
2.10977e-06
2.11013e-06
2.11042e-06
2.11098e-06
2.11167e-06
2.11261e-06
2.11408e-06
2.11587e-06
2.11872e-06
2.12217e-06
2.1276e-06
2.13408e-06
2.14101e-06
2.1523e-06
2.15781e-06
2.0878e-06
2.08241e-06
2.07176e-06
2.06519e-06
2.05915e-06
2.05408e-06
2.05083e-06
2.04815e-06
2.0465e-06
2.04512e-06
2.04423e-06
2.0436e-06
2.04308e-06
2.04281e-06
2.04249e-06
2.04241e-06
2.04223e-06
2.04222e-06
2.04212e-06
2.04214e-06
2.04208e-06
2.0421e-06
2.04206e-06
2.04208e-06
2.04207e-06
2.04207e-06
2.04208e-06
2.04206e-06
2.0421e-06
2.04208e-06
2.04213e-06
2.04212e-06
2.04222e-06
2.04222e-06
2.0424e-06
2.04249e-06
2.04282e-06
2.04308e-06
2.0436e-06
2.04425e-06
2.04511e-06
2.04649e-06
2.04816e-06
2.05082e-06
2.05408e-06
2.05914e-06
2.06521e-06
2.07175e-06
2.0824e-06
2.08778e-06
2.02205e-06
2.01735e-06
2.00737e-06
2.00121e-06
1.99558e-06
1.99086e-06
1.98781e-06
1.98532e-06
1.9838e-06
1.98251e-06
1.98169e-06
1.98111e-06
1.98063e-06
1.98038e-06
1.98009e-06
1.98001e-06
1.97985e-06
1.97984e-06
1.97975e-06
1.97977e-06
1.97971e-06
1.97973e-06
1.9797e-06
1.97971e-06
1.9797e-06
1.9797e-06
1.9797e-06
1.97969e-06
1.97972e-06
1.97971e-06
1.97976e-06
1.97975e-06
1.97984e-06
1.97985e-06
1.98001e-06
1.98009e-06
1.98038e-06
1.98063e-06
1.98111e-06
1.9817e-06
1.98251e-06
1.98379e-06
1.98532e-06
1.98781e-06
1.99086e-06
1.99557e-06
2.00122e-06
2.00736e-06
2.01734e-06
2.02203e-06
1.96165e-06
1.95718e-06
1.94788e-06
1.94213e-06
1.93693e-06
1.93256e-06
1.9297e-06
1.92739e-06
1.92599e-06
1.9248e-06
1.92405e-06
1.92351e-06
1.92307e-06
1.92285e-06
1.92259e-06
1.92252e-06
1.92237e-06
1.92236e-06
1.92228e-06
1.92229e-06
1.92224e-06
1.92225e-06
1.92222e-06
1.92223e-06
1.92222e-06
1.92222e-06
1.92223e-06
1.92222e-06
1.92225e-06
1.92224e-06
1.92229e-06
1.92228e-06
1.92236e-06
1.92237e-06
1.92252e-06
1.92258e-06
1.92285e-06
1.92307e-06
1.92351e-06
1.92406e-06
1.9248e-06
1.92598e-06
1.92739e-06
1.92969e-06
1.93256e-06
1.93691e-06
1.94215e-06
1.94788e-06
1.95717e-06
1.96164e-06
1.90595e-06
1.90157e-06
1.89328e-06
1.88795e-06
1.88315e-06
1.87915e-06
1.87646e-06
1.87433e-06
1.87305e-06
1.87196e-06
1.87127e-06
1.87078e-06
1.87038e-06
1.87019e-06
1.86994e-06
1.86989e-06
1.86975e-06
1.86974e-06
1.86967e-06
1.86968e-06
1.86963e-06
1.86964e-06
1.86961e-06
1.86962e-06
1.86961e-06
1.86961e-06
1.86962e-06
1.86961e-06
1.86964e-06
1.86963e-06
1.86968e-06
1.86966e-06
1.86974e-06
1.86975e-06
1.86988e-06
1.86994e-06
1.87019e-06
1.87038e-06
1.87078e-06
1.87128e-06
1.87196e-06
1.87304e-06
1.87433e-06
1.87645e-06
1.87915e-06
1.88314e-06
1.88796e-06
1.89328e-06
1.90156e-06
1.90593e-06
1.85521e-06
1.8511e-06
1.84326e-06
1.83822e-06
1.8337e-06
1.83e-06
1.828e-06
1.82604e-06
1.82488e-06
1.82389e-06
1.82326e-06
1.82282e-06
1.82246e-06
1.82228e-06
1.82206e-06
1.82201e-06
1.82189e-06
1.82189e-06
1.82181e-06
1.82182e-06
1.82178e-06
1.82179e-06
1.82176e-06
1.82177e-06
1.82176e-06
1.82176e-06
1.82177e-06
1.82176e-06
1.82179e-06
1.82178e-06
1.82182e-06
1.82181e-06
1.82188e-06
1.82189e-06
1.82201e-06
1.82206e-06
1.82228e-06
1.82246e-06
1.82282e-06
1.82327e-06
1.82389e-06
1.82488e-06
1.82604e-06
1.82799e-06
1.83e-06
1.83369e-06
1.83824e-06
1.84326e-06
1.85109e-06
1.85521e-06
1.80917e-06
1.80534e-06
1.79815e-06
1.79352e-06
1.78935e-06
1.78599e-06
1.78416e-06
1.78238e-06
1.78132e-06
1.78043e-06
1.77986e-06
)
;

boundaryField
{
    fuel
    {
        type            fixedValue;
        value           nonuniform 0();
    }
    wall
    {
        type            zeroGradient;
    }
    outlet
    {
        type            zeroGradient;
    }
    frontAndBack
    {
        type            empty;
    }
    procBoundary2to0
    {
        type            processor;
        value           nonuniform List<scalar> 
53
(
6.06056e-06
6.06993e-06
6.06825e-06
6.06747e-06
6.06154e-06
6.05805e-06
6.05374e-06
6.0516e-06
6.0488e-06
6.04704e-06
6.04535e-06
6.0444e-06
6.04337e-06
6.04287e-06
6.04225e-06
6.04201e-06
6.04165e-06
6.04157e-06
5.92908e-06
5.92908e-06
5.92906e-06
5.92894e-06
5.92894e-06
5.92887e-06
5.92888e-06
5.92886e-06
5.92886e-06
5.92888e-06
5.92887e-06
5.81627e-06
5.81627e-06
5.81627e-06
5.81639e-06
5.81642e-06
5.81664e-06
5.81673e-06
5.81711e-06
5.81735e-06
5.818e-06
5.81852e-06
5.81956e-06
5.82055e-06
5.70925e-06
5.70925e-06
5.7111e-06
5.71398e-06
5.71661e-06
5.72116e-06
5.72521e-06
5.73229e-06
5.7345e-06
5.73865e-06
5.73151e-06
)
;
    }
    procBoundary2to3
    {
        type            processor;
        value           nonuniform List<scalar> 
51
(
1.77947e-06
1.77914e-06
1.77898e-06
1.77879e-06
1.77875e-06
1.77864e-06
1.77863e-06
1.77857e-06
1.77858e-06
1.77854e-06
1.77854e-06
1.77852e-06
1.77852e-06
1.77852e-06
1.77852e-06
1.77852e-06
1.77852e-06
1.77854e-06
1.77853e-06
1.77857e-06
1.77857e-06
1.77863e-06
1.77864e-06
1.77875e-06
1.77879e-06
1.77898e-06
1.77914e-06
1.77946e-06
1.77987e-06
1.78043e-06
1.78132e-06
1.78238e-06
1.78416e-06
1.786e-06
1.78935e-06
1.79354e-06
1.79815e-06
1.80533e-06
1.80917e-06
1.76764e-06
1.7641e-06
1.75752e-06
1.7533e-06
1.74945e-06
1.74642e-06
1.74476e-06
1.74313e-06
1.74217e-06
1.74137e-06
1.77947e-06
1.74086e-06
)
;
    }
}


// ************************************************************************* //
