/*--------------------------------*- C++ -*----------------------------------*\
| =========                 |                                                 |
| \\      /  F ield         | OpenFOAM: The Open Source CFD Toolbox           |
|  \\    /   O peration     | Version:  dev                                   |
|   \\  /    A nd           | Web:      www.OpenFOAM.org                      |
|    \\/     M anipulation  |                                                 |
\*---------------------------------------------------------------------------*/
FoamFile
{
    version     2.0;
    format      ascii;
    class       volScalarField;
    location    "0.065";
    object      A2-1;
}
// * * * * * * * * * * * * * * * * * * * * * * * * * * * * * * * * * * * * * //

dimensions      [0 0 0 0 0 0 0];

internalField   nonuniform List<scalar> 
1997
(
1.50821e-10
1.5126e-10
1.51762e-10
1.52102e-10
1.52405e-10
1.52571e-10
1.52706e-10
1.52802e-10
1.52872e-10
1.52927e-10
1.52966e-10
1.52997e-10
1.53021e-10
1.53039e-10
1.53052e-10
1.53063e-10
1.53071e-10
1.53077e-10
1.51389e-10
1.51822e-10
1.52338e-10
1.52691e-10
1.5302e-10
1.53196e-10
1.53342e-10
1.53445e-10
1.53522e-10
1.53581e-10
1.53625e-10
1.53658e-10
1.53683e-10
1.53702e-10
1.53717e-10
1.53728e-10
1.53737e-10
1.53744e-10
1.53749e-10
1.53752e-10
1.53755e-10
1.53757e-10
1.53758e-10
1.53759e-10
1.5376e-10
1.5376e-10
1.53759e-10
1.53758e-10
1.52223e-10
1.52652e-10
1.53188e-10
1.53555e-10
1.5391e-10
1.54097e-10
1.54255e-10
1.54366e-10
1.5445e-10
1.54514e-10
1.54561e-10
1.54597e-10
1.54625e-10
1.54645e-10
1.54661e-10
1.54673e-10
1.54683e-10
1.54689e-10
1.54695e-10
1.54698e-10
1.54702e-10
1.54703e-10
1.54705e-10
1.54706e-10
1.54706e-10
1.54706e-10
1.54706e-10
1.54705e-10
1.54703e-10
1.54701e-10
1.54698e-10
1.54694e-10
1.54689e-10
1.54682e-10
1.54672e-10
1.54661e-10
1.54644e-10
1.54624e-10
1.54596e-10
1.54561e-10
1.53333e-10
1.5376e-10
1.54318e-10
1.54701e-10
1.55084e-10
1.55283e-10
1.55454e-10
1.55574e-10
1.55665e-10
1.55734e-10
1.55785e-10
1.55823e-10
1.55853e-10
1.55874e-10
1.55892e-10
1.55904e-10
1.55915e-10
1.55922e-10
1.55928e-10
1.55932e-10
1.55935e-10
1.55937e-10
1.55939e-10
1.55939e-10
1.5594e-10
1.5594e-10
1.55939e-10
1.55939e-10
1.55937e-10
1.55935e-10
1.55931e-10
1.55928e-10
1.55921e-10
1.55915e-10
1.55904e-10
1.55891e-10
1.55873e-10
1.55852e-10
1.55822e-10
1.55784e-10
1.55733e-10
1.55664e-10
1.55572e-10
1.55453e-10
1.55282e-10
1.55083e-10
1.547e-10
1.54316e-10
1.53759e-10
1.53331e-10
1.54725e-10
1.55154e-10
1.55737e-10
1.56139e-10
1.5655e-10
1.56763e-10
1.56948e-10
1.57076e-10
1.57175e-10
1.57249e-10
1.57304e-10
1.57344e-10
1.57377e-10
1.57399e-10
1.57419e-10
1.57431e-10
1.57443e-10
1.5745e-10
1.57457e-10
1.5746e-10
1.57464e-10
1.57466e-10
1.57468e-10
1.57469e-10
1.57469e-10
1.57469e-10
1.57469e-10
1.57468e-10
1.57466e-10
1.57464e-10
1.5746e-10
1.57456e-10
1.57449e-10
1.57442e-10
1.57431e-10
1.57418e-10
1.57398e-10
1.57376e-10
1.57343e-10
1.57303e-10
1.57248e-10
1.57173e-10
1.57074e-10
1.56946e-10
1.56761e-10
1.56549e-10
1.56137e-10
1.55736e-10
1.55152e-10
1.54724e-10
1.56434e-10
1.56862e-10
1.57475e-10
1.57899e-10
1.58344e-10
1.58573e-10
1.58774e-10
1.58912e-10
1.5902e-10
1.591e-10
1.59161e-10
1.59204e-10
1.5924e-10
1.59263e-10
1.59284e-10
1.59298e-10
1.59311e-10
1.59318e-10
1.59325e-10
1.59329e-10
1.59333e-10
1.59335e-10
1.59337e-10
1.59338e-10
1.59339e-10
1.59339e-10
1.59338e-10
1.59337e-10
1.59335e-10
1.59333e-10
1.59329e-10
1.59325e-10
1.59317e-10
1.5931e-10
1.59297e-10
1.59283e-10
1.59262e-10
1.59239e-10
1.59203e-10
1.5916e-10
1.59099e-10
1.59019e-10
1.58911e-10
1.58772e-10
1.58571e-10
1.58343e-10
1.57897e-10
1.57474e-10
1.5686e-10
1.56433e-10
1.58421e-10
1.58854e-10
1.595e-10
1.59945e-10
1.60421e-10
1.60665e-10
1.60881e-10
1.61029e-10
1.61146e-10
1.61231e-10
1.61296e-10
1.61341e-10
1.6138e-10
1.61405e-10
1.61427e-10
1.61441e-10
1.61455e-10
1.61463e-10
1.61471e-10
1.61475e-10
1.6148e-10
1.61481e-10
1.61484e-10
1.61484e-10
1.61485e-10
1.61485e-10
1.61484e-10
1.61484e-10
1.61481e-10
1.61479e-10
1.61474e-10
1.6147e-10
1.61462e-10
1.61455e-10
1.61441e-10
1.61427e-10
1.61404e-10
1.61379e-10
1.61341e-10
1.61295e-10
1.6123e-10
1.61144e-10
1.61028e-10
1.6088e-10
1.60664e-10
1.6042e-10
1.59943e-10
1.59499e-10
1.58853e-10
1.58419e-10
1.60715e-10
1.61157e-10
1.61839e-10
1.62307e-10
1.62814e-10
1.63075e-10
1.63306e-10
1.63463e-10
1.63588e-10
1.6368e-10
1.6375e-10
1.63799e-10
1.63841e-10
1.63868e-10
1.63893e-10
1.63907e-10
1.63923e-10
1.6393e-10
1.63939e-10
1.63943e-10
1.63949e-10
1.6395e-10
1.63953e-10
1.63954e-10
1.63954e-10
1.63954e-10
1.63954e-10
1.63953e-10
1.6395e-10
1.63948e-10
1.63943e-10
1.63938e-10
1.63929e-10
1.63922e-10
1.63906e-10
1.63892e-10
1.63867e-10
1.6384e-10
1.63798e-10
1.63749e-10
1.63679e-10
1.63587e-10
1.63462e-10
1.63304e-10
1.63073e-10
1.62812e-10
1.62305e-10
1.61837e-10
1.61155e-10
1.60713e-10
1.63322e-10
1.63775e-10
1.64495e-10
1.64988e-10
1.65526e-10
1.65805e-10
1.66052e-10
1.66219e-10
1.66352e-10
1.6645e-10
1.66525e-10
1.66576e-10
1.66621e-10
1.66649e-10
1.66675e-10
1.6669e-10
1.66707e-10
1.66715e-10
1.66724e-10
1.66728e-10
1.66734e-10
1.66736e-10
1.66739e-10
1.66739e-10
1.6674e-10
1.6674e-10
1.66739e-10
1.66739e-10
1.66736e-10
1.66734e-10
1.66728e-10
1.66724e-10
1.66714e-10
1.66706e-10
1.6669e-10
1.66674e-10
1.66648e-10
1.6662e-10
1.66575e-10
1.66524e-10
1.66448e-10
1.66351e-10
1.66218e-10
1.6605e-10
1.65803e-10
1.65524e-10
1.64986e-10
1.64493e-10
1.63773e-10
1.63321e-10
1.66288e-10
1.66745e-10
1.67508e-10
1.68029e-10
1.68599e-10
1.689e-10
1.69165e-10
1.69344e-10
1.69487e-10
1.69591e-10
1.69672e-10
1.69726e-10
1.69774e-10
1.69804e-10
1.69832e-10
1.69847e-10
1.69865e-10
1.69873e-10
1.69883e-10
1.69887e-10
1.69894e-10
1.69896e-10
1.69899e-10
1.699e-10
1.69901e-10
1.69901e-10
1.699e-10
1.69899e-10
1.69896e-10
1.69894e-10
1.69887e-10
1.69883e-10
1.69873e-10
1.69864e-10
1.69847e-10
1.69831e-10
1.69802e-10
1.69773e-10
1.69725e-10
1.6967e-10
1.6959e-10
1.69485e-10
1.69342e-10
1.69164e-10
1.68898e-10
1.68598e-10
1.68027e-10
1.67506e-10
1.66744e-10
1.66286e-10
1.69628e-10
1.70104e-10
1.70909e-10
1.71458e-10
1.72057e-10
1.72378e-10
1.7266e-10
1.72848e-10
1.72999e-10
1.7311e-10
1.73194e-10
1.73252e-10
1.73302e-10
1.73333e-10
1.73363e-10
1.73379e-10
1.73398e-10
1.73406e-10
1.73417e-10
1.73421e-10
1.73428e-10
1.7343e-10
1.73433e-10
1.73434e-10
1.73435e-10
1.73435e-10
1.73434e-10
1.73433e-10
1.7343e-10
1.73428e-10
1.73421e-10
1.73416e-10
1.73406e-10
1.73397e-10
1.73378e-10
1.73362e-10
1.73332e-10
1.73301e-10
1.73251e-10
1.73193e-10
1.73108e-10
1.72998e-10
1.72847e-10
1.72658e-10
1.72376e-10
1.72055e-10
1.71456e-10
1.70907e-10
1.70103e-10
1.69627e-10
1.73189e-10
1.73682e-10
1.7453e-10
1.75108e-10
1.75734e-10
1.76075e-10
1.76373e-10
1.7657e-10
1.76729e-10
1.76845e-10
1.76934e-10
1.76994e-10
1.77047e-10
1.7708e-10
1.77111e-10
1.77127e-10
1.77147e-10
1.77156e-10
1.77167e-10
1.77171e-10
1.77179e-10
1.7718e-10
1.77184e-10
1.77185e-10
1.77186e-10
1.77186e-10
1.77185e-10
1.77184e-10
1.7718e-10
1.77178e-10
1.77171e-10
1.77166e-10
1.77155e-10
1.77146e-10
1.77126e-10
1.77109e-10
1.77078e-10
1.77046e-10
1.76993e-10
1.76933e-10
1.76844e-10
1.76727e-10
1.76569e-10
1.76371e-10
1.76073e-10
1.75732e-10
1.75106e-10
1.74528e-10
1.7368e-10
1.73187e-10
1.77058e-10
1.7757e-10
1.78462e-10
1.79068e-10
1.79718e-10
1.80082e-10
1.80393e-10
1.806e-10
1.80766e-10
1.80887e-10
1.8098e-10
1.81043e-10
1.81098e-10
1.81132e-10
1.81164e-10
1.81182e-10
1.81202e-10
1.81211e-10
1.81223e-10
1.81227e-10
1.81235e-10
1.81237e-10
1.8124e-10
1.81241e-10
1.81242e-10
1.81242e-10
1.81241e-10
1.8124e-10
1.81236e-10
1.81234e-10
1.81226e-10
1.81222e-10
1.8121e-10
1.81201e-10
1.81181e-10
1.81163e-10
1.81131e-10
1.81097e-10
1.81042e-10
1.80979e-10
1.80886e-10
1.80764e-10
1.80598e-10
1.80391e-10
1.8008e-10
1.79716e-10
1.79066e-10
1.7846e-10
1.77569e-10
1.77056e-10
1.81223e-10
1.81756e-10
1.8269e-10
1.83324e-10
1.83996e-10
1.84382e-10
1.84704e-10
1.84921e-10
1.85094e-10
1.85219e-10
1.85316e-10
1.85381e-10
1.85438e-10
1.85473e-10
1.85507e-10
1.85525e-10
1.85546e-10
1.85555e-10
1.85567e-10
1.85571e-10
1.85579e-10
1.85581e-10
1.85585e-10
1.85586e-10
1.85587e-10
1.85587e-10
1.85586e-10
1.85585e-10
1.85581e-10
1.85579e-10
1.8557e-10
1.85566e-10
1.85554e-10
1.85545e-10
1.85524e-10
1.85506e-10
1.85472e-10
1.85437e-10
1.8538e-10
1.85315e-10
1.85218e-10
1.85091e-10
1.84919e-10
1.84702e-10
1.8438e-10
1.83994e-10
1.83322e-10
1.82689e-10
1.81754e-10
1.81221e-10
1.85664e-10
1.86217e-10
1.87193e-10
1.87853e-10
1.88544e-10
1.88952e-10
1.89282e-10
1.89508e-10
1.89686e-10
1.89814e-10
1.89915e-10
1.89983e-10
1.90042e-10
1.90078e-10
1.90112e-10
1.90131e-10
1.90152e-10
1.90161e-10
1.90174e-10
1.90178e-10
1.90187e-10
1.90188e-10
1.90192e-10
1.90193e-10
1.90194e-10
1.90194e-10
1.90193e-10
1.90192e-10
1.90188e-10
1.90187e-10
1.90177e-10
1.90173e-10
1.90161e-10
1.90151e-10
1.9013e-10
1.90111e-10
1.90077e-10
1.9004e-10
1.89982e-10
1.89914e-10
1.89813e-10
1.89684e-10
1.89506e-10
1.8928e-10
1.8895e-10
1.88542e-10
1.87851e-10
1.87191e-10
1.86215e-10
1.85662e-10
1.90469e-10
1.9104e-10
1.92054e-10
1.92739e-10
1.93447e-10
1.93879e-10
1.94218e-10
1.94453e-10
1.94636e-10
1.94768e-10
1.94873e-10
1.94944e-10
1.95003e-10
1.9504e-10
1.95076e-10
1.95096e-10
1.95117e-10
1.95127e-10
1.95139e-10
1.95143e-10
1.95152e-10
1.95154e-10
1.95157e-10
1.95157e-10
1.95159e-10
1.95159e-10
1.95157e-10
1.95157e-10
1.95153e-10
1.95153e-10
1.95143e-10
1.95139e-10
1.95126e-10
1.95117e-10
1.95095e-10
1.95075e-10
1.95039e-10
1.95001e-10
1.94943e-10
1.94872e-10
1.94767e-10
1.94634e-10
1.94451e-10
1.94215e-10
1.93877e-10
1.93445e-10
1.92737e-10
1.92052e-10
1.91038e-10
1.90467e-10
1.9552e-10
1.96114e-10
1.97157e-10
1.97863e-10
1.98582e-10
1.99031e-10
1.99373e-10
1.99614e-10
1.998e-10
1.99931e-10
2.0004e-10
2.00116e-10
2.0017e-10
2.00208e-10
2.00244e-10
2.00267e-10
2.0029e-10
2.00299e-10
2.00311e-10
2.00315e-10
2.00324e-10
2.00326e-10
2.00326e-10
2.00327e-10
2.00328e-10
2.00328e-10
2.00327e-10
2.00326e-10
2.00326e-10
2.00327e-10
2.00315e-10
2.00311e-10
2.00298e-10
2.00289e-10
2.00266e-10
2.00243e-10
2.00206e-10
2.00169e-10
2.00114e-10
2.00039e-10
1.9993e-10
1.99797e-10
1.99613e-10
1.99371e-10
1.99028e-10
1.9858e-10
1.97861e-10
1.97155e-10
1.96112e-10
1.95518e-10
2.0075e-10
2.01364e-10
2.0243e-10
2.0315e-10
2.03878e-10
2.04338e-10
2.04682e-10
2.04928e-10
2.05111e-10
2.05242e-10
2.05358e-10
2.05438e-10
2.05479e-10
2.05516e-10
2.05552e-10
2.0558e-10
2.0561e-10
2.05619e-10
2.05632e-10
2.05635e-10
2.05644e-10
2.05645e-10
2.05642e-10
2.05642e-10
2.05644e-10
2.05644e-10
2.05642e-10
2.05642e-10
2.05645e-10
2.05648e-10
2.05635e-10
2.05631e-10
2.05618e-10
2.05609e-10
2.05579e-10
2.05551e-10
2.05515e-10
2.05478e-10
2.05436e-10
2.05357e-10
2.05241e-10
2.05109e-10
2.04926e-10
2.0468e-10
2.04335e-10
2.03876e-10
2.03148e-10
2.02428e-10
2.01362e-10
2.00748e-10
2.05956e-10
2.06582e-10
2.07665e-10
2.08391e-10
2.09125e-10
2.09592e-10
2.09937e-10
2.10182e-10
2.10363e-10
2.10492e-10
2.10626e-10
2.10705e-10
2.10719e-10
2.10754e-10
2.1079e-10
2.10819e-10
2.10873e-10
2.10882e-10
2.10895e-10
2.10899e-10
2.10907e-10
2.10908e-10
2.10902e-10
2.10903e-10
2.10904e-10
2.10904e-10
2.10903e-10
2.10902e-10
2.10908e-10
2.1091e-10
2.10898e-10
2.10894e-10
2.10881e-10
2.10873e-10
2.10818e-10
2.10789e-10
2.10753e-10
2.10718e-10
2.10704e-10
2.10625e-10
2.10491e-10
2.10361e-10
2.1018e-10
2.09934e-10
2.09589e-10
2.09122e-10
2.08389e-10
2.07662e-10
2.0658e-10
2.05953e-10
2.11332e-10
2.1196e-10
2.13053e-10
2.13781e-10
2.14519e-10
2.14991e-10
2.15336e-10
2.1558e-10
2.15758e-10
2.15884e-10
2.15939e-10
2.15996e-10
2.16094e-10
2.16127e-10
2.16163e-10
2.16173e-10
2.16157e-10
2.16165e-10
2.16178e-10
2.16182e-10
2.1619e-10
2.16191e-10
2.16204e-10
2.16205e-10
2.16206e-10
2.16206e-10
2.16205e-10
2.16204e-10
2.16191e-10
2.16189e-10
2.16181e-10
2.16178e-10
2.16165e-10
2.16157e-10
2.16172e-10
2.16162e-10
2.16126e-10
2.16093e-10
2.15995e-10
2.15938e-10
2.15883e-10
2.15756e-10
2.15578e-10
2.15333e-10
2.14989e-10
2.14516e-10
2.13779e-10
2.13051e-10
2.11958e-10
2.11329e-10
2.16587e-10
2.17216e-10
2.18305e-10
2.19024e-10
2.19757e-10
2.20222e-10
2.2056e-10
2.20799e-10
2.20971e-10
2.21092e-10
2.21163e-10
2.2122e-10
2.2129e-10
2.21321e-10
2.21356e-10
2.21366e-10
2.2138e-10
2.21388e-10
2.21401e-10
2.21405e-10
2.21412e-10
2.21414e-10
2.21422e-10
2.21422e-10
2.21424e-10
2.21424e-10
2.21422e-10
2.21422e-10
2.21413e-10
2.21407e-10
2.21404e-10
2.21401e-10
2.21387e-10
2.21379e-10
2.21365e-10
2.21355e-10
2.2132e-10
2.21289e-10
2.21219e-10
2.21162e-10
2.21091e-10
2.20968e-10
2.20797e-10
2.20558e-10
2.20219e-10
2.19754e-10
2.19022e-10
2.18303e-10
2.17214e-10
2.16585e-10
2.21748e-10
2.22374e-10
2.23446e-10
2.24146e-10
2.24868e-10
2.25317e-10
2.25645e-10
2.25876e-10
2.2604e-10
2.26156e-10
2.2623e-10
2.26286e-10
2.26344e-10
2.26373e-10
2.26407e-10
2.26419e-10
2.26438e-10
2.26446e-10
2.26459e-10
2.26462e-10
2.26469e-10
2.2647e-10
2.26476e-10
2.26477e-10
2.26478e-10
2.26478e-10
2.26476e-10
2.26476e-10
2.2647e-10
2.26466e-10
2.26461e-10
2.26458e-10
2.26445e-10
2.26437e-10
2.26418e-10
2.26406e-10
2.26372e-10
2.26343e-10
2.26285e-10
2.26228e-10
2.26154e-10
2.26037e-10
2.25874e-10
2.25642e-10
2.25314e-10
2.24865e-10
2.24144e-10
2.23444e-10
2.22371e-10
2.21746e-10
2.26824e-10
2.27441e-10
2.28483e-10
2.29156e-10
2.29861e-10
2.30291e-10
2.30603e-10
2.30825e-10
2.30979e-10
2.31089e-10
2.31162e-10
2.31217e-10
2.31268e-10
2.31296e-10
2.31328e-10
2.31342e-10
2.31361e-10
2.31368e-10
2.31381e-10
2.31384e-10
2.31391e-10
2.31392e-10
2.31396e-10
2.31397e-10
2.31398e-10
2.31398e-10
2.31397e-10
2.31396e-10
2.31392e-10
2.31389e-10
2.31383e-10
2.3138e-10
2.31368e-10
2.31361e-10
2.31341e-10
2.31327e-10
2.31295e-10
2.31267e-10
2.31216e-10
2.31161e-10
2.31088e-10
2.30977e-10
2.30823e-10
2.306e-10
2.30288e-10
2.29859e-10
2.29154e-10
2.28481e-10
2.27439e-10
2.26822e-10
2.31528e-10
2.32131e-10
2.33127e-10
2.33764e-10
2.34433e-10
2.34838e-10
2.35128e-10
2.35336e-10
2.35478e-10
2.35581e-10
2.35649e-10
2.35701e-10
2.35747e-10
2.35773e-10
2.35804e-10
2.35817e-10
2.35835e-10
2.35842e-10
2.35854e-10
2.35856e-10
2.35863e-10
2.35864e-10
2.35868e-10
2.35868e-10
2.3587e-10
2.3587e-10
2.35868e-10
2.35868e-10
2.35864e-10
2.35862e-10
2.35856e-10
2.35853e-10
2.35841e-10
2.35834e-10
2.35816e-10
2.35802e-10
2.35772e-10
2.35746e-10
2.357e-10
2.35647e-10
2.35579e-10
2.35475e-10
2.35334e-10
2.35125e-10
2.34835e-10
2.34431e-10
2.33762e-10
2.33125e-10
2.32129e-10
2.31525e-10
2.35858e-10
2.3644e-10
2.37372e-10
2.37966e-10
2.38584e-10
2.38958e-10
2.39221e-10
2.39412e-10
2.39541e-10
2.39639e-10
2.39702e-10
2.39752e-10
2.39794e-10
2.39819e-10
2.39847e-10
2.3986e-10
2.39877e-10
2.39884e-10
2.39895e-10
2.39897e-10
2.39904e-10
2.39905e-10
2.39908e-10
2.39909e-10
2.3991e-10
2.3991e-10
2.39909e-10
2.39908e-10
2.39905e-10
2.39903e-10
2.39897e-10
2.39894e-10
2.39883e-10
2.39877e-10
2.39859e-10
2.39846e-10
2.39818e-10
2.39792e-10
2.39751e-10
2.39701e-10
2.39637e-10
2.39539e-10
2.3941e-10
2.39218e-10
2.38955e-10
2.38581e-10
2.37964e-10
2.3737e-10
2.36437e-10
2.35855e-10
2.39778e-10
2.40333e-10
2.4119e-10
2.41734e-10
2.4229e-10
2.4263e-10
2.42861e-10
2.43033e-10
2.43146e-10
2.43233e-10
2.43288e-10
2.43333e-10
2.4337e-10
2.43392e-10
2.43418e-10
2.43429e-10
2.43445e-10
2.43451e-10
2.43461e-10
2.43464e-10
2.43469e-10
2.43471e-10
2.43474e-10
2.43474e-10
2.43475e-10
2.43475e-10
2.43474e-10
2.43474e-10
2.4347e-10
2.43469e-10
2.43463e-10
2.4346e-10
2.43451e-10
2.43444e-10
2.43429e-10
2.43416e-10
2.43391e-10
2.43368e-10
2.43332e-10
2.43287e-10
2.43231e-10
2.43144e-10
2.4303e-10
2.42858e-10
2.42627e-10
2.42287e-10
2.41732e-10
2.41188e-10
2.4033e-10
2.39776e-10
2.43055e-10
2.43568e-10
2.44326e-10
2.44807e-10
2.45288e-10
2.45582e-10
2.45778e-10
2.45925e-10
2.4602e-10
2.46095e-10
2.46142e-10
2.4618e-10
2.46211e-10
2.46231e-10
2.46253e-10
2.46264e-10
2.46277e-10
2.46283e-10
2.46292e-10
2.46294e-10
2.46299e-10
2.46301e-10
2.46303e-10
2.46304e-10
2.46305e-10
2.46305e-10
2.46304e-10
2.46303e-10
2.463e-10
2.46299e-10
2.46294e-10
2.46291e-10
2.46282e-10
2.46277e-10
2.46263e-10
2.46252e-10
2.4623e-10
2.4621e-10
2.46179e-10
2.46141e-10
2.46093e-10
2.46018e-10
2.45923e-10
2.45775e-10
2.4558e-10
2.45285e-10
2.44805e-10
2.44324e-10
2.43566e-10
2.43053e-10
2.45666e-10
2.46134e-10
2.46787e-10
2.47199e-10
2.47599e-10
2.47843e-10
2.48e-10
2.48121e-10
2.48196e-10
2.48257e-10
2.48295e-10
2.48326e-10
2.48351e-10
2.48368e-10
2.48386e-10
2.48395e-10
2.48407e-10
2.48412e-10
2.48419e-10
2.48422e-10
2.48426e-10
2.48427e-10
2.4843e-10
2.4843e-10
2.48431e-10
2.48431e-10
2.4843e-10
2.48429e-10
2.48427e-10
2.48426e-10
2.48421e-10
2.48418e-10
2.48411e-10
2.48406e-10
2.48394e-10
2.48385e-10
2.48367e-10
2.4835e-10
2.48325e-10
2.48293e-10
2.48255e-10
2.48194e-10
2.48118e-10
2.47998e-10
2.4784e-10
2.47597e-10
2.47197e-10
2.46784e-10
2.46132e-10
2.45663e-10
2.47502e-10
2.47903e-10
2.48422e-10
2.48749e-10
2.49056e-10
2.49239e-10
2.49355e-10
2.49443e-10
2.49498e-10
2.49543e-10
2.4957e-10
2.49593e-10
2.49612e-10
2.49626e-10
2.49639e-10
2.49647e-10
2.49656e-10
2.49661e-10
2.49667e-10
2.49669e-10
2.49673e-10
2.49674e-10
2.49676e-10
2.49677e-10
2.49677e-10
2.49677e-10
2.49676e-10
2.49676e-10
2.49674e-10
2.49672e-10
2.49669e-10
2.49666e-10
2.4966e-10
2.49656e-10
2.49646e-10
2.49638e-10
2.49625e-10
2.49611e-10
2.49592e-10
2.49568e-10
2.49541e-10
2.49496e-10
2.49441e-10
2.49352e-10
2.49237e-10
2.49053e-10
2.48747e-10
2.4842e-10
2.47901e-10
2.47499e-10
2.48486e-10
2.48813e-10
2.49181e-10
2.49415e-10
2.4962e-10
2.49737e-10
2.49809e-10
2.49862e-10
2.49895e-10
2.49923e-10
2.49939e-10
2.49954e-10
2.49966e-10
2.49977e-10
2.49985e-10
2.49992e-10
2.49998e-10
2.50002e-10
2.50006e-10
2.50009e-10
2.50012e-10
2.50013e-10
2.50014e-10
2.50015e-10
2.50015e-10
2.50015e-10
2.50015e-10
2.50014e-10
2.50013e-10
2.50011e-10
2.50009e-10
2.50006e-10
2.50002e-10
2.49998e-10
2.49991e-10
2.49985e-10
2.49976e-10
2.49965e-10
2.49953e-10
2.49937e-10
2.49921e-10
2.49893e-10
2.4986e-10
2.49806e-10
2.49735e-10
2.49618e-10
2.49413e-10
2.49179e-10
2.4881e-10
2.48484e-10
2.48541e-10
2.4879e-10
2.48995e-10
2.49129e-10
2.49224e-10
2.49268e-10
2.49293e-10
2.49309e-10
2.49319e-10
2.49329e-10
2.49333e-10
2.49341e-10
2.49346e-10
2.49353e-10
2.49357e-10
2.49362e-10
2.49365e-10
2.49369e-10
2.49371e-10
2.49374e-10
2.49375e-10
2.49377e-10
2.49378e-10
2.49378e-10
2.49379e-10
2.49379e-10
2.49378e-10
2.49377e-10
2.49377e-10
2.49375e-10
2.49373e-10
2.49371e-10
2.49368e-10
2.49365e-10
2.49361e-10
2.49356e-10
2.49352e-10
2.49345e-10
2.4934e-10
2.49332e-10
2.49327e-10
2.49317e-10
2.49307e-10
2.49291e-10
2.49266e-10
2.49221e-10
2.49127e-10
2.48992e-10
2.48788e-10
2.48539e-10
2.47607e-10
2.47775e-10
2.47795e-10
2.47821e-10
2.47793e-10
2.47757e-10
2.47733e-10
2.47707e-10
2.47693e-10
2.47683e-10
2.47675e-10
2.47674e-10
2.47672e-10
2.47676e-10
2.47675e-10
2.47678e-10
2.47679e-10
2.47682e-10
2.47682e-10
2.47685e-10
2.47685e-10
2.47687e-10
2.47687e-10
2.47688e-10
2.47688e-10
2.47688e-10
2.47688e-10
2.47687e-10
2.47686e-10
2.47685e-10
2.47684e-10
2.47682e-10
2.47681e-10
2.47678e-10
2.47678e-10
2.47674e-10
2.47675e-10
2.47671e-10
2.47673e-10
2.47673e-10
2.47681e-10
2.47691e-10
2.47705e-10
2.47731e-10
2.47754e-10
2.4779e-10
2.47818e-10
2.47793e-10
2.47773e-10
2.47605e-10
2.4559e-10
2.45669e-10
2.455e-10
2.45416e-10
2.45338e-10
2.45222e-10
2.45153e-10
2.45086e-10
2.45048e-10
2.45018e-10
2.44998e-10
2.44989e-10
2.4498e-10
2.44983e-10
2.44978e-10
2.4498e-10
2.44977e-10
2.44979e-10
2.44978e-10
2.4498e-10
2.4498e-10
2.44981e-10
2.44981e-10
2.44982e-10
2.44982e-10
2.44982e-10
2.44982e-10
2.44981e-10
2.44981e-10
2.4498e-10
2.4498e-10
2.44977e-10
2.44979e-10
2.44976e-10
2.44979e-10
2.44977e-10
2.44982e-10
2.44979e-10
2.44988e-10
2.44997e-10
2.45017e-10
2.45046e-10
2.45084e-10
2.45151e-10
2.4522e-10
2.45336e-10
2.45414e-10
2.45498e-10
2.45667e-10
2.45588e-10
2.42568e-10
2.42561e-10
2.42203e-10
2.42012e-10
2.41828e-10
2.41622e-10
2.41505e-10
2.41393e-10
2.4133e-10
2.41279e-10
2.41246e-10
2.41227e-10
2.41211e-10
2.41215e-10
2.41204e-10
2.41205e-10
2.41199e-10
2.41201e-10
2.41197e-10
2.412e-10
2.41198e-10
2.412e-10
2.41199e-10
2.412e-10
2.41199e-10
2.41199e-10
2.412e-10
2.41199e-10
2.412e-10
2.41198e-10
2.41199e-10
2.41197e-10
2.412e-10
2.41198e-10
2.41204e-10
2.41204e-10
2.41214e-10
2.4121e-10
2.41226e-10
2.41244e-10
2.41278e-10
2.41328e-10
2.41391e-10
2.41503e-10
2.4162e-10
2.41826e-10
2.4201e-10
2.42201e-10
2.42559e-10
2.42566e-10
2.38499e-10
2.38332e-10
2.37858e-10
2.37563e-10
2.37281e-10
2.36992e-10
2.36833e-10
2.3668e-10
2.36595e-10
2.36525e-10
2.36478e-10
2.36451e-10
2.36426e-10
2.36436e-10
2.3642e-10
2.36419e-10
2.3641e-10
2.36411e-10
2.36406e-10
2.36409e-10
2.36406e-10
2.36408e-10
2.36406e-10
2.36407e-10
2.36407e-10
2.36407e-10
2.36407e-10
2.36406e-10
2.36408e-10
2.36406e-10
2.36408e-10
2.36406e-10
2.36411e-10
2.36409e-10
2.36418e-10
2.36419e-10
2.36435e-10
2.36425e-10
2.3645e-10
2.36477e-10
2.36523e-10
2.36593e-10
2.36678e-10
2.36831e-10
2.3699e-10
2.37279e-10
2.37561e-10
2.37856e-10
2.38329e-10
2.38497e-10
2.33405e-10
2.33141e-10
2.32493e-10
2.32098e-10
2.31725e-10
2.31355e-10
2.31157e-10
2.30966e-10
2.30859e-10
2.3077e-10
2.30711e-10
2.30674e-10
2.30638e-10
2.30603e-10
2.30582e-10
2.30579e-10
2.30567e-10
2.30568e-10
2.30561e-10
2.30564e-10
2.3056e-10
2.30562e-10
2.3056e-10
2.30561e-10
2.3056e-10
2.3056e-10
2.30561e-10
2.30559e-10
2.30562e-10
2.3056e-10
2.30563e-10
2.30561e-10
2.30568e-10
2.30567e-10
2.30579e-10
2.30581e-10
2.30602e-10
2.30637e-10
2.30673e-10
2.3071e-10
2.30768e-10
2.30856e-10
2.30963e-10
2.31155e-10
2.31354e-10
2.31723e-10
2.32096e-10
2.32491e-10
2.33139e-10
2.33403e-10
2.27329e-10
2.26968e-10
2.26159e-10
2.25667e-10
2.25212e-10
2.24766e-10
2.24531e-10
2.24304e-10
2.24177e-10
2.2407e-10
2.24e-10
2.23953e-10
2.23908e-10
2.23877e-10
2.23852e-10
2.23848e-10
2.23833e-10
2.23834e-10
2.23825e-10
2.23827e-10
2.23823e-10
2.23825e-10
2.23822e-10
2.23823e-10
2.23822e-10
2.23822e-10
2.23823e-10
2.23822e-10
2.23824e-10
2.23822e-10
2.23827e-10
2.23825e-10
2.23833e-10
2.23833e-10
2.23847e-10
2.23851e-10
2.23876e-10
2.23907e-10
2.23952e-10
2.23999e-10
2.24068e-10
2.24174e-10
2.24301e-10
2.2453e-10
2.24766e-10
2.25209e-10
2.25664e-10
2.26157e-10
2.26965e-10
2.27327e-10
2.20333e-10
2.19877e-10
2.18922e-10
2.18339e-10
2.17813e-10
2.17296e-10
2.17028e-10
2.16768e-10
2.16623e-10
2.16501e-10
2.1642e-10
2.16364e-10
2.16311e-10
2.16283e-10
2.16254e-10
2.16249e-10
2.16232e-10
2.16232e-10
2.16222e-10
2.16224e-10
2.16219e-10
2.16221e-10
2.16217e-10
2.16219e-10
2.16218e-10
2.16218e-10
2.16219e-10
2.16217e-10
2.1622e-10
2.16218e-10
2.16224e-10
2.16222e-10
2.16232e-10
2.16231e-10
2.16249e-10
2.16253e-10
2.16282e-10
2.1631e-10
2.16362e-10
2.16418e-10
2.16498e-10
2.1662e-10
2.16765e-10
2.17026e-10
2.17297e-10
2.17809e-10
2.18336e-10
2.18919e-10
2.19875e-10
2.2033e-10
2.12496e-10
2.11953e-10
2.10864e-10
2.102e-10
2.09612e-10
2.09034e-10
2.08736e-10
2.08447e-10
2.08287e-10
2.08151e-10
2.0806e-10
2.07996e-10
2.07939e-10
2.07912e-10
2.07879e-10
2.07874e-10
2.07854e-10
2.07854e-10
2.07843e-10
2.07845e-10
2.07838e-10
2.07841e-10
2.07837e-10
2.07838e-10
2.07837e-10
2.07837e-10
2.07838e-10
2.07837e-10
2.0784e-10
2.07838e-10
2.07845e-10
2.07842e-10
2.07854e-10
2.07854e-10
2.07873e-10
2.07879e-10
2.07911e-10
2.07938e-10
2.07995e-10
2.08058e-10
2.08147e-10
2.08284e-10
2.08444e-10
2.08734e-10
2.09034e-10
2.09609e-10
2.10197e-10
2.10861e-10
2.1195e-10
2.12493e-10
2.03912e-10
2.0329e-10
2.02083e-10
2.0135e-10
2.00712e-10
2.0008e-10
1.99757e-10
1.99444e-10
1.99272e-10
1.99123e-10
1.99024e-10
1.98955e-10
1.98894e-10
1.98867e-10
1.98831e-10
1.98825e-10
1.98803e-10
1.98803e-10
1.98791e-10
1.98793e-10
1.98786e-10
1.98788e-10
1.98784e-10
1.98785e-10
1.98784e-10
1.98784e-10
1.98785e-10
1.98784e-10
1.98788e-10
1.98785e-10
1.98792e-10
1.9879e-10
1.98803e-10
1.98803e-10
1.98824e-10
1.98831e-10
1.98867e-10
1.98893e-10
1.98953e-10
1.99022e-10
1.99118e-10
1.99268e-10
1.99441e-10
1.99755e-10
2.00079e-10
2.00709e-10
2.01347e-10
2.02081e-10
2.03287e-10
2.03909e-10
1.94688e-10
1.93996e-10
1.9269e-10
1.91851e-10
1.91136e-10
1.90546e-10
1.90204e-10
1.89872e-10
1.8969e-10
1.89531e-10
1.89425e-10
1.89352e-10
1.89288e-10
1.89262e-10
1.89223e-10
1.89216e-10
1.89193e-10
1.89192e-10
1.89179e-10
1.89181e-10
1.89173e-10
1.89175e-10
1.89171e-10
1.89172e-10
1.89171e-10
1.89171e-10
1.89172e-10
1.89171e-10
1.89175e-10
1.89173e-10
1.8918e-10
1.89178e-10
1.89192e-10
1.89192e-10
1.89215e-10
1.89223e-10
1.89261e-10
1.89288e-10
1.8935e-10
1.89423e-10
1.89526e-10
1.89685e-10
1.89868e-10
1.90202e-10
1.90545e-10
1.91134e-10
1.91848e-10
1.92688e-10
1.93993e-10
1.94685e-10
1.8494e-10
1.8419e-10
1.82803e-10
1.81914e-10
1.81171e-10
1.80551e-10
1.80195e-10
1.79848e-10
1.7966e-10
1.79493e-10
1.79384e-10
)
;

boundaryField
{
    fuel
    {
        type            fixedValue;
        value           nonuniform 0();
    }
    wall
    {
        type            zeroGradient;
    }
    outlet
    {
        type            zeroGradient;
    }
    frontAndBack
    {
        type            empty;
    }
    procBoundary2to0
    {
        type            processor;
        value           nonuniform List<scalar> 
53
(
1.50512e-10
1.50958e-10
1.51449e-10
1.51778e-10
1.52058e-10
1.52215e-10
1.52339e-10
1.52428e-10
1.52491e-10
1.52542e-10
1.52578e-10
1.52607e-10
1.52628e-10
1.52645e-10
1.52658e-10
1.52668e-10
1.52675e-10
1.52681e-10
1.53082e-10
1.53082e-10
1.53085e-10
1.53088e-10
1.5309e-10
1.53091e-10
1.53092e-10
1.53092e-10
1.53092e-10
1.53092e-10
1.53091e-10
1.53757e-10
1.53757e-10
1.53755e-10
1.53752e-10
1.53749e-10
1.53743e-10
1.53737e-10
1.53728e-10
1.53717e-10
1.53702e-10
1.53683e-10
1.53657e-10
1.53624e-10
1.54514e-10
1.54514e-10
1.54449e-10
1.54365e-10
1.54254e-10
1.54096e-10
1.53909e-10
1.53554e-10
1.53186e-10
1.52651e-10
1.52222e-10
)
;
    }
    procBoundary2to3
    {
        type            processor;
        value           nonuniform List<scalar> 
51
(
1.7931e-10
1.79244e-10
1.79217e-10
1.79176e-10
1.79167e-10
1.79143e-10
1.79142e-10
1.79127e-10
1.7913e-10
1.79121e-10
1.79123e-10
1.79119e-10
1.7912e-10
1.79119e-10
1.79119e-10
1.7912e-10
1.79119e-10
1.79123e-10
1.79121e-10
1.79129e-10
1.79127e-10
1.79141e-10
1.79142e-10
1.79167e-10
1.79175e-10
1.79216e-10
1.79244e-10
1.79308e-10
1.79383e-10
1.79491e-10
1.79658e-10
1.79847e-10
1.80195e-10
1.80551e-10
1.8117e-10
1.81913e-10
1.82802e-10
1.84188e-10
1.84937e-10
1.74788e-10
1.73993e-10
1.72544e-10
1.7162e-10
1.70857e-10
1.70219e-10
1.69854e-10
1.69499e-10
1.69308e-10
1.69136e-10
1.7931e-10
1.69024e-10
)
;
    }
}


// ************************************************************************* //
