/*--------------------------------*- C++ -*----------------------------------*\
| =========                 |                                                 |
| \\      /  F ield         | OpenFOAM: The Open Source CFD Toolbox           |
|  \\    /   O peration     | Version:  dev                                   |
|   \\  /    A nd           | Web:      www.OpenFOAM.org                      |
|    \\/     M anipulation  |                                                 |
\*---------------------------------------------------------------------------*/
FoamFile
{
    version     2.0;
    format      ascii;
    class       surfaceScalarField;
    location    "0.065";
    object      phi;
}
// * * * * * * * * * * * * * * * * * * * * * * * * * * * * * * * * * * * * * //

dimensions      [1 0 -1 0 0 0 0];

internalField   nonuniform List<scalar> 
3902
(
-3.81736e-07
2.19756e-06
-3.68471e-07
2.26351e-06
-3.5384e-07
2.22195e-06
-3.38633e-07
2.23759e-06
-3.2314e-07
2.21651e-06
-3.07192e-07
2.21659e-06
-2.913e-07
2.20578e-06
-2.75177e-07
2.20486e-06
-2.59107e-07
2.19909e-06
-2.42936e-07
2.19904e-06
-2.26787e-07
2.19545e-06
-2.10602e-07
2.19612e-06
-1.94418e-07
2.19359e-06
-1.78224e-07
2.19453e-06
-1.62027e-07
2.19275e-06
-1.45828e-07
2.19368e-06
-1.29627e-07
2.19245e-06
2.19321e-06
-3.85996e-07
2.18492e-06
-3.72501e-07
2.25002e-06
-3.57675e-07
2.20713e-06
-3.42268e-07
2.22218e-06
-3.26599e-07
2.20085e-06
-3.10467e-07
2.20046e-06
-2.94401e-07
2.18972e-06
-2.781e-07
2.18856e-06
-2.61856e-07
2.18285e-06
-2.45511e-07
2.18269e-06
-2.29189e-07
2.17913e-06
-2.12832e-07
2.17976e-06
-1.96476e-07
2.17724e-06
-1.8011e-07
2.17817e-06
-1.63741e-07
2.17639e-06
-1.4737e-07
2.17731e-06
-1.30998e-07
2.17608e-06
-1.14625e-07
2.17683e-06
-9.82507e-08
2.17599e-06
-8.18764e-08
2.17653e-06
-6.55005e-08
2.176e-06
-4.91259e-08
2.17635e-06
-3.27503e-08
2.17605e-06
-1.63757e-08
2.17622e-06
-1.56483e-13
2.17612e-06
1.63751e-08
2.17612e-06
3.27496e-08
2.17622e-06
2.17605e-06
-3.90251e-07
2.17209e-06
-3.76524e-07
2.23629e-06
-3.61503e-07
2.19212e-06
-3.45895e-07
2.20658e-06
-3.30051e-07
2.18501e-06
-3.13735e-07
2.18415e-06
-2.97494e-07
2.17348e-06
-2.81016e-07
2.17209e-06
-2.64598e-07
2.16644e-06
-2.48079e-07
2.16618e-06
-2.31585e-07
2.16264e-06
-2.15055e-07
2.16324e-06
-1.98528e-07
2.16071e-06
-1.8199e-07
2.16163e-06
-1.6545e-07
2.15985e-06
-1.48909e-07
2.16077e-06
-1.32365e-07
2.15954e-06
-1.15821e-07
2.16029e-06
-9.92759e-08
2.15945e-06
-8.27306e-08
2.15999e-06
-6.6184e-08
2.15945e-06
-4.96384e-08
2.1598e-06
-3.3092e-08
2.1595e-06
-1.65465e-08
2.15968e-06
-1.3164e-13
2.15958e-06
1.65459e-08
2.15958e-06
3.30914e-08
2.15968e-06
4.96383e-08
2.1595e-06
6.61833e-08
2.1598e-06
8.27304e-08
2.15945e-06
9.92753e-08
2.16e-06
1.15821e-07
2.15945e-06
1.32365e-07
2.1603e-06
1.48908e-07
2.15954e-06
1.6545e-07
2.16077e-06
1.8199e-07
2.15985e-06
1.98527e-07
2.16164e-06
2.15055e-07
2.16072e-06
2.31584e-07
2.16324e-06
2.16265e-06
-3.94501e-07
2.15906e-06
-3.80542e-07
2.22234e-06
-3.65325e-07
2.1769e-06
-3.49515e-07
2.19077e-06
-3.33496e-07
2.16899e-06
-3.16995e-07
2.16765e-06
-3.0058e-07
2.15707e-06
-2.83925e-07
2.15544e-06
-2.67334e-07
2.14985e-06
-2.50641e-07
2.14949e-06
-2.33976e-07
2.14598e-06
-2.17274e-07
2.14654e-06
-2.00575e-07
2.14402e-06
-1.83866e-07
2.14493e-06
-1.67156e-07
2.14314e-06
-1.50443e-07
2.14406e-06
-1.33729e-07
2.14283e-06
-1.17015e-07
2.14358e-06
-1.00299e-07
2.14273e-06
-8.35828e-08
2.14328e-06
-6.68659e-08
2.14274e-06
-5.01496e-08
2.14309e-06
-3.34329e-08
2.14279e-06
-1.67169e-08
2.14296e-06
-1.54687e-13
2.14286e-06
1.67163e-08
2.14287e-06
3.34324e-08
2.14296e-06
5.01495e-08
2.14279e-06
6.68652e-08
2.14309e-06
8.35825e-08
2.14274e-06
1.00298e-07
2.14328e-06
1.17015e-07
2.14273e-06
1.33729e-07
2.14358e-06
1.50443e-07
2.14283e-06
1.67155e-07
2.14406e-06
1.83866e-07
2.14315e-06
2.00575e-07
2.14493e-06
2.17274e-07
2.14402e-06
2.33975e-07
2.14654e-06
2.50641e-07
2.14598e-06
2.67333e-07
2.14948e-06
2.83925e-07
2.14984e-06
3.0058e-07
2.15543e-06
3.16995e-07
2.15706e-06
3.33497e-07
2.16763e-06
3.49516e-07
2.169e-06
3.65326e-07
2.19075e-06
3.80542e-07
2.17689e-06
3.94502e-07
2.22233e-06
2.15904e-06
-3.98747e-07
2.14582e-06
-3.84554e-07
2.20815e-06
-3.69142e-07
2.16149e-06
-3.5313e-07
2.17476e-06
-3.36935e-07
2.1528e-06
-3.20249e-07
2.15097e-06
-3.0366e-07
2.14048e-06
-2.86828e-07
2.13861e-06
-2.70064e-07
2.13309e-06
-2.53198e-07
2.13263e-06
-2.36361e-07
2.12914e-06
-2.19488e-07
2.12967e-06
-2.02618e-07
2.12715e-06
-1.85739e-07
2.12805e-06
-1.68857e-07
2.12626e-06
-1.51974e-07
2.12717e-06
-1.3509e-07
2.12594e-06
-1.18206e-07
2.1267e-06
-1.01319e-07
2.12585e-06
-8.44333e-08
2.12639e-06
-6.75462e-08
2.12585e-06
-5.06598e-08
2.1262e-06
-3.37731e-08
2.1259e-06
-1.68869e-08
2.12608e-06
-1.9623e-13
2.12598e-06
1.68863e-08
2.12598e-06
3.37726e-08
2.12608e-06
5.06595e-08
2.1259e-06
6.75457e-08
2.12621e-06
8.44328e-08
2.12585e-06
1.01319e-07
2.1264e-06
1.18205e-07
2.12585e-06
1.3509e-07
2.1267e-06
1.51974e-07
2.12594e-06
1.68857e-07
2.12717e-06
1.85738e-07
2.12627e-06
2.02618e-07
2.12805e-06
2.19487e-07
2.12716e-06
2.3636e-07
2.12967e-06
2.53198e-07
2.12915e-06
2.70063e-07
2.13262e-06
2.86828e-07
2.13308e-06
3.03661e-07
2.1386e-06
3.2025e-07
2.14048e-06
3.36936e-07
2.15095e-06
3.53131e-07
2.15281e-06
3.69142e-07
2.17474e-06
3.84555e-07
2.16148e-06
3.98748e-07
2.20814e-06
2.14581e-06
-4.02995e-07
2.13238e-06
-3.88567e-07
2.19372e-06
-3.72958e-07
2.14589e-06
-3.56744e-07
2.15855e-06
-3.40374e-07
2.13644e-06
-3.23503e-07
2.1341e-06
-3.06741e-07
2.12372e-06
-2.89732e-07
2.1216e-06
-2.72795e-07
2.11616e-06
-2.55755e-07
2.11559e-06
-2.38747e-07
2.11213e-06
-2.21702e-07
2.11262e-06
-2.04661e-07
2.11011e-06
-1.87611e-07
2.111e-06
-1.70559e-07
2.10921e-06
-1.53505e-07
2.11012e-06
-1.36451e-07
2.10889e-06
-1.19397e-07
2.10964e-06
-1.0234e-07
2.10879e-06
-8.52838e-08
2.10934e-06
-6.82267e-08
2.1088e-06
-5.117e-08
2.10915e-06
-3.41134e-08
2.10884e-06
-1.70569e-08
2.10902e-06
-2.33038e-13
2.10892e-06
1.70564e-08
2.10892e-06
3.41129e-08
2.10902e-06
5.11697e-08
2.10884e-06
6.82263e-08
2.10915e-06
8.52833e-08
2.10879e-06
1.0234e-07
2.10934e-06
1.19396e-07
2.10879e-06
1.36451e-07
2.10965e-06
1.53505e-07
2.10889e-06
1.70559e-07
2.11012e-06
1.8761e-07
2.10922e-06
2.04661e-07
2.111e-06
2.21701e-07
2.11012e-06
2.38746e-07
2.11263e-06
2.55755e-07
2.11214e-06
2.72794e-07
2.11558e-06
2.89732e-07
2.11615e-06
3.06741e-07
2.12159e-06
3.23504e-07
2.12372e-06
3.40375e-07
2.13408e-06
3.56745e-07
2.13644e-06
3.72959e-07
2.15853e-06
3.88568e-07
2.14587e-06
4.02996e-07
2.19371e-06
2.13236e-06
-4.07235e-07
2.11873e-06
-3.92572e-07
2.17906e-06
-3.76766e-07
2.13008e-06
-3.60349e-07
2.14214e-06
-3.43803e-07
2.11989e-06
-3.26747e-07
2.11705e-06
-3.09811e-07
2.10679e-06
-2.92625e-07
2.10442e-06
-2.75516e-07
2.09905e-06
-2.58303e-07
2.09838e-06
-2.41124e-07
2.09496e-06
-2.23908e-07
2.09541e-06
-2.06697e-07
2.0929e-06
-1.89476e-07
2.09378e-06
-1.72255e-07
2.09199e-06
-1.55031e-07
2.0929e-06
-1.37807e-07
2.09167e-06
-1.20583e-07
2.09242e-06
-1.03357e-07
2.09157e-06
-8.61312e-08
2.09211e-06
-6.89046e-08
2.09157e-06
-5.16783e-08
2.09192e-06
-3.44524e-08
2.09162e-06
-1.72263e-08
2.0918e-06
-2.64532e-13
2.0917e-06
1.72258e-08
2.0917e-06
3.44519e-08
2.0918e-06
5.16779e-08
2.09162e-06
6.89043e-08
2.09192e-06
8.61306e-08
2.09157e-06
1.03356e-07
2.09212e-06
1.20583e-07
2.09157e-06
1.37807e-07
2.09242e-06
1.55031e-07
2.09167e-06
1.72254e-07
2.0929e-06
1.89476e-07
2.092e-06
2.06697e-07
2.09378e-06
2.23907e-07
2.09291e-06
2.41123e-07
2.09541e-06
2.58303e-07
2.09496e-06
2.75515e-07
2.09838e-06
2.92625e-07
2.09904e-06
3.09811e-07
2.10441e-06
3.26748e-07
2.10678e-06
3.43804e-07
2.11703e-06
3.6035e-07
2.1199e-06
3.76767e-07
2.14212e-06
3.92573e-07
2.13007e-06
4.07236e-07
2.17905e-06
2.11872e-06
-4.11474e-07
2.10488e-06
-3.96574e-07
2.16416e-06
-3.80571e-07
2.11408e-06
-3.63951e-07
2.12552e-06
-3.47229e-07
2.10318e-06
-3.29987e-07
2.09981e-06
-3.12877e-07
2.08968e-06
-2.95515e-07
2.08706e-06
-2.78233e-07
2.08177e-06
-2.60848e-07
2.081e-06
-2.43498e-07
2.07761e-06
-2.26111e-07
2.07802e-06
-2.0873e-07
2.07552e-06
-1.91339e-07
2.07639e-06
-1.73948e-07
2.0746e-06
-1.56554e-07
2.07551e-06
-1.39161e-07
2.07428e-06
-1.21768e-07
2.07503e-06
-1.04372e-07
2.07417e-06
-8.69775e-08
2.07472e-06
-6.95817e-08
2.07418e-06
-5.21859e-08
2.07453e-06
-3.4791e-08
2.07423e-06
-1.73955e-08
2.0744e-06
-2.9216e-13
2.0743e-06
1.73951e-08
2.07431e-06
3.47905e-08
2.0744e-06
5.21856e-08
2.07423e-06
6.95814e-08
2.07453e-06
8.69769e-08
2.07417e-06
1.04372e-07
2.07472e-06
1.21768e-07
2.07417e-06
1.39161e-07
2.07503e-06
1.56554e-07
2.07428e-06
1.73948e-07
2.07551e-06
1.91339e-07
2.07461e-06
2.0873e-07
2.07639e-06
2.26111e-07
2.07553e-06
2.43497e-07
2.07803e-06
2.60847e-07
2.07761e-06
2.78232e-07
2.08099e-06
2.95514e-07
2.08176e-06
3.12877e-07
2.08705e-06
3.29987e-07
2.08968e-06
3.47229e-07
2.09979e-06
3.63952e-07
2.10318e-06
3.80572e-07
2.1255e-06
3.96575e-07
2.11407e-06
4.11475e-07
2.16415e-06
2.10486e-06
-4.15711e-07
2.09081e-06
-4.00575e-07
2.14903e-06
-3.84374e-07
2.09789e-06
-3.67549e-07
2.1087e-06
-3.50651e-07
2.08628e-06
-3.33224e-07
2.08238e-06
-3.1594e-07
2.0724e-06
-2.98401e-07
2.06952e-06
-2.80947e-07
2.06432e-06
-2.63389e-07
2.06344e-06
-2.45868e-07
2.06009e-06
-2.28311e-07
2.06047e-06
-2.1076e-07
2.05797e-06
-1.932e-07
2.05883e-06
-1.75639e-07
2.05704e-06
-1.58076e-07
2.05794e-06
-1.40514e-07
2.05672e-06
-1.22951e-07
2.05747e-06
-1.05386e-07
2.05661e-06
-8.78226e-08
2.05716e-06
-7.02578e-08
2.05661e-06
-5.26929e-08
2.05696e-06
-3.51291e-08
2.05666e-06
-1.75644e-08
2.05684e-06
-3.14797e-13
2.05674e-06
1.75641e-08
2.05674e-06
3.51286e-08
2.05684e-06
5.26925e-08
2.05666e-06
7.02576e-08
2.05697e-06
8.7822e-08
2.05661e-06
1.05386e-07
2.05716e-06
1.22951e-07
2.05661e-06
1.40514e-07
2.05747e-06
1.58076e-07
2.05672e-06
1.75639e-07
2.05794e-06
1.93199e-07
2.05705e-06
2.1076e-07
2.05883e-06
2.28311e-07
2.05798e-06
2.45867e-07
2.06047e-06
2.63389e-07
2.06009e-06
2.80946e-07
2.06344e-06
2.984e-07
2.06431e-06
3.1594e-07
2.06951e-06
3.33224e-07
2.07239e-06
3.50651e-07
2.08236e-06
3.6755e-07
2.08628e-06
3.84375e-07
2.10868e-06
4.00576e-07
2.09787e-06
4.15712e-07
2.14902e-06
2.0908e-06
-4.19957e-07
2.07654e-06
-4.04581e-07
2.13365e-06
-3.88182e-07
2.08149e-06
-3.71153e-07
2.09167e-06
-3.54077e-07
2.06921e-06
-3.36464e-07
2.06477e-06
-3.19006e-07
2.05495e-06
-3.01291e-07
2.05181e-06
-2.83664e-07
2.04669e-06
-2.65934e-07
2.04572e-06
-2.48242e-07
2.0424e-06
-2.30515e-07
2.04274e-06
-2.12793e-07
2.04025e-06
-1.95063e-07
2.0411e-06
-1.77332e-07
2.03931e-06
-1.596e-07
2.04021e-06
-1.41868e-07
2.03899e-06
-1.24136e-07
2.03973e-06
-1.06402e-07
2.03888e-06
-8.86689e-08
2.03942e-06
-7.09349e-08
2.03888e-06
-5.32005e-08
2.03923e-06
-3.54676e-08
2.03893e-06
-1.77336e-08
2.03911e-06
-3.33096e-13
2.03901e-06
1.77333e-08
2.03901e-06
3.54671e-08
2.03911e-06
5.32001e-08
2.03893e-06
7.09346e-08
2.03923e-06
8.86682e-08
2.03888e-06
1.06402e-07
2.03943e-06
1.24136e-07
2.03888e-06
1.41868e-07
2.03974e-06
1.59599e-07
2.03899e-06
1.77332e-07
2.04021e-06
1.95062e-07
2.03932e-06
2.12793e-07
2.0411e-06
2.30514e-07
2.04026e-06
2.48241e-07
2.04275e-06
2.65933e-07
2.0424e-06
2.83663e-07
2.04571e-06
3.0129e-07
2.04668e-06
3.19006e-07
2.0518e-06
3.36465e-07
2.05494e-06
3.54078e-07
2.06475e-06
3.71154e-07
2.06921e-06
3.88183e-07
2.09165e-06
4.04582e-07
2.08147e-06
4.19958e-07
2.13364e-06
2.07653e-06
-4.24214e-07
2.06206e-06
-4.08599e-07
2.11804e-06
-3.92001e-07
2.06489e-06
-3.74765e-07
2.07444e-06
-3.57511e-07
2.05196e-06
-3.39711e-07
2.04697e-06
-3.22079e-07
2.03731e-06
-3.04186e-07
2.03391e-06
-2.86386e-07
2.02889e-06
-2.68483e-07
2.02782e-06
-2.5062e-07
2.02454e-06
-2.32721e-07
2.02484e-06
-2.1483e-07
2.02236e-06
-1.96929e-07
2.0232e-06
-1.79028e-07
2.02141e-06
-1.61125e-07
2.02231e-06
-1.43225e-07
2.02108e-06
-1.25323e-07
2.02183e-06
-1.07419e-07
2.02097e-06
-8.95164e-08
2.02152e-06
-7.16129e-08
2.02098e-06
-5.37089e-08
2.02133e-06
-3.58067e-08
2.02103e-06
-1.7903e-08
2.0212e-06
-3.46574e-13
2.0211e-06
1.79027e-08
2.02111e-06
3.58062e-08
2.0212e-06
5.37085e-08
2.02103e-06
7.16128e-08
2.02133e-06
8.95157e-08
2.02098e-06
1.07419e-07
2.02152e-06
1.25323e-07
2.02097e-06
1.43224e-07
2.02184e-06
1.61125e-07
2.02108e-06
1.79028e-07
2.02231e-06
1.96928e-07
2.02142e-06
2.14829e-07
2.0232e-06
2.32721e-07
2.02237e-06
2.50619e-07
2.02485e-06
2.68482e-07
2.02454e-06
2.86385e-07
2.02781e-06
3.04185e-07
2.02888e-06
3.22079e-07
2.0339e-06
3.39712e-07
2.03731e-06
3.57512e-07
2.04696e-06
3.74766e-07
2.05195e-06
3.92001e-07
2.07442e-06
4.086e-07
2.06488e-06
4.24215e-07
2.11803e-06
2.06204e-06
-4.28458e-07
2.04736e-06
-4.12602e-07
2.10218e-06
-3.95805e-07
2.0481e-06
-3.78363e-07
2.057e-06
-3.60931e-07
2.03453e-06
-3.42945e-07
2.02899e-06
-3.25138e-07
2.01951e-06
-3.07068e-07
2.01585e-06
-2.89096e-07
2.01092e-06
-2.71021e-07
2.00975e-06
-2.52987e-07
2.00651e-06
-2.34918e-07
2.00677e-06
-2.16857e-07
2.0043e-06
-1.98786e-07
2.00513e-06
-1.80717e-07
2.00334e-06
-1.62645e-07
2.00424e-06
-1.44575e-07
2.00302e-06
-1.26505e-07
2.00376e-06
-1.08432e-07
2.0029e-06
-9.03602e-08
2.00345e-06
-7.2288e-08
2.00291e-06
-5.42151e-08
2.00326e-06
-3.61442e-08
2.00296e-06
-1.80718e-08
2.00313e-06
-3.55354e-13
2.00303e-06
1.80715e-08
2.00304e-06
3.61437e-08
2.00313e-06
5.42146e-08
2.00296e-06
7.22878e-08
2.00326e-06
9.03596e-08
2.0029e-06
1.08431e-07
2.00345e-06
1.26504e-07
2.0029e-06
1.44575e-07
2.00377e-06
1.62644e-07
2.00302e-06
1.80717e-07
2.00423e-06
1.98786e-07
2.00335e-06
2.16856e-07
2.00513e-06
2.34918e-07
2.00431e-06
2.52986e-07
2.00678e-06
2.7102e-07
2.00651e-06
2.89096e-07
2.00974e-06
3.07068e-07
2.01091e-06
3.25138e-07
2.01583e-06
3.42945e-07
2.0195e-06
3.60932e-07
2.02897e-06
3.78364e-07
2.03453e-06
3.95806e-07
2.05698e-06
4.12603e-07
2.04808e-06
4.28459e-07
2.10218e-06
2.04734e-06
-4.32705e-07
2.03244e-06
-4.16608e-07
2.08609e-06
-3.99611e-07
2.0311e-06
-3.81962e-07
2.03935e-06
-3.64352e-07
2.01692e-06
-3.46179e-07
2.01082e-06
-3.28198e-07
2.00153e-06
-3.09951e-07
1.9976e-06
-2.91806e-07
1.99278e-06
-2.73558e-07
1.9915e-06
-2.55355e-07
1.98831e-06
-2.37116e-07
1.98853e-06
-2.18884e-07
1.98607e-06
-2.00644e-07
1.98689e-06
-1.82405e-07
1.9851e-06
-1.64164e-07
1.98599e-06
-1.45925e-07
1.98478e-06
-1.27686e-07
1.98553e-06
-1.09444e-07
1.98466e-06
-9.1204e-08
1.98521e-06
-7.29631e-08
1.98467e-06
-5.47213e-08
1.98502e-06
-3.64817e-08
1.98473e-06
-1.82405e-08
1.9849e-06
-3.59292e-13
1.9848e-06
1.82402e-08
1.9848e-06
3.64813e-08
1.9849e-06
5.47208e-08
1.98472e-06
7.29629e-08
1.98502e-06
9.12034e-08
1.98466e-06
1.09444e-07
1.98521e-06
1.27686e-07
1.98466e-06
1.45925e-07
1.98553e-06
1.64164e-07
1.98478e-06
1.82405e-07
1.98599e-06
2.00644e-07
1.98511e-06
2.18884e-07
1.9869e-06
2.37115e-07
1.98608e-06
2.55354e-07
1.98854e-06
2.73558e-07
1.98831e-06
2.91806e-07
1.9915e-06
3.0995e-07
1.99277e-06
3.28198e-07
1.99759e-06
3.46179e-07
2.00152e-06
3.64353e-07
2.0108e-06
3.81963e-07
2.01692e-06
3.99612e-07
2.03933e-06
4.16609e-07
2.03108e-06
4.32706e-07
2.08608e-06
2.03242e-06
-4.36957e-07
2.0173e-06
-4.20619e-07
2.06975e-06
-4.03421e-07
2.01391e-06
-3.85564e-07
2.0215e-06
-3.67775e-07
1.99913e-06
-3.49414e-07
1.99246e-06
-3.31259e-07
1.98337e-06
-3.12834e-07
1.97917e-06
-2.94518e-07
1.97447e-06
-2.76097e-07
1.97309e-06
-2.57723e-07
1.96993e-06
-2.39314e-07
1.97012e-06
-2.20912e-07
1.96768e-06
-2.02503e-07
1.96849e-06
-1.84095e-07
1.9667e-06
-1.65684e-07
1.96758e-06
-1.47276e-07
1.96637e-06
-1.28868e-07
1.96712e-06
-1.10457e-07
1.96625e-06
-9.20482e-08
1.9668e-06
-7.36384e-08
1.96626e-06
-5.52277e-08
1.96661e-06
-3.68194e-08
1.96632e-06
-1.84093e-08
1.96649e-06
-3.58577e-13
1.9664e-06
1.8409e-08
1.9664e-06
3.68189e-08
1.96649e-06
5.52272e-08
1.96632e-06
7.36382e-08
1.96661e-06
9.20476e-08
1.96625e-06
1.10457e-07
1.9668e-06
1.28868e-07
1.96625e-06
1.47276e-07
1.96712e-06
1.65684e-07
1.96637e-06
1.84094e-07
1.96758e-06
2.02502e-07
1.96671e-06
2.20912e-07
1.96849e-06
2.39313e-07
1.96768e-06
2.57722e-07
1.97012e-06
2.76097e-07
1.96993e-06
2.94517e-07
1.97309e-06
3.12834e-07
1.97445e-06
3.31259e-07
1.97916e-06
3.49415e-07
1.98337e-06
3.67776e-07
1.99244e-06
3.85565e-07
1.99913e-06
4.03422e-07
2.02148e-06
4.2062e-07
2.01389e-06
4.36958e-07
2.06974e-06
2.01729e-06
-4.41216e-07
2.00194e-06
-4.24634e-07
2.05317e-06
-4.07235e-07
1.99651e-06
-3.8917e-07
2.00343e-06
-3.71202e-07
1.98116e-06
-3.52653e-07
1.97391e-06
-3.34322e-07
1.96504e-06
-3.15721e-07
1.96057e-06
-2.97231e-07
1.95598e-06
-2.78638e-07
1.95451e-06
-2.60093e-07
1.95139e-06
-2.41513e-07
1.95152e-06
-2.22941e-07
1.94912e-06
-2.04363e-07
1.94993e-06
-1.85785e-07
1.94814e-06
-1.67205e-07
1.949e-06
-1.48628e-07
1.94778e-06
-1.30051e-07
1.94853e-06
-1.11471e-07
1.94766e-06
-9.28929e-08
1.94822e-06
-7.43141e-08
1.94767e-06
-5.57345e-08
1.94802e-06
-3.71572e-08
1.94775e-06
-1.85782e-08
1.94792e-06
-3.5355e-13
1.94783e-06
1.85779e-08
1.94783e-06
3.71568e-08
1.94792e-06
5.57339e-08
1.94775e-06
7.43139e-08
1.94802e-06
9.28924e-08
1.94766e-06
1.11471e-07
1.94822e-06
1.30051e-07
1.94766e-06
1.48628e-07
1.94854e-06
1.67204e-07
1.94778e-06
1.85785e-07
1.949e-06
2.04362e-07
1.94815e-06
2.22941e-07
1.94993e-06
2.41512e-07
1.94913e-06
2.60092e-07
1.95153e-06
2.78637e-07
1.95139e-06
2.9723e-07
1.9545e-06
3.1572e-07
1.95596e-06
3.34323e-07
1.96056e-06
3.52653e-07
1.96504e-06
3.71202e-07
1.97389e-06
3.89171e-07
1.98116e-06
4.07236e-07
2.00341e-06
4.24635e-07
1.99649e-06
4.41217e-07
2.05316e-06
2.00193e-06
-4.45501e-07
1.98636e-06
-4.28674e-07
2.03635e-06
-4.11073e-07
1.97891e-06
-3.92798e-07
1.98516e-06
-3.74649e-07
1.96302e-06
-3.55911e-07
1.95517e-06
-3.37405e-07
1.94654e-06
-3.18625e-07
1.94179e-06
-2.99961e-07
1.93732e-06
-2.81195e-07
1.93575e-06
-2.62478e-07
1.93265e-06
-2.43727e-07
1.93274e-06
-2.24983e-07
1.93041e-06
-2.06234e-07
1.93122e-06
-1.87486e-07
1.92943e-06
-1.68735e-07
1.93027e-06
-1.49988e-07
1.92901e-06
-1.31241e-07
1.92977e-06
-1.12491e-07
1.92889e-06
-9.3743e-08
1.92945e-06
-7.49942e-08
1.9289e-06
-5.62444e-08
1.92925e-06
-3.74971e-08
1.92901e-06
-1.87482e-08
1.92917e-06
-3.44988e-13
1.92908e-06
1.87479e-08
1.92908e-06
3.74968e-08
1.92918e-06
5.62438e-08
1.92901e-06
7.49939e-08
1.92925e-06
9.37426e-08
1.92888e-06
1.12491e-07
1.92945e-06
1.31241e-07
1.92889e-06
1.49988e-07
1.92977e-06
1.68735e-07
1.92901e-06
1.87485e-07
1.93027e-06
2.06234e-07
1.92944e-06
2.24983e-07
1.93122e-06
2.43726e-07
1.93042e-06
2.62477e-07
1.93274e-06
2.81194e-07
1.93265e-06
2.9996e-07
1.93575e-06
3.18624e-07
1.9373e-06
3.37405e-07
1.94178e-06
3.55912e-07
1.94653e-06
3.7465e-07
1.95515e-06
3.92798e-07
1.96302e-06
4.11074e-07
1.98514e-06
4.28675e-07
1.97889e-06
4.45502e-07
2.03634e-06
1.98634e-06
-4.49802e-07
1.97054e-06
-4.32729e-07
2.01928e-06
-4.14924e-07
1.96111e-06
-3.96438e-07
1.96668e-06
-3.78107e-07
1.94469e-06
-3.59179e-07
1.93625e-06
-3.40496e-07
1.92786e-06
-3.21537e-07
1.92283e-06
-3.02698e-07
1.91849e-06
-2.83758e-07
1.91682e-06
-2.64869e-07
1.91369e-06
-2.45946e-07
1.91375e-06
-2.2703e-07
1.91156e-06
-2.0811e-07
1.91237e-06
-1.89191e-07
1.91059e-06
-1.7027e-07
1.91142e-06
-1.51352e-07
1.91004e-06
-1.32435e-07
1.9108e-06
-1.13514e-07
1.90992e-06
-9.45952e-08
1.91048e-06
-7.56759e-08
1.90993e-06
-5.67556e-08
1.91028e-06
-3.78379e-08
1.91005e-06
-1.89187e-08
1.91022e-06
-3.34079e-13
1.91013e-06
1.89184e-08
1.91013e-06
3.78375e-08
1.91022e-06
5.67551e-08
1.91005e-06
7.56755e-08
1.91028e-06
9.4595e-08
1.90992e-06
1.13514e-07
1.91048e-06
1.32434e-07
1.90992e-06
1.51352e-07
1.9108e-06
1.7027e-07
1.91005e-06
1.89191e-07
1.91142e-06
2.0811e-07
1.91059e-06
2.2703e-07
1.91238e-06
2.45945e-07
1.91156e-06
2.64868e-07
1.91376e-06
2.83758e-07
1.91369e-06
3.02698e-07
1.91682e-06
3.21536e-07
1.91847e-06
3.40496e-07
1.92281e-06
3.5918e-07
1.92785e-06
3.78108e-07
1.93623e-06
3.96438e-07
1.94469e-06
4.14925e-07
1.96666e-06
4.3273e-07
1.96109e-06
4.49803e-07
2.01927e-06
1.97052e-06
-4.54118e-07
1.95448e-06
-4.36797e-07
2.00196e-06
-4.18787e-07
1.9431e-06
-4.00088e-07
1.94798e-06
-3.81575e-07
1.92618e-06
-3.62456e-07
1.91713e-06
-3.43595e-07
1.909e-06
-3.24456e-07
1.90369e-06
-3.05443e-07
1.89948e-06
-2.86329e-07
1.89772e-06
-2.67266e-07
1.89444e-06
-2.48171e-07
1.89456e-06
-2.29082e-07
1.89257e-06
-2.09991e-07
1.8934e-06
-1.90901e-07
1.89161e-06
-1.71809e-07
1.89252e-06
-1.5272e-07
1.89086e-06
-1.33631e-07
1.89162e-06
-1.14539e-07
1.89073e-06
-9.54498e-08
1.8913e-06
-7.63593e-08
1.89075e-06
-5.72681e-08
1.8911e-06
-3.81794e-08
1.89081e-06
-1.90896e-08
1.89098e-06
-3.22324e-13
1.89089e-06
1.90893e-08
1.89089e-06
3.81791e-08
1.89098e-06
5.72675e-08
1.89082e-06
7.63589e-08
1.8911e-06
9.54498e-08
1.89078e-06
1.14539e-07
1.8913e-06
1.33631e-07
1.89073e-06
1.5272e-07
1.89162e-06
1.71809e-07
1.89086e-06
1.909e-07
1.89252e-06
2.09991e-07
1.89162e-06
2.29082e-07
1.8934e-06
2.48169e-07
1.89258e-06
2.67266e-07
1.89456e-06
2.86328e-07
1.89444e-06
3.05442e-07
1.89772e-06
3.24456e-07
1.89946e-06
3.43596e-07
1.90367e-06
3.62457e-07
1.90899e-06
3.81576e-07
1.91711e-06
4.00089e-07
1.92618e-06
4.18788e-07
1.94796e-06
4.36798e-07
1.94308e-06
4.54119e-07
2.00195e-06
1.95447e-06
-4.58423e-07
1.9382e-06
-4.40853e-07
1.98439e-06
-4.22639e-07
1.92489e-06
-4.03728e-07
1.92907e-06
-3.85032e-07
1.90748e-06
-3.65723e-07
1.89782e-06
-3.46685e-07
1.88996e-06
-3.27366e-07
1.88437e-06
-3.08178e-07
1.88029e-06
-2.88893e-07
1.87843e-06
-2.69656e-07
1.87473e-06
-2.50387e-07
1.87518e-06
-2.31126e-07
1.87341e-06
-2.11865e-07
1.87425e-06
-1.92604e-07
1.87246e-06
-1.73344e-07
1.87374e-06
-1.54084e-07
1.87151e-06
-1.34824e-07
1.87226e-06
-1.15562e-07
1.87137e-06
-9.63018e-08
1.87194e-06
-7.70408e-08
1.8714e-06
-5.77795e-08
1.87174e-06
-3.85201e-08
1.87111e-06
-1.926e-08
1.87127e-06
-3.11045e-13
1.87118e-06
1.92597e-08
1.87118e-06
3.85198e-08
1.87127e-06
5.7779e-08
1.87111e-06
7.70405e-08
1.87174e-06
9.63017e-08
1.87147e-06
1.15562e-07
1.87194e-06
1.34824e-07
1.87137e-06
1.54084e-07
1.87226e-06
1.73344e-07
1.87151e-06
1.92603e-07
1.87374e-06
2.11865e-07
1.87246e-06
2.31126e-07
1.87425e-06
2.50386e-07
1.87342e-06
2.69656e-07
1.87518e-06
2.88892e-07
1.87473e-06
3.08177e-07
1.87843e-06
3.27366e-07
1.88027e-06
3.46685e-07
1.88435e-06
3.65723e-07
1.88995e-06
3.85033e-07
1.8978e-06
4.03729e-07
1.90749e-06
4.2264e-07
1.92905e-06
4.40854e-07
1.92487e-06
4.58424e-07
1.98438e-06
1.93819e-06
-4.62764e-07
1.9217e-06
-4.44943e-07
1.96657e-06
-4.26522e-07
1.90647e-06
-4.07398e-07
1.90995e-06
-3.88518e-07
1.88861e-06
-3.69018e-07
1.87832e-06
-3.49801e-07
1.87075e-06
-3.30302e-07
1.86487e-06
-3.10938e-07
1.86093e-06
-2.91475e-07
1.85897e-06
-2.72054e-07
1.85578e-06
-2.52615e-07
1.85586e-06
-2.33188e-07
1.85388e-06
-2.13755e-07
1.85471e-06
-1.94319e-07
1.85291e-06
-1.7489e-07
1.85381e-06
-1.55452e-07
1.8522e-06
-1.36021e-07
1.85296e-06
-1.16588e-07
1.85207e-06
-9.71566e-08
1.85264e-06
-7.77244e-08
1.85209e-06
-5.82943e-08
1.85244e-06
-3.88621e-08
1.85217e-06
-1.94311e-08
1.85233e-06
-3.01129e-13
1.85224e-06
1.94308e-08
1.85224e-06
3.88618e-08
1.85233e-06
5.82938e-08
1.85216e-06
7.77244e-08
1.85244e-06
9.71561e-08
1.85205e-06
1.16587e-07
1.85264e-06
1.36021e-07
1.85207e-06
1.55452e-07
1.85296e-06
1.7489e-07
1.8522e-06
1.94318e-07
1.85381e-06
2.13755e-07
1.85292e-06
2.33187e-07
1.85471e-06
2.52614e-07
1.85389e-06
2.72053e-07
1.85586e-06
2.91475e-07
1.85578e-06
3.10937e-07
1.85897e-06
3.30302e-07
1.86091e-06
3.49802e-07
1.86485e-06
3.69018e-07
1.87074e-06
3.8852e-07
1.8783e-06
4.07398e-07
1.88861e-06
4.26523e-07
1.90993e-06
4.44944e-07
1.90645e-06
4.62765e-07
1.96656e-06
1.92169e-06
-4.67103e-07
1.905e-06
-4.4903e-07
1.9485e-06
-4.30403e-07
1.88785e-06
-4.11064e-07
1.89062e-06
-3.92e-07
1.86955e-06
-3.72307e-07
1.85863e-06
-3.52913e-07
1.85136e-06
-3.33232e-07
1.84519e-06
-3.13692e-07
1.84139e-06
-2.94056e-07
1.83933e-06
-2.7446e-07
1.83638e-06
-2.54847e-07
1.83634e-06
-2.35246e-07
1.83418e-06
-2.15641e-07
1.83499e-06
-1.96033e-07
1.83319e-06
-1.76435e-07
1.83402e-06
-1.56825e-07
1.83266e-06
-1.37223e-07
1.83343e-06
-1.17617e-07
1.83254e-06
-9.80147e-08
1.83311e-06
-7.84107e-08
1.83256e-06
-5.88093e-08
1.83292e-06
-3.92051e-08
1.83269e-06
-1.96027e-08
1.83286e-06
-2.92645e-13
1.83277e-06
1.96024e-08
1.83277e-06
3.92048e-08
1.83286e-06
5.88088e-08
1.83269e-06
7.84104e-08
1.83291e-06
9.80142e-08
1.83252e-06
1.17617e-07
1.83311e-06
1.37222e-07
1.83254e-06
1.56825e-07
1.83343e-06
1.76435e-07
1.83266e-06
1.96033e-07
1.83402e-06
2.15641e-07
1.8332e-06
2.35245e-07
1.83499e-06
2.54846e-07
1.83419e-06
2.7446e-07
1.83634e-06
2.94055e-07
1.83638e-06
3.13691e-07
1.83933e-06
3.33232e-07
1.84137e-06
3.52913e-07
1.84517e-06
3.72307e-07
1.85134e-06
3.92002e-07
1.8586e-06
4.11065e-07
1.86955e-06
4.30404e-07
1.89059e-06
4.49031e-07
1.88783e-06
4.67104e-07
1.94849e-06
1.90499e-06
-4.71462e-07
1.88808e-06
-4.53135e-07
1.93017e-06
-4.343e-07
1.86902e-06
-4.14746e-07
1.87106e-06
-3.95497e-07
1.8503e-06
-3.7561e-07
1.83874e-06
-3.56036e-07
1.83178e-06
-3.36174e-07
1.82532e-06
-3.16457e-07
1.82167e-06
-2.96646e-07
1.81951e-06
-2.76875e-07
1.81668e-06
-2.57088e-07
1.81661e-06
-2.37312e-07
1.81434e-06
-2.17536e-07
1.81514e-06
-1.97756e-07
1.81333e-06
-1.77985e-07
1.81419e-06
-1.58203e-07
1.81293e-06
-1.38428e-07
1.8137e-06
-1.1865e-07
1.8128e-06
-9.88755e-08
1.81338e-06
-7.90992e-08
1.81283e-06
-5.93255e-08
1.81318e-06
-3.95492e-08
1.81295e-06
-1.97749e-08
1.81311e-06
-2.8492e-13
1.81302e-06
1.97746e-08
1.81302e-06
3.95489e-08
1.81311e-06
5.93251e-08
1.81295e-06
7.90988e-08
1.81318e-06
9.88753e-08
1.81279e-06
1.1865e-07
1.81338e-06
1.38428e-07
1.8128e-06
1.58203e-07
1.8137e-06
1.77985e-07
1.81293e-06
1.97755e-07
1.81418e-06
2.17536e-07
1.81334e-06
2.37312e-07
1.81514e-06
2.57087e-07
1.81435e-06
2.76875e-07
1.81661e-06
2.96645e-07
1.81668e-06
3.16456e-07
1.8195e-06
3.36174e-07
1.82165e-06
3.56036e-07
1.8253e-06
3.7561e-07
1.83177e-06
3.95498e-07
1.83872e-06
4.14747e-07
1.8503e-06
4.34301e-07
1.87104e-06
4.53136e-07
1.869e-06
4.71463e-07
1.93017e-06
1.88807e-06
-4.75865e-07
1.87093e-06
-4.57282e-07
1.91159e-06
-4.38237e-07
1.84998e-06
-4.18466e-07
1.8513e-06
-3.9903e-07
1.83087e-06
-3.78948e-07
1.81866e-06
-3.59193e-07
1.81203e-06
-3.39147e-07
1.80528e-06
-3.19252e-07
1.80178e-06
-2.99264e-07
1.7995e-06
-2.79317e-07
1.79675e-06
-2.59354e-07
1.79668e-06
-2.39402e-07
1.79436e-06
-2.19452e-07
1.79514e-06
-1.99497e-07
1.79334e-06
-1.79552e-07
1.79422e-06
-1.59595e-07
1.79299e-06
-1.39647e-07
1.79377e-06
-1.19695e-07
1.79287e-06
-9.97458e-08
1.79345e-06
-7.97952e-08
1.79289e-06
-5.98475e-08
1.79325e-06
-3.98972e-08
1.79299e-06
-1.99489e-08
1.79315e-06
-2.76809e-13
1.79306e-06
1.99486e-08
1.79306e-06
3.98968e-08
1.79316e-06
5.98471e-08
1.79299e-06
7.97948e-08
1.79325e-06
9.97456e-08
1.79287e-06
1.19694e-07
1.79345e-06
1.39646e-07
1.79287e-06
1.59596e-07
1.79377e-06
1.79552e-07
1.79299e-06
1.99496e-07
1.79422e-06
2.19452e-07
1.79334e-06
2.39402e-07
1.79514e-06
2.59353e-07
1.79437e-06
2.79316e-07
1.79668e-06
2.99263e-07
1.79675e-06
3.19251e-07
1.7995e-06
3.39148e-07
1.80176e-06
3.59194e-07
1.80526e-06
3.78948e-07
1.81202e-06
3.99032e-07
1.81863e-06
4.18467e-07
1.83087e-06
4.38239e-07
1.85127e-06
4.57283e-07
1.84996e-06
4.75866e-07
1.91159e-06
1.87092e-06
-4.80271e-07
1.85353e-06
-4.61432e-07
1.89276e-06
-4.42176e-07
1.83073e-06
-4.22187e-07
1.83131e-06
-4.02563e-07
1.81125e-06
-3.82285e-07
1.79838e-06
-3.62349e-07
1.7921e-06
-3.4212e-07
1.78505e-06
-3.22045e-07
1.7817e-06
-3.01879e-07
1.77933e-06
-2.81756e-07
1.77663e-06
-2.61618e-07
1.77656e-06
-2.41491e-07
1.77421e-06
-2.21366e-07
1.775e-06
-2.01236e-07
1.77319e-06
-1.81117e-07
1.7741e-06
-1.60987e-07
1.77286e-06
-1.40864e-07
1.77365e-06
-1.20738e-07
1.77275e-06
-1.00615e-07
1.77333e-06
-8.04907e-08
1.77277e-06
-6.03691e-08
1.77313e-06
-4.02449e-08
1.77285e-06
-2.01228e-08
1.77302e-06
-2.66987e-13
1.77293e-06
2.01225e-08
1.77293e-06
4.02445e-08
1.77302e-06
6.03687e-08
1.77285e-06
8.04903e-08
1.77313e-06
1.00615e-07
1.77276e-06
1.20738e-07
1.77333e-06
1.40864e-07
1.77275e-06
1.60987e-07
1.77365e-06
1.81117e-07
1.77286e-06
2.01236e-07
1.7741e-06
2.21366e-07
1.77319e-06
2.41491e-07
1.775e-06
2.61617e-07
1.77423e-06
2.81756e-07
1.77656e-06
3.01879e-07
1.77663e-06
3.22045e-07
1.77932e-06
3.4212e-07
1.78168e-06
3.62349e-07
1.78502e-06
3.82285e-07
1.79208e-06
4.02564e-07
1.79835e-06
4.22187e-07
1.81125e-06
4.42177e-07
1.83129e-06
4.61433e-07
1.8307e-06
4.80272e-07
1.89275e-06
1.85352e-06
-4.84704e-07
1.83588e-06
-4.65606e-07
1.87366e-06
-4.46139e-07
1.81126e-06
-4.25929e-07
1.8111e-06
-4.06116e-07
1.79143e-06
-3.85641e-07
1.77791e-06
-3.65523e-07
1.77198e-06
-3.45109e-07
1.76463e-06
-3.24856e-07
1.76145e-06
-3.04512e-07
1.75897e-06
-2.84212e-07
1.75632e-06
-2.63897e-07
1.75625e-06
-2.43594e-07
1.7539e-06
-2.23293e-07
1.75469e-06
-2.02988e-07
1.75287e-06
-1.82693e-07
1.75381e-06
-1.62388e-07
1.75255e-06
-1.4209e-07
1.75335e-06
-1.21789e-07
1.75244e-06
-1.01491e-07
1.75303e-06
-8.1191e-08
1.75247e-06
-6.08942e-08
1.75283e-06
-4.0595e-08
1.75254e-06
-2.02978e-08
1.75271e-06
-2.54501e-13
1.75262e-06
2.02976e-08
1.75262e-06
4.05946e-08
1.75271e-06
6.08939e-08
1.75254e-06
8.11905e-08
1.75283e-06
1.01491e-07
1.75246e-06
1.21788e-07
1.75303e-06
1.4209e-07
1.75244e-06
1.62388e-07
1.75335e-06
1.82693e-07
1.75255e-06
2.02988e-07
1.75381e-06
2.23293e-07
1.75288e-06
2.43594e-07
1.75469e-06
2.63896e-07
1.75392e-06
2.84211e-07
1.75625e-06
3.04511e-07
1.75632e-06
3.24855e-07
1.75896e-06
3.45109e-07
1.76143e-06
3.65523e-07
1.76461e-06
3.85642e-07
1.77197e-06
4.06118e-07
1.77788e-06
4.2593e-07
1.79144e-06
4.4614e-07
1.81108e-06
4.65607e-07
1.81124e-06
4.84705e-07
1.87365e-06
1.83587e-06
-4.89191e-07
1.81798e-06
-4.69834e-07
1.85431e-06
-4.50154e-07
1.79159e-06
-4.29723e-07
1.79068e-06
-4.09719e-07
1.77143e-06
-3.89045e-07
1.75723e-06
-3.68742e-07
1.75168e-06
-3.48142e-07
1.74403e-06
-3.27706e-07
1.74101e-06
-3.07181e-07
1.73843e-06
-2.86701e-07
1.73583e-06
-2.66208e-07
1.73575e-06
-2.45726e-07
1.73342e-06
-2.25247e-07
1.7342e-06
-2.04763e-07
1.73239e-06
-1.84291e-07
1.73334e-06
-1.63808e-07
1.73206e-06
-1.43332e-07
1.73287e-06
-1.22854e-07
1.73196e-06
-1.02378e-07
1.73254e-06
-8.19008e-08
1.73198e-06
-6.14265e-08
1.73235e-06
-4.09499e-08
1.73205e-06
-2.04752e-08
1.73223e-06
-2.38939e-13
1.73214e-06
2.04751e-08
1.73213e-06
4.09495e-08
1.73223e-06
6.14262e-08
1.73205e-06
8.19004e-08
1.73235e-06
1.02378e-07
1.73198e-06
1.22853e-07
1.73254e-06
1.43332e-07
1.73196e-06
1.63808e-07
1.73287e-06
1.84291e-07
1.73207e-06
2.04763e-07
1.73334e-06
2.25247e-07
1.73239e-06
2.45725e-07
1.73421e-06
2.66207e-07
1.73343e-06
2.86701e-07
1.73575e-06
3.0718e-07
1.73583e-06
3.27705e-07
1.73842e-06
3.48142e-07
1.74099e-06
3.68743e-07
1.74401e-06
3.89045e-07
1.75166e-06
4.0972e-07
1.7572e-06
4.29724e-07
1.77144e-06
4.50155e-07
1.79065e-06
4.69835e-07
1.79156e-06
4.89192e-07
1.8543e-06
1.81796e-06
-4.93689e-07
1.79982e-06
-4.74069e-07
1.83469e-06
-4.54174e-07
1.7717e-06
-4.3352e-07
1.77003e-06
-4.13322e-07
1.75124e-06
-3.92449e-07
1.73636e-06
-3.71961e-07
1.73119e-06
-3.51173e-07
1.72324e-06
-3.30556e-07
1.72039e-06
-3.09849e-07
1.71771e-06
-2.8919e-07
1.71516e-06
-2.68517e-07
1.71508e-06
-2.47857e-07
1.71275e-06
-2.272e-07
1.71355e-06
-2.06538e-07
1.71172e-06
-1.85888e-07
1.71269e-06
-1.65227e-07
1.7114e-06
-1.44574e-07
1.71221e-06
-1.23918e-07
1.7113e-06
-1.03265e-07
1.71189e-06
-8.26104e-08
1.71132e-06
-6.19587e-08
1.71169e-06
-4.13047e-08
1.71139e-06
-2.06526e-08
1.71157e-06
-2.20051e-13
1.71148e-06
2.06525e-08
1.71148e-06
4.13043e-08
1.71157e-06
6.19584e-08
1.71139e-06
8.261e-08
1.71169e-06
1.03265e-07
1.71132e-06
1.23918e-07
1.71189e-06
1.44574e-07
1.7113e-06
1.65227e-07
1.71221e-06
1.85888e-07
1.7114e-06
2.06538e-07
1.71269e-06
2.272e-07
1.71173e-06
2.47856e-07
1.71355e-06
2.68517e-07
1.71276e-06
2.89189e-07
1.71508e-06
3.09849e-07
1.71516e-06
3.30555e-07
1.7177e-06
3.51173e-07
1.72037e-06
3.71961e-07
1.72322e-06
3.92449e-07
1.73118e-06
4.13324e-07
1.73633e-06
4.3352e-07
1.75125e-06
4.54175e-07
1.77e-06
4.7407e-07
1.77167e-06
4.93689e-07
1.83468e-06
1.79981e-06
-4.98229e-07
1.78142e-06
-4.78351e-07
1.81481e-06
-4.58245e-07
1.7516e-06
-4.37368e-07
1.74915e-06
-4.16978e-07
1.73085e-06
-3.95903e-07
1.71529e-06
-3.75229e-07
1.71052e-06
-3.54251e-07
1.70227e-06
-3.33449e-07
1.69958e-06
-3.12559e-07
1.6968e-06
-2.91717e-07
1.69431e-06
-2.70863e-07
1.69421e-06
-2.50021e-07
1.6919e-06
-2.29183e-07
1.69271e-06
-2.08341e-07
1.69088e-06
-1.8751e-07
1.69186e-06
-1.66669e-07
1.69056e-06
-1.45836e-07
1.69137e-06
-1.24999e-07
1.69046e-06
-1.04166e-07
1.69105e-06
-8.33312e-08
1.69048e-06
-6.24992e-08
1.69086e-06
-4.16651e-08
1.69056e-06
-2.08328e-08
1.69073e-06
-1.97816e-13
1.69064e-06
2.08327e-08
1.69064e-06
4.16647e-08
1.69074e-06
6.24989e-08
1.69056e-06
8.33308e-08
1.69085e-06
1.04166e-07
1.69048e-06
1.24999e-07
1.69105e-06
1.45836e-07
1.69046e-06
1.66669e-07
1.69137e-06
1.8751e-07
1.69056e-06
2.08341e-07
1.69186e-06
2.29183e-07
1.69089e-06
2.50021e-07
1.69271e-06
2.70863e-07
1.69191e-06
2.91717e-07
1.69421e-06
3.12559e-07
1.69431e-06
3.33449e-07
1.6968e-06
3.54252e-07
1.69956e-06
3.75229e-07
1.70224e-06
3.95904e-07
1.7105e-06
4.1698e-07
1.71525e-06
4.37369e-07
1.73086e-06
4.58246e-07
1.74913e-06
4.78353e-07
1.75157e-06
4.9823e-07
1.8148e-06
1.7814e-06
-5.02803e-07
1.76275e-06
-4.82658e-07
1.79467e-06
-4.62333e-07
1.73128e-06
-4.41229e-07
1.72805e-06
-4.20643e-07
1.71027e-06
-3.99365e-07
1.69401e-06
-3.78503e-07
1.68966e-06
-3.57335e-07
1.6811e-06
-3.36348e-07
1.67859e-06
-3.15273e-07
1.67572e-06
-2.94248e-07
1.67328e-06
-2.73212e-07
1.67317e-06
-2.52189e-07
1.67087e-06
-2.3117e-07
1.67169e-06
-2.10147e-07
1.66986e-06
-1.89134e-07
1.67084e-06
-1.68113e-07
1.66954e-06
-1.47099e-07
1.67036e-06
-1.26082e-07
1.66944e-06
-1.05068e-07
1.67003e-06
-8.40529e-08
1.66947e-06
-6.30404e-08
1.66984e-06
-4.2026e-08
1.66954e-06
-2.10132e-08
1.66972e-06
-1.72119e-13
1.66963e-06
2.10131e-08
1.66962e-06
4.20256e-08
1.66972e-06
6.30402e-08
1.66954e-06
8.40526e-08
1.66984e-06
1.05068e-07
1.66947e-06
1.26082e-07
1.67003e-06
1.47099e-07
1.66944e-06
1.68113e-07
1.67036e-06
1.89135e-07
1.66954e-06
2.10147e-07
1.67084e-06
2.3117e-07
1.66986e-06
2.52188e-07
1.67169e-06
2.73212e-07
1.67088e-06
2.94248e-07
1.67317e-06
3.15273e-07
1.67328e-06
3.36347e-07
1.67571e-06
3.57335e-07
1.67857e-06
3.78503e-07
1.68107e-06
3.99366e-07
1.68964e-06
4.20645e-07
1.69397e-06
4.4123e-07
1.71028e-06
4.62334e-07
1.72803e-06
4.82659e-07
1.73125e-06
5.02804e-07
1.79466e-06
1.76274e-06
-5.0742e-07
1.74384e-06
-4.87006e-07
1.77426e-06
-4.6646e-07
1.71074e-06
-4.45129e-07
1.70673e-06
-4.24347e-07
1.68949e-06
-4.02867e-07
1.67253e-06
-3.81815e-07
1.66861e-06
-3.60456e-07
1.65975e-06
-3.39282e-07
1.65742e-06
-3.18022e-07
1.65445e-06
-2.96812e-07
1.65206e-06
-2.75592e-07
1.65193e-06
-2.54384e-07
1.64964e-06
-2.33182e-07
1.65048e-06
-2.11975e-07
1.64865e-06
-1.9078e-07
1.64965e-06
-1.69576e-07
1.64833e-06
-1.48379e-07
1.64916e-06
-1.27179e-07
1.64824e-06
-1.05982e-07
1.64884e-06
-8.47841e-08
1.64827e-06
-6.35887e-08
1.64864e-06
-4.23916e-08
1.64834e-06
-2.11959e-08
1.64852e-06
-1.43426e-13
1.64843e-06
2.11959e-08
1.64842e-06
4.23912e-08
1.64852e-06
6.35885e-08
1.64834e-06
8.47838e-08
1.64864e-06
1.05982e-07
1.64826e-06
1.27179e-07
1.64884e-06
1.48379e-07
1.64824e-06
1.69576e-07
1.64916e-06
1.9078e-07
1.64833e-06
2.11975e-07
1.64965e-06
2.33182e-07
1.64865e-06
2.54384e-07
1.65049e-06
2.75591e-07
1.64966e-06
2.96812e-07
1.65193e-06
3.18021e-07
1.65206e-06
3.39282e-07
1.65444e-06
3.60456e-07
1.6574e-06
3.81815e-07
1.65971e-06
4.02867e-07
1.66859e-06
4.24349e-07
1.67249e-06
4.45129e-07
1.6895e-06
4.66461e-07
1.7067e-06
4.87007e-07
1.71071e-06
5.07421e-07
1.77425e-06
1.74382e-06
-5.12101e-07
1.72464e-06
-4.91398e-07
1.75356e-06
-4.70628e-07
1.68997e-06
-4.49067e-07
1.68517e-06
-4.28085e-07
1.66852e-06
-4.06398e-07
1.65085e-06
-3.85154e-07
1.64737e-06
-3.63601e-07
1.6382e-06
-3.42239e-07
1.63605e-06
-3.2079e-07
1.63299e-06
-2.99394e-07
1.63065e-06
-2.77988e-07
1.6305e-06
-2.56595e-07
1.62822e-06
-2.35208e-07
1.6291e-06
-2.13817e-07
1.62726e-06
-1.92437e-07
1.62826e-06
-1.71049e-07
1.62694e-06
-1.49667e-07
1.62778e-06
-1.28283e-07
1.62685e-06
-1.06902e-07
1.62745e-06
-8.55204e-08
1.62688e-06
-6.41407e-08
1.62726e-06
-4.27597e-08
1.62696e-06
-2.13799e-08
1.62714e-06
-1.12398e-13
1.62705e-06
2.13799e-08
1.62704e-06
4.27593e-08
1.62714e-06
6.41406e-08
1.62696e-06
8.55201e-08
1.62726e-06
1.06902e-07
1.62688e-06
1.28283e-07
1.62745e-06
1.49667e-07
1.62685e-06
1.71049e-07
1.62777e-06
1.92437e-07
1.62694e-06
2.13817e-07
1.62827e-06
2.35208e-07
1.62726e-06
2.56595e-07
1.6291e-06
2.77988e-07
1.62823e-06
2.99394e-07
1.6305e-06
3.2079e-07
1.63065e-06
3.42238e-07
1.63298e-06
3.63602e-07
1.63603e-06
3.85154e-07
1.63816e-06
4.06398e-07
1.64736e-06
4.28087e-07
1.65081e-06
4.49067e-07
1.66853e-06
4.7063e-07
1.68514e-06
4.91399e-07
1.68995e-06
5.12102e-07
1.75355e-06
1.72462e-06
-5.16819e-07
1.70518e-06
-4.95846e-07
1.73259e-06
-4.74859e-07
1.66899e-06
-4.53068e-07
1.66339e-06
-4.31887e-07
1.64734e-06
-4.09991e-07
1.62895e-06
-3.88554e-07
1.62594e-06
-3.66804e-07
1.61645e-06
-3.4525e-07
1.6145e-06
-3.2361e-07
1.61134e-06
-3.02025e-07
1.60906e-06
-2.8043e-07
1.60888e-06
-2.58848e-07
1.6066e-06
-2.37272e-07
1.60752e-06
-2.15693e-07
1.60568e-06
-1.94125e-07
1.6067e-06
-1.7255e-07
1.60536e-06
-1.5098e-07
1.6062e-06
-1.29409e-07
1.60528e-06
-1.0784e-07
1.60588e-06
-8.62706e-08
1.60531e-06
-6.47033e-08
1.60569e-06
-4.31348e-08
1.60539e-06
-2.15675e-08
1.60557e-06
-7.97294e-14
1.60548e-06
2.15674e-08
1.60547e-06
4.31345e-08
1.60557e-06
6.47032e-08
1.60538e-06
8.62705e-08
1.60569e-06
1.0784e-07
1.60531e-06
1.29409e-07
1.60588e-06
1.5098e-07
1.60528e-06
1.7255e-07
1.6062e-06
1.94125e-07
1.60536e-06
2.15693e-07
1.6067e-06
2.37272e-07
1.60568e-06
2.58848e-07
1.60753e-06
2.8043e-07
1.60661e-06
3.02024e-07
1.60888e-06
3.2361e-07
1.60906e-06
3.45249e-07
1.61133e-06
3.66805e-07
1.61448e-06
3.88554e-07
1.61641e-06
4.09992e-07
1.62592e-06
4.31889e-07
1.62891e-06
4.53069e-07
1.64735e-06
4.7486e-07
1.66336e-06
4.95848e-07
1.66897e-06
5.1682e-07
1.73258e-06
1.70516e-06
-5.2164e-07
1.68545e-06
-5.00387e-07
1.71134e-06
-4.7917e-07
1.64778e-06
-4.57121e-07
1.64134e-06
-4.35712e-07
1.62594e-06
-4.13605e-07
1.60685e-06
-3.91971e-07
1.60431e-06
-3.70024e-07
1.59451e-06
-3.48277e-07
1.59275e-06
-3.26445e-07
1.58951e-06
-3.04668e-07
1.58728e-06
-2.82883e-07
1.58707e-06
-2.61111e-07
1.58477e-06
-2.39346e-07
1.58575e-06
-2.17579e-07
1.58391e-06
-1.95822e-07
1.58494e-06
-1.74057e-07
1.5836e-06
-1.52299e-07
1.58445e-06
-1.3054e-07
1.58352e-06
-1.08782e-07
1.58412e-06
-8.70245e-08
1.58355e-06
-6.52685e-08
1.58393e-06
-4.35117e-08
1.58363e-06
-2.17559e-08
1.58381e-06
-4.60934e-14
1.58372e-06
2.17558e-08
1.58371e-06
4.35115e-08
1.58382e-06
6.52684e-08
1.58363e-06
8.70243e-08
1.58393e-06
1.08782e-07
1.58355e-06
1.3054e-07
1.58412e-06
1.523e-07
1.58352e-06
1.74058e-07
1.58444e-06
1.95822e-07
1.5836e-06
2.17579e-07
1.58494e-06
2.39346e-07
1.58391e-06
2.61111e-07
1.58576e-06
2.82883e-07
1.58479e-06
3.04668e-07
1.58707e-06
3.26445e-07
1.58728e-06
3.48276e-07
1.5895e-06
3.70024e-07
1.59273e-06
3.91972e-07
1.59447e-06
4.13606e-07
1.60429e-06
4.35714e-07
1.60681e-06
4.57121e-07
1.62595e-06
4.79171e-07
1.64131e-06
5.00388e-07
1.64776e-06
5.2164e-07
1.71133e-06
1.68543e-06
-5.26477e-07
1.66545e-06
-5.04941e-07
1.68981e-06
-4.83494e-07
1.62634e-06
-4.61205e-07
1.61906e-06
-4.3959e-07
1.60433e-06
-4.17272e-07
1.58454e-06
-3.9544e-07
1.58249e-06
-3.73293e-07
1.57237e-06
-3.5135e-07
1.57082e-06
-3.29324e-07
1.56749e-06
-3.07354e-07
1.56531e-06
-2.85376e-07
1.56508e-06
-2.63411e-07
1.56275e-06
-2.41454e-07
1.5638e-06
-2.19494e-07
1.56195e-06
-1.97545e-07
1.56299e-06
-1.7559e-07
1.56164e-06
-1.5364e-07
1.56249e-06
-1.31689e-07
1.56157e-06
-1.0974e-07
1.56217e-06
-8.77904e-08
1.5616e-06
-6.58429e-08
1.56198e-06
-4.38947e-08
1.56168e-06
-2.19473e-08
1.56186e-06
-1.20508e-14
1.56177e-06
2.19473e-08
1.56176e-06
4.38945e-08
1.56187e-06
6.58428e-08
1.56167e-06
8.77903e-08
1.56198e-06
1.0974e-07
1.56159e-06
1.31689e-07
1.56217e-06
1.5364e-07
1.56156e-06
1.7559e-07
1.56249e-06
1.97545e-07
1.56164e-06
2.19494e-07
1.56299e-06
2.41454e-07
1.56196e-06
2.63411e-07
1.5638e-06
2.85376e-07
1.56276e-06
3.07354e-07
1.56508e-06
3.29324e-07
1.56531e-06
3.51349e-07
1.56747e-06
3.73293e-07
1.5708e-06
3.9544e-07
1.57233e-06
4.17272e-07
1.58247e-06
4.39592e-07
1.58449e-06
4.61205e-07
1.60434e-06
4.83495e-07
1.61903e-06
5.04942e-07
1.62632e-06
5.26477e-07
1.6898e-06
1.66543e-06
-5.31397e-07
1.64518e-06
-5.09574e-07
1.66799e-06
-4.87877e-07
1.60465e-06
-4.65344e-07
1.59653e-06
-4.43517e-07
1.58252e-06
-4.20984e-07
1.562e-06
-3.9895e-07
1.56047e-06
-3.766e-07
1.55003e-06
-3.54459e-07
1.54869e-06
-3.32236e-07
1.54527e-06
-3.10071e-07
1.54315e-06
-2.87898e-07
1.54291e-06
-2.65737e-07
1.54055e-06
-2.43584e-07
1.54165e-06
-2.21431e-07
1.5398e-06
-1.99288e-07
1.54084e-06
-1.77139e-07
1.53949e-06
-1.54995e-07
1.54035e-06
-1.3285e-07
1.53942e-06
-1.10708e-07
1.54003e-06
-8.85649e-08
1.53945e-06
-6.64236e-08
1.53984e-06
-4.42819e-08
1.53953e-06
-2.21409e-08
1.53972e-06
2.18916e-14
1.53963e-06
2.21409e-08
1.53962e-06
4.42818e-08
1.53972e-06
6.64236e-08
1.53953e-06
8.85649e-08
1.53984e-06
1.10708e-07
1.53945e-06
1.32851e-07
1.54003e-06
1.54996e-07
1.53942e-06
1.77139e-07
1.54035e-06
1.99288e-07
1.53949e-06
2.21432e-07
1.54085e-06
2.43585e-07
1.5398e-06
2.65737e-07
1.54165e-06
2.87898e-07
1.54056e-06
3.10071e-07
1.5429e-06
3.32236e-07
1.54314e-06
3.54458e-07
1.54525e-06
3.76601e-07
1.54867e-06
3.98951e-07
1.54999e-06
4.20984e-07
1.56044e-06
4.4352e-07
1.56196e-06
4.65345e-07
1.58253e-06
4.87878e-07
1.5965e-06
5.09575e-07
1.60463e-06
5.31397e-07
1.66798e-06
1.64516e-06
-5.36374e-07
1.62464e-06
-5.14259e-07
1.64588e-06
-4.92326e-07
1.58273e-06
-4.69546e-07
1.57376e-06
-4.47503e-07
1.56049e-06
-4.24751e-07
1.53925e-06
-4.02513e-07
1.53824e-06
-3.79956e-07
1.52748e-06
-3.57615e-07
1.52636e-06
-3.35191e-07
1.52286e-06
-3.12828e-07
1.5208e-06
-2.90458e-07
1.52056e-06
-2.68102e-07
1.51823e-06
-2.45757e-07
1.51931e-06
-2.23406e-07
1.51745e-06
-2.01065e-07
1.5185e-06
-1.78718e-07
1.51714e-06
-1.56377e-07
1.51801e-06
-1.34035e-07
1.51708e-06
-1.11695e-07
1.51769e-06
-8.93545e-08
1.51711e-06
-6.70157e-08
1.5175e-06
-4.46767e-08
1.51719e-06
-2.23382e-08
1.51738e-06
5.55304e-14
1.51728e-06
2.23382e-08
1.51728e-06
4.46766e-08
1.51738e-06
6.70157e-08
1.51719e-06
8.93545e-08
1.5175e-06
1.11695e-07
1.51711e-06
1.34035e-07
1.51769e-06
1.56378e-07
1.51707e-06
1.78719e-07
1.51801e-06
2.01065e-07
1.51714e-06
2.23406e-07
1.51851e-06
2.45757e-07
1.51746e-06
2.68102e-07
1.51931e-06
2.90458e-07
1.51824e-06
3.12828e-07
1.52055e-06
3.35192e-07
1.52079e-06
3.57614e-07
1.52283e-06
3.79957e-07
1.52634e-06
4.02513e-07
1.52745e-06
4.24751e-07
1.53822e-06
4.47506e-07
1.53922e-06
4.69547e-07
1.56049e-06
4.92327e-07
1.57373e-06
5.1426e-07
1.58271e-06
5.36374e-07
1.64587e-06
1.62461e-06
-5.41429e-07
1.6038e-06
-5.19018e-07
1.62347e-06
-4.96844e-07
1.56056e-06
-4.73815e-07
1.55074e-06
-4.51552e-07
1.53824e-06
-4.28578e-07
1.51627e-06
-4.06133e-07
1.51581e-06
-3.83366e-07
1.50473e-06
-3.60821e-07
1.50383e-06
-3.38195e-07
1.50025e-06
-3.1563e-07
1.49825e-06
-2.93059e-07
1.49802e-06
-2.70502e-07
1.49575e-06
-2.47955e-07
1.49677e-06
-2.25404e-07
1.4949e-06
-2.02863e-07
1.49596e-06
-1.80317e-07
1.4946e-06
-1.57776e-07
1.49547e-06
-1.35234e-07
1.49453e-06
-1.12694e-07
1.49514e-06
-9.01535e-08
1.49457e-06
-6.76149e-08
1.49496e-06
-4.50763e-08
1.49465e-06
-2.25379e-08
1.49484e-06
8.88479e-14
1.49475e-06
2.25379e-08
1.49474e-06
4.50762e-08
1.49484e-06
6.76149e-08
1.49465e-06
9.01536e-08
1.49496e-06
1.12694e-07
1.49457e-06
1.35234e-07
1.49514e-06
1.57776e-07
1.49453e-06
1.80317e-07
1.49547e-06
2.02864e-07
1.4946e-06
2.25405e-07
1.49597e-06
2.47955e-07
1.49491e-06
2.70502e-07
1.49678e-06
2.93059e-07
1.49576e-06
3.1563e-07
1.49801e-06
3.38195e-07
1.49824e-06
3.6082e-07
1.50022e-06
3.83367e-07
1.50382e-06
4.06133e-07
1.5047e-06
4.28578e-07
1.51578e-06
4.51554e-07
1.51625e-06
4.73816e-07
1.53824e-06
4.96845e-07
1.55071e-06
5.19019e-07
1.56054e-06
5.41429e-07
1.62347e-06
1.60378e-06
-5.4657e-07
1.58266e-06
-5.23858e-07
1.60076e-06
-5.0144e-07
1.53815e-06
-4.78157e-07
1.52747e-06
-4.55669e-07
1.51578e-06
-4.3247e-07
1.49306e-06
-4.09814e-07
1.49316e-06
-3.86835e-07
1.48177e-06
-3.64082e-07
1.4811e-06
-3.41249e-07
1.47744e-06
-3.18479e-07
1.47551e-06
-2.95704e-07
1.47528e-06
-2.72942e-07
1.47306e-06
-2.50191e-07
1.47403e-06
-2.27437e-07
1.47216e-06
-2.04692e-07
1.47322e-06
-1.81943e-07
1.47185e-06
-1.59198e-07
1.47272e-06
-1.36453e-07
1.47179e-06
-1.1371e-07
1.4724e-06
-9.09664e-08
1.47182e-06
-6.82244e-08
1.47222e-06
-4.54827e-08
1.47191e-06
-2.27411e-08
1.47209e-06
1.21347e-13
1.472e-06
2.27411e-08
1.472e-06
4.54827e-08
1.4721e-06
6.82244e-08
1.47191e-06
9.09665e-08
1.47221e-06
1.1371e-07
1.47182e-06
1.36453e-07
1.4724e-06
1.59199e-07
1.47178e-06
1.81943e-07
1.47272e-06
2.04693e-07
1.47185e-06
2.27438e-07
1.47323e-06
2.50192e-07
1.47216e-06
2.72942e-07
1.47404e-06
2.95704e-07
1.47307e-06
3.1848e-07
1.47528e-06
3.4125e-07
1.4755e-06
3.64082e-07
1.47742e-06
3.86836e-07
1.48109e-06
4.09815e-07
1.48174e-06
4.3247e-07
1.49314e-06
4.55672e-07
1.49305e-06
4.78157e-07
1.51576e-06
5.01441e-07
1.52743e-06
5.23859e-07
1.53814e-06
5.4657e-07
1.60076e-06
1.58264e-06
-5.51802e-07
1.56123e-06
-5.28784e-07
1.57775e-06
-5.06118e-07
1.5155e-06
-4.82578e-07
1.50394e-06
-4.5986e-07
1.49309e-06
-4.36433e-07
1.46963e-06
-4.13563e-07
1.47031e-06
-3.90367e-07
1.45859e-06
-3.67403e-07
1.45816e-06
-3.4436e-07
1.45444e-06
-3.21381e-07
1.45256e-06
-2.98398e-07
1.45235e-06
-2.75427e-07
1.45015e-06
-2.52469e-07
1.45109e-06
-2.29508e-07
1.44921e-06
-2.06555e-07
1.45028e-06
-1.83599e-07
1.4489e-06
-1.60647e-07
1.44977e-06
-1.37695e-07
1.44883e-06
-1.14744e-07
1.44945e-06
-9.17943e-08
1.44887e-06
-6.88452e-08
1.44927e-06
-4.58966e-08
1.44896e-06
-2.2948e-08
1.44914e-06
1.4976e-13
1.44905e-06
2.2948e-08
1.44905e-06
4.58967e-08
1.44915e-06
6.88453e-08
1.44896e-06
9.17945e-08
1.44926e-06
1.14745e-07
1.44887e-06
1.37695e-07
1.44945e-06
1.60648e-07
1.44883e-06
1.83599e-07
1.44977e-06
2.06556e-07
1.44889e-06
2.29508e-07
1.45028e-06
2.52469e-07
1.44921e-06
2.75428e-07
1.4511e-06
2.98398e-07
1.45016e-06
3.21382e-07
1.45235e-06
3.44361e-07
1.45256e-06
3.67403e-07
1.4544e-06
3.90368e-07
1.45815e-06
4.13563e-07
1.45856e-06
4.36433e-07
1.47029e-06
4.59863e-07
1.46963e-06
4.82578e-07
1.49306e-06
5.06119e-07
1.5039e-06
5.28785e-07
1.51548e-06
5.51802e-07
1.57774e-06
1.56121e-06
-5.57135e-07
1.53949e-06
-5.33806e-07
1.55443e-06
-5.10887e-07
1.49259e-06
-4.87084e-07
1.48015e-06
-4.64132e-07
1.47015e-06
-4.40473e-07
1.44598e-06
-4.17384e-07
1.44723e-06
-3.93968e-07
1.4352e-06
-3.70788e-07
1.43501e-06
-3.47532e-07
1.43122e-06
-3.2434e-07
1.42941e-06
-3.01145e-07
1.42921e-06
-2.77961e-07
1.42703e-06
-2.54792e-07
1.42794e-06
-2.31619e-07
1.42605e-06
-2.08455e-07
1.42713e-06
-1.85287e-07
1.42574e-06
-1.62125e-07
1.42661e-06
-1.38961e-07
1.42567e-06
-1.158e-07
1.42629e-06
-9.26385e-08
1.42571e-06
-6.94783e-08
1.42611e-06
-4.63186e-08
1.4258e-06
-2.3159e-08
1.42598e-06
1.38649e-13
1.42589e-06
2.3159e-08
1.42589e-06
4.63188e-08
1.42599e-06
6.94784e-08
1.4258e-06
9.26387e-08
1.4261e-06
1.158e-07
1.42571e-06
1.38961e-07
1.42629e-06
1.62125e-07
1.42567e-06
1.85288e-07
1.42661e-06
2.08456e-07
1.42573e-06
2.31619e-07
1.42713e-06
2.54792e-07
1.42606e-06
2.77962e-07
1.42795e-06
3.01145e-07
1.42704e-06
3.2434e-07
1.42921e-06
3.47533e-07
1.42941e-06
3.70788e-07
1.43118e-06
3.93969e-07
1.435e-06
4.17385e-07
1.43517e-06
4.40473e-07
1.44721e-06
4.64135e-07
1.44598e-06
4.87084e-07
1.47012e-06
5.10887e-07
1.48011e-06
5.33807e-07
1.49257e-06
5.57135e-07
1.55442e-06
1.53947e-06
-5.62575e-07
1.51743e-06
-5.3893e-07
1.53078e-06
-5.15759e-07
1.46943e-06
-4.917e-07
1.45611e-06
-4.68504e-07
1.44697e-06
-4.44596e-07
1.42208e-06
-4.21285e-07
1.42394e-06
-3.97643e-07
1.41158e-06
-3.74244e-07
1.41165e-06
-3.50769e-07
1.40778e-06
-3.2736e-07
1.40604e-06
-3.03948e-07
-2.80548e-07
-2.57163e-07
-2.33774e-07
-2.10395e-07
-1.87011e-07
-1.63633e-07
-1.40254e-07
-1.16877e-07
-9.35003e-08
-7.01247e-08
-4.67495e-08
-2.33745e-08
1.32796e-13
2.33746e-08
4.67497e-08
7.01248e-08
9.35006e-08
1.16877e-07
1.40254e-07
1.63634e-07
1.87012e-07
2.10395e-07
2.33775e-07
2.57163e-07
2.80549e-07
3.03949e-07
3.2736e-07
3.5077e-07
3.74245e-07
3.97645e-07
4.21286e-07
4.44596e-07
4.68507e-07
4.91701e-07
5.1576e-07
5.38931e-07
5.62576e-07
-5.68134e-07
-5.44165e-07
-5.20732e-07
-4.96401e-07
-4.7296e-07
-4.48811e-07
-4.25272e-07
-4.014e-07
-3.77777e-07
-3.54078e-07
)
;

boundaryField
{
    fuel
    {
        type            calculated;
        value           nonuniform 0();
    }
    wall
    {
        type            calculated;
        value           nonuniform 0();
    }
    outlet
    {
        type            calculated;
        value           nonuniform List<scalar> 
80
(
3.94172e-07
3.98631e-07
4.03085e-07
4.07536e-07
4.11984e-07
4.16437e-07
4.20883e-07
4.25328e-07
4.29775e-07
4.34231e-07
4.38701e-07
4.43158e-07
4.47621e-07
4.5209e-07
4.56567e-07
4.61073e-07
4.65598e-07
4.70139e-07
4.74672e-07
4.79243e-07
4.83815e-07
4.88409e-07
4.93049e-07
4.97694e-07
5.02369e-07
5.071e-07
5.11844e-07
5.16632e-07
5.21459e-07
5.26333e-07
5.31292e-07
5.36274e-07
5.41366e-07
5.46479e-07
5.51664e-07
5.56926e-07
5.62272e-07
5.67709e-07
5.73245e-07
5.78886e-07
5.84644e-07
5.90527e-07
4.07537e-07
4.11985e-07
4.16438e-07
4.20884e-07
4.25329e-07
4.29776e-07
4.34232e-07
4.38702e-07
4.43159e-07
4.47622e-07
4.52091e-07
4.56568e-07
4.61074e-07
4.65599e-07
4.7014e-07
4.74673e-07
4.79244e-07
4.83816e-07
4.88409e-07
4.93049e-07
4.97695e-07
5.02369e-07
5.071e-07
5.11845e-07
5.16633e-07
5.2146e-07
5.26333e-07
5.31292e-07
5.36274e-07
5.41366e-07
5.46479e-07
5.51664e-07
5.56927e-07
5.62273e-07
5.6771e-07
5.73245e-07
5.78887e-07
5.84645e-07
)
;
    }
    frontAndBack
    {
        type            empty;
        value           nonuniform 0();
    }
    procBoundary2to0
    {
        type            processor;
        value           nonuniform List<scalar> 
53
(
-2.20999e-06
-2.27677e-06
-2.23658e-06
-2.25279e-06
-2.232e-06
-2.23253e-06
-2.22167e-06
-2.22098e-06
-2.21516e-06
-2.21521e-06
-2.2116e-06
-2.2123e-06
-2.20978e-06
-2.21073e-06
-2.20895e-06
-2.20987e-06
-2.20865e-06
-2.20941e-06
-1.13426e-07
-2.19237e-06
-2.19291e-06
-2.19237e-06
-2.19272e-06
-2.19242e-06
-2.1926e-06
-2.1925e-06
-2.1925e-06
-2.1926e-06
-2.19242e-06
4.91259e-08
-2.17635e-06
-2.176e-06
-2.17654e-06
-2.17599e-06
-2.17684e-06
-2.17608e-06
-2.17731e-06
-2.1764e-06
-2.17817e-06
-2.17725e-06
-2.17977e-06
-2.17914e-06
2.48079e-07
-2.16617e-06
-2.16644e-06
-2.17208e-06
-2.17348e-06
-2.18413e-06
-2.18501e-06
-2.20656e-06
-2.1921e-06
-2.23628e-06
-2.17208e-06
)
;
    }
    procBoundary2to3
    {
        type            processor;
        value           nonuniform List<scalar> 
51
(
1.40585e-06
1.40368e-06
1.40459e-06
1.40269e-06
1.40377e-06
1.40237e-06
1.40324e-06
1.4023e-06
1.40291e-06
1.40234e-06
1.40273e-06
1.40242e-06
1.40261e-06
1.40252e-06
1.40252e-06
1.40262e-06
1.40242e-06
1.40273e-06
1.40234e-06
1.40291e-06
1.40229e-06
1.40324e-06
1.40236e-06
1.40377e-06
1.4027e-06
1.4046e-06
1.40369e-06
1.40585e-06
1.40604e-06
1.40774e-06
1.41163e-06
1.41155e-06
1.42392e-06
1.42208e-06
1.44693e-06
1.45607e-06
1.46942e-06
1.53077e-06
1.51741e-06
1.49505e-06
1.50682e-06
1.44601e-06
1.4318e-06
1.42354e-06
1.39794e-06
1.40042e-06
1.38773e-06
1.38806e-06
1.38412e-06
-3.30446e-07
1.38245e-06
)
;
    }
}


// ************************************************************************* //
