/*--------------------------------*- C++ -*----------------------------------*\
| =========                 |                                                 |
| \\      /  F ield         | OpenFOAM: The Open Source CFD Toolbox           |
|  \\    /   O peration     | Version:  dev                                   |
|   \\  /    A nd           | Web:      www.OpenFOAM.org                      |
|    \\/     M anipulation  |                                                 |
\*---------------------------------------------------------------------------*/
FoamFile
{
    version     2.0;
    format      ascii;
    class       volScalarField;
    location    "0.08";
    object      C3H2;
}
// * * * * * * * * * * * * * * * * * * * * * * * * * * * * * * * * * * * * * //

dimensions      [0 0 0 0 0 0 0];

internalField   nonuniform List<scalar> 
2014
(
1.05863e-05
1.06232e-05
1.06596e-05
1.06787e-05
1.06867e-05
1.0691e-05
1.06903e-05
1.06907e-05
1.06892e-05
1.06891e-05
1.06881e-05
1.06881e-05
1.06875e-05
1.06875e-05
1.06871e-05
1.06872e-05
1.06869e-05
1.0687e-05
1.06869e-05
1.06869e-05
1.06868e-05
1.06869e-05
1.06868e-05
1.06868e-05
1.06868e-05
1.06868e-05
1.06868e-05
1.06868e-05
1.06869e-05
1.06868e-05
1.06869e-05
1.06869e-05
1.0687e-05
1.06869e-05
1.06872e-05
1.06871e-05
1.06875e-05
1.06875e-05
1.06881e-05
1.06881e-05
1.06891e-05
1.06892e-05
1.06907e-05
1.06903e-05
1.0691e-05
1.06867e-05
1.06787e-05
1.06596e-05
1.06232e-05
1.05863e-05
1.04416e-05
1.0478e-05
1.05135e-05
1.05321e-05
1.05399e-05
1.0544e-05
1.05433e-05
1.05436e-05
1.05421e-05
1.0542e-05
1.0541e-05
1.05409e-05
1.05403e-05
1.05403e-05
1.05399e-05
1.054e-05
1.05397e-05
1.05398e-05
1.05397e-05
1.05397e-05
1.05396e-05
1.05397e-05
1.05396e-05
1.05396e-05
1.05396e-05
1.05396e-05
1.05396e-05
1.05396e-05
1.05397e-05
1.05396e-05
1.05397e-05
1.05397e-05
1.05398e-05
1.05397e-05
1.054e-05
1.05399e-05
1.05403e-05
1.05403e-05
1.05409e-05
1.0541e-05
1.0542e-05
1.05421e-05
1.05436e-05
1.05433e-05
1.0544e-05
1.05399e-05
1.05321e-05
1.05135e-05
1.0478e-05
1.04416e-05
1.02994e-05
1.03352e-05
1.03698e-05
1.03879e-05
1.03955e-05
1.03994e-05
1.03987e-05
1.03989e-05
1.03974e-05
1.03973e-05
1.03962e-05
1.03962e-05
1.03955e-05
1.03955e-05
1.03951e-05
1.03952e-05
1.03949e-05
1.0395e-05
1.03949e-05
1.03949e-05
1.03948e-05
1.03948e-05
1.03948e-05
1.03948e-05
1.03948e-05
1.03948e-05
1.03948e-05
1.03948e-05
1.03948e-05
1.03948e-05
1.03949e-05
1.03949e-05
1.0395e-05
1.03949e-05
1.03952e-05
1.03951e-05
1.03955e-05
1.03955e-05
1.03962e-05
1.03962e-05
1.03973e-05
1.03974e-05
1.03989e-05
1.03987e-05
1.03994e-05
1.03955e-05
1.03879e-05
1.03698e-05
1.03352e-05
1.02994e-05
1.01595e-05
1.01949e-05
1.02285e-05
1.02461e-05
1.02534e-05
1.02572e-05
1.02563e-05
1.02565e-05
1.0255e-05
1.02548e-05
1.02538e-05
1.02537e-05
1.02531e-05
1.0253e-05
1.02526e-05
1.02527e-05
1.02524e-05
1.02525e-05
1.02524e-05
1.02524e-05
1.02523e-05
1.02523e-05
1.02523e-05
1.02523e-05
1.02523e-05
1.02523e-05
1.02523e-05
1.02523e-05
1.02523e-05
1.02523e-05
1.02524e-05
1.02524e-05
1.02525e-05
1.02524e-05
1.02527e-05
1.02526e-05
1.0253e-05
1.02531e-05
1.02537e-05
1.02538e-05
1.02548e-05
1.0255e-05
1.02565e-05
1.02563e-05
1.02572e-05
1.02534e-05
1.02461e-05
1.02285e-05
1.01949e-05
1.01595e-05
1.00219e-05
1.00568e-05
1.00895e-05
1.01065e-05
1.01135e-05
1.01171e-05
1.01162e-05
1.01163e-05
1.01148e-05
1.01146e-05
1.01136e-05
1.01134e-05
1.01128e-05
1.01128e-05
1.01124e-05
1.01124e-05
1.01121e-05
1.01122e-05
1.01121e-05
1.01121e-05
1.0112e-05
1.0112e-05
1.0112e-05
1.0112e-05
1.0112e-05
1.0112e-05
1.0112e-05
1.0112e-05
1.0112e-05
1.0112e-05
1.01121e-05
1.01121e-05
1.01122e-05
1.01121e-05
1.01124e-05
1.01124e-05
1.01128e-05
1.01128e-05
1.01134e-05
1.01136e-05
1.01146e-05
1.01148e-05
1.01163e-05
1.01162e-05
1.01171e-05
1.01135e-05
1.01065e-05
1.00895e-05
1.00568e-05
1.00219e-05
9.88637e-06
9.92082e-06
9.95256e-06
9.96897e-06
9.97568e-06
9.97919e-06
9.97823e-06
9.97826e-06
9.97673e-06
9.97645e-06
9.97541e-06
9.97526e-06
9.97461e-06
9.97457e-06
9.97417e-06
9.9742e-06
9.97395e-06
9.97401e-06
9.97386e-06
9.97391e-06
9.97381e-06
9.97384e-06
9.97378e-06
9.9738e-06
9.97378e-06
9.97378e-06
9.9738e-06
9.97378e-06
9.97384e-06
9.97381e-06
9.97391e-06
9.97386e-06
9.97401e-06
9.97395e-06
9.9742e-06
9.97417e-06
9.97457e-06
9.97461e-06
9.97526e-06
9.97541e-06
9.97645e-06
9.97673e-06
9.97826e-06
9.97822e-06
9.97918e-06
9.97567e-06
9.96897e-06
9.95255e-06
9.92082e-06
9.88637e-06
9.7529e-06
9.78692e-06
9.81766e-06
9.8335e-06
9.8399e-06
9.84324e-06
9.84221e-06
9.84217e-06
9.84062e-06
9.8403e-06
9.83925e-06
9.83908e-06
9.83842e-06
9.83837e-06
9.83797e-06
9.83799e-06
9.83774e-06
9.8378e-06
9.83765e-06
9.83769e-06
9.83759e-06
9.83762e-06
9.83756e-06
9.83758e-06
9.83757e-06
9.83757e-06
9.83758e-06
9.83756e-06
9.83762e-06
9.83759e-06
9.83769e-06
9.83764e-06
9.8378e-06
9.83774e-06
9.83799e-06
9.83797e-06
9.83837e-06
9.83842e-06
9.83908e-06
9.83925e-06
9.8403e-06
9.84062e-06
9.84217e-06
9.8422e-06
9.84323e-06
9.83989e-06
9.83349e-06
9.81765e-06
9.78692e-06
9.75289e-06
9.62136e-06
9.65494e-06
9.68466e-06
9.69993e-06
9.70601e-06
9.70918e-06
9.70807e-06
9.70797e-06
9.7064e-06
9.70603e-06
9.70498e-06
9.70478e-06
9.70412e-06
9.70406e-06
9.70365e-06
9.70367e-06
9.70341e-06
9.70347e-06
9.70331e-06
9.70336e-06
9.70326e-06
9.70329e-06
9.70323e-06
9.70325e-06
9.70323e-06
9.70323e-06
9.70325e-06
9.70323e-06
9.70329e-06
9.70326e-06
9.70336e-06
9.70331e-06
9.70347e-06
9.70341e-06
9.70367e-06
9.70365e-06
9.70406e-06
9.70412e-06
9.70478e-06
9.70498e-06
9.70603e-06
9.7064e-06
9.70797e-06
9.70807e-06
9.70917e-06
9.706e-06
9.69992e-06
9.68466e-06
9.65494e-06
9.62135e-06
9.49166e-06
9.52478e-06
9.55346e-06
9.56816e-06
9.57392e-06
9.5769e-06
9.57573e-06
9.57555e-06
9.57395e-06
9.57355e-06
9.57248e-06
9.57227e-06
9.5716e-06
9.57152e-06
9.57111e-06
9.57112e-06
9.57087e-06
9.57092e-06
9.57077e-06
9.57081e-06
9.57071e-06
9.57074e-06
9.57068e-06
9.5707e-06
9.57068e-06
9.57068e-06
9.5707e-06
9.57068e-06
9.57074e-06
9.57071e-06
9.57081e-06
9.57076e-06
9.57092e-06
9.57087e-06
9.57112e-06
9.57111e-06
9.57152e-06
9.5716e-06
9.57227e-06
9.57248e-06
9.57355e-06
9.57395e-06
9.57554e-06
9.57572e-06
9.57689e-06
9.57391e-06
9.56815e-06
9.55346e-06
9.52478e-06
9.49165e-06
9.3637e-06
9.39632e-06
9.42396e-06
9.43809e-06
9.44352e-06
9.44631e-06
9.44506e-06
9.44481e-06
9.44319e-06
9.44275e-06
9.44167e-06
9.44143e-06
9.44076e-06
9.44067e-06
9.44026e-06
9.44026e-06
9.44e-06
9.44005e-06
9.4399e-06
9.43994e-06
9.43984e-06
9.43986e-06
9.43981e-06
9.43982e-06
9.43981e-06
9.43981e-06
9.43982e-06
9.43981e-06
9.43986e-06
9.43984e-06
9.43994e-06
9.4399e-06
9.44005e-06
9.44001e-06
9.44026e-06
9.44026e-06
9.44067e-06
9.44076e-06
9.44143e-06
9.44167e-06
9.44275e-06
9.44319e-06
9.44481e-06
9.44506e-06
9.44631e-06
9.44351e-06
9.43808e-06
9.42395e-06
9.39632e-06
9.36369e-06
9.2374e-06
9.26946e-06
9.29606e-06
9.30962e-06
9.31472e-06
9.31731e-06
9.31598e-06
9.31566e-06
9.31402e-06
9.31353e-06
9.31244e-06
9.31218e-06
9.3115e-06
9.3114e-06
9.31099e-06
9.31098e-06
9.31073e-06
9.31077e-06
9.31061e-06
9.31065e-06
9.31055e-06
9.31058e-06
9.31052e-06
9.31054e-06
9.31052e-06
9.31052e-06
9.31054e-06
9.31052e-06
9.31058e-06
9.31055e-06
9.31065e-06
9.31061e-06
9.31077e-06
9.31073e-06
9.31098e-06
9.31099e-06
9.3114e-06
9.3115e-06
9.31218e-06
9.31244e-06
9.31353e-06
9.31401e-06
9.31565e-06
9.31598e-06
9.31731e-06
9.31471e-06
9.30961e-06
9.29605e-06
9.26946e-06
9.23739e-06
9.11266e-06
9.14409e-06
9.16965e-06
9.18265e-06
9.18742e-06
9.18981e-06
9.1884e-06
9.188e-06
9.18633e-06
9.18581e-06
9.18471e-06
9.18443e-06
9.18374e-06
9.18363e-06
9.18321e-06
9.1832e-06
9.18294e-06
9.18298e-06
9.18283e-06
9.18286e-06
9.18276e-06
9.18279e-06
9.18273e-06
9.18275e-06
9.18273e-06
9.18273e-06
9.18275e-06
9.18273e-06
9.18279e-06
9.18276e-06
9.18286e-06
9.18282e-06
9.18298e-06
9.18294e-06
9.1832e-06
9.18321e-06
9.18363e-06
9.18374e-06
9.18442e-06
9.18471e-06
9.18581e-06
9.18633e-06
9.188e-06
9.18839e-06
9.18981e-06
9.18741e-06
9.18265e-06
9.16965e-06
9.14409e-06
9.11265e-06
8.9894e-06
9.02012e-06
9.04467e-06
9.05711e-06
9.06154e-06
9.06372e-06
9.06222e-06
9.06174e-06
9.06005e-06
9.05949e-06
9.05838e-06
9.05807e-06
9.05738e-06
9.05726e-06
9.05684e-06
9.05682e-06
9.05656e-06
9.0566e-06
9.05644e-06
9.05647e-06
9.05637e-06
9.0564e-06
9.05634e-06
9.05636e-06
9.05634e-06
9.05634e-06
9.05636e-06
9.05634e-06
9.0564e-06
9.05637e-06
9.05647e-06
9.05644e-06
9.0566e-06
9.05656e-06
9.05682e-06
9.05684e-06
9.05726e-06
9.05738e-06
9.05807e-06
9.05838e-06
9.05949e-06
9.06005e-06
9.06174e-06
9.06222e-06
9.06372e-06
9.06153e-06
9.0571e-06
9.04466e-06
9.02012e-06
8.98939e-06
8.86752e-06
8.89745e-06
8.921e-06
8.9329e-06
8.93697e-06
8.93895e-06
8.93736e-06
8.93681e-06
8.93509e-06
8.93449e-06
8.93336e-06
8.93304e-06
8.93234e-06
8.9322e-06
8.93178e-06
8.93176e-06
8.9315e-06
8.93153e-06
8.93137e-06
8.9314e-06
8.9313e-06
8.93133e-06
8.93127e-06
8.93129e-06
8.93127e-06
8.93127e-06
8.93129e-06
8.93127e-06
8.93133e-06
8.9313e-06
8.9314e-06
8.93137e-06
8.93153e-06
8.9315e-06
8.93176e-06
8.93178e-06
8.93221e-06
8.93234e-06
8.93304e-06
8.93336e-06
8.93449e-06
8.93509e-06
8.93681e-06
8.93736e-06
8.93894e-06
8.93697e-06
8.9329e-06
8.921e-06
8.89745e-06
8.86751e-06
8.74694e-06
8.77602e-06
8.79858e-06
8.80995e-06
8.81365e-06
8.81542e-06
8.81374e-06
8.81311e-06
8.81136e-06
8.81073e-06
8.80958e-06
8.80924e-06
8.80853e-06
8.80839e-06
8.80796e-06
8.80793e-06
8.80767e-06
8.8077e-06
8.80754e-06
8.80757e-06
8.80747e-06
8.80749e-06
8.80744e-06
8.80745e-06
8.80743e-06
8.80743e-06
8.80745e-06
8.80744e-06
8.80749e-06
8.80747e-06
8.80757e-06
8.80754e-06
8.8077e-06
8.80767e-06
8.80793e-06
8.80796e-06
8.80839e-06
8.80853e-06
8.80924e-06
8.80958e-06
8.81073e-06
8.81136e-06
8.8131e-06
8.81373e-06
8.81541e-06
8.81364e-06
8.80994e-06
8.79858e-06
8.77602e-06
8.74693e-06
8.62756e-06
8.65574e-06
8.67732e-06
8.68816e-06
8.69149e-06
8.69304e-06
8.69127e-06
8.69056e-06
8.68879e-06
8.68811e-06
8.68696e-06
8.68659e-06
8.68588e-06
8.68572e-06
8.68529e-06
8.68526e-06
8.685e-06
8.68502e-06
8.68486e-06
8.68489e-06
8.68479e-06
8.68481e-06
8.68475e-06
8.68477e-06
8.68475e-06
8.68475e-06
8.68477e-06
8.68476e-06
8.68481e-06
8.68479e-06
8.68489e-06
8.68486e-06
8.68502e-06
8.685e-06
8.68526e-06
8.68529e-06
8.68572e-06
8.68588e-06
8.68659e-06
8.68696e-06
8.68811e-06
8.68879e-06
8.69056e-06
8.69126e-06
8.69303e-06
8.69148e-06
8.68816e-06
8.67731e-06
8.65573e-06
8.62755e-06
8.50929e-06
8.53653e-06
8.55713e-06
8.56746e-06
8.5704e-06
8.57174e-06
8.56987e-06
8.56909e-06
8.56729e-06
8.56658e-06
8.56541e-06
8.56502e-06
8.5643e-06
8.56413e-06
8.5637e-06
8.56366e-06
8.5634e-06
8.56342e-06
8.56326e-06
8.56328e-06
8.56318e-06
8.5632e-06
8.56315e-06
8.56316e-06
8.56315e-06
8.56315e-06
8.56316e-06
8.56315e-06
8.5632e-06
8.56318e-06
8.56328e-06
8.56326e-06
8.56342e-06
8.5634e-06
8.56366e-06
8.5637e-06
8.56414e-06
8.5643e-06
8.56502e-06
8.56541e-06
8.56657e-06
8.56728e-06
8.56908e-06
8.56987e-06
8.57173e-06
8.5704e-06
8.56745e-06
8.55713e-06
8.53653e-06
8.50928e-06
8.39204e-06
8.41832e-06
8.43795e-06
8.44776e-06
8.45033e-06
8.45144e-06
8.44948e-06
8.44861e-06
8.44678e-06
8.44603e-06
8.44485e-06
8.44444e-06
8.44372e-06
8.44354e-06
8.44311e-06
8.44306e-06
8.44279e-06
8.44281e-06
8.44265e-06
8.44268e-06
8.44258e-06
8.4426e-06
8.44254e-06
8.44255e-06
8.44254e-06
8.44254e-06
8.44255e-06
8.44254e-06
8.44259e-06
8.44258e-06
8.44268e-06
8.44265e-06
8.44281e-06
8.44279e-06
8.44306e-06
8.44311e-06
8.44354e-06
8.44372e-06
8.44444e-06
8.44485e-06
8.44603e-06
8.44678e-06
8.44861e-06
8.44947e-06
8.45143e-06
8.45032e-06
8.44775e-06
8.43795e-06
8.41832e-06
8.39203e-06
8.27573e-06
8.30104e-06
8.31969e-06
8.32898e-06
8.33118e-06
8.33205e-06
8.33e-06
8.32905e-06
8.3272e-06
8.32641e-06
8.32522e-06
8.32479e-06
8.32406e-06
8.32387e-06
8.32343e-06
8.32338e-06
8.32311e-06
8.32312e-06
8.32296e-06
8.32299e-06
8.32289e-06
8.32291e-06
8.32285e-06
8.32286e-06
8.32285e-06
8.32285e-06
8.32286e-06
8.32285e-06
8.32291e-06
8.32289e-06
8.32299e-06
8.32296e-06
8.32312e-06
8.32311e-06
8.32338e-06
8.32343e-06
8.32387e-06
8.32406e-06
8.32479e-06
8.32522e-06
8.32641e-06
8.32719e-06
8.32905e-06
8.32999e-06
8.33205e-06
8.33117e-06
8.32898e-06
8.31969e-06
8.30103e-06
8.27572e-06
8.16027e-06
8.18457e-06
8.20233e-06
8.21106e-06
8.21287e-06
8.21351e-06
8.21136e-06
8.21034e-06
8.20845e-06
8.20763e-06
8.20642e-06
8.20597e-06
8.20524e-06
8.20504e-06
8.2046e-06
8.20454e-06
8.20427e-06
8.20428e-06
8.20412e-06
8.20414e-06
8.20404e-06
8.20406e-06
8.204e-06
8.20402e-06
8.204e-06
8.204e-06
8.20402e-06
8.204e-06
8.20406e-06
8.20404e-06
8.20414e-06
8.20412e-06
8.20428e-06
8.20427e-06
8.20454e-06
8.2046e-06
8.20504e-06
8.20524e-06
8.20597e-06
8.20642e-06
8.20763e-06
8.20845e-06
8.21033e-06
8.21136e-06
8.21351e-06
8.21287e-06
8.21105e-06
8.20233e-06
8.18457e-06
8.16026e-06
8.04557e-06
8.06891e-06
8.08572e-06
8.09391e-06
8.09535e-06
8.09574e-06
8.09349e-06
8.09238e-06
8.09047e-06
8.08961e-06
8.08839e-06
8.08793e-06
8.08719e-06
8.08698e-06
8.08653e-06
8.08647e-06
8.0862e-06
8.0862e-06
8.08604e-06
8.08606e-06
8.08596e-06
8.08598e-06
8.08592e-06
8.08594e-06
8.08592e-06
8.08592e-06
8.08594e-06
8.08592e-06
8.08598e-06
8.08596e-06
8.08606e-06
8.08604e-06
8.0862e-06
8.0862e-06
8.08647e-06
8.08653e-06
8.08698e-06
8.08719e-06
8.08793e-06
8.08839e-06
8.08961e-06
8.09047e-06
8.09238e-06
8.09348e-06
8.09573e-06
8.09534e-06
8.0939e-06
8.08572e-06
8.0689e-06
8.04556e-06
7.93155e-06
7.95395e-06
7.96979e-06
7.97745e-06
7.97851e-06
7.97865e-06
7.9763e-06
7.97512e-06
7.97318e-06
7.97228e-06
7.97105e-06
7.97057e-06
7.96982e-06
7.9696e-06
7.96916e-06
7.96909e-06
7.96882e-06
7.96882e-06
7.96866e-06
7.96867e-06
7.96857e-06
7.96859e-06
7.96853e-06
7.96855e-06
7.96853e-06
7.96853e-06
7.96855e-06
7.96854e-06
7.96859e-06
7.96857e-06
7.96867e-06
7.96866e-06
7.96882e-06
7.96882e-06
7.96909e-06
7.96916e-06
7.9696e-06
7.96982e-06
7.97057e-06
7.97105e-06
7.97228e-06
7.97318e-06
7.97511e-06
7.9763e-06
7.97864e-06
7.9785e-06
7.97744e-06
7.96978e-06
7.95395e-06
7.93154e-06
7.81814e-06
7.83963e-06
7.85446e-06
7.8616e-06
7.86229e-06
7.86217e-06
7.85973e-06
7.85846e-06
7.8565e-06
7.85557e-06
7.85433e-06
7.85382e-06
7.85307e-06
7.85284e-06
7.85239e-06
7.85232e-06
7.85205e-06
7.85204e-06
7.85188e-06
7.8519e-06
7.8518e-06
7.85181e-06
7.85176e-06
7.85177e-06
7.85175e-06
7.85175e-06
7.85177e-06
7.85176e-06
7.85181e-06
7.8518e-06
7.8519e-06
7.85188e-06
7.85204e-06
7.85205e-06
7.85232e-06
7.85239e-06
7.85284e-06
7.85307e-06
7.85382e-06
7.85433e-06
7.85556e-06
7.8565e-06
7.85846e-06
7.85972e-06
7.86216e-06
7.86229e-06
7.86159e-06
7.85445e-06
7.83963e-06
7.81813e-06
7.70526e-06
7.72586e-06
7.73965e-06
7.74629e-06
7.74661e-06
7.74622e-06
7.74368e-06
7.74233e-06
7.74035e-06
7.73938e-06
7.73813e-06
7.73761e-06
7.73685e-06
7.73661e-06
7.73616e-06
7.73608e-06
7.73581e-06
7.7358e-06
7.73564e-06
7.73566e-06
7.73556e-06
7.73557e-06
7.73551e-06
7.73553e-06
7.73551e-06
7.73551e-06
7.73553e-06
7.73551e-06
7.73557e-06
7.73555e-06
7.73565e-06
7.73564e-06
7.7358e-06
7.73581e-06
7.73608e-06
7.73616e-06
7.73661e-06
7.73685e-06
7.73761e-06
7.73813e-06
7.73938e-06
7.74034e-06
7.74233e-06
7.74368e-06
7.74621e-06
7.74661e-06
7.74628e-06
7.73964e-06
7.72585e-06
7.70525e-06
7.59283e-06
7.61255e-06
7.62528e-06
7.63142e-06
7.63139e-06
7.63072e-06
7.62808e-06
7.62666e-06
7.62465e-06
7.62365e-06
7.62239e-06
7.62185e-06
7.62109e-06
7.62084e-06
7.62038e-06
7.6203e-06
7.62003e-06
7.62002e-06
7.61985e-06
7.61987e-06
7.61977e-06
7.61978e-06
7.61973e-06
7.61974e-06
7.61972e-06
7.61972e-06
7.61974e-06
7.61973e-06
7.61978e-06
7.61977e-06
7.61987e-06
7.61985e-06
7.62002e-06
7.62003e-06
7.6203e-06
7.62038e-06
7.62084e-06
7.62109e-06
7.62184e-06
7.62239e-06
7.62364e-06
7.62464e-06
7.62665e-06
7.62808e-06
7.63071e-06
7.63138e-06
7.63142e-06
7.62527e-06
7.61254e-06
7.59282e-06
7.48461e-06
7.50361e-06
7.51527e-06
7.52099e-06
7.52059e-06
7.51964e-06
7.5169e-06
7.5154e-06
7.51336e-06
7.51233e-06
7.51106e-06
7.5105e-06
7.50974e-06
7.50948e-06
7.50902e-06
7.50893e-06
7.50866e-06
7.50865e-06
7.50848e-06
7.50849e-06
7.50839e-06
7.50841e-06
7.50835e-06
7.50836e-06
7.50835e-06
7.50835e-06
7.50836e-06
7.50835e-06
7.50841e-06
7.50839e-06
7.50849e-06
7.50848e-06
7.50865e-06
7.50866e-06
7.50893e-06
7.50902e-06
7.50948e-06
7.50974e-06
7.5105e-06
7.51106e-06
7.51233e-06
7.51336e-06
7.5154e-06
7.5169e-06
7.51964e-06
7.52059e-06
7.52098e-06
7.51526e-06
7.5036e-06
7.4846e-06
7.37536e-06
7.39373e-06
7.40398e-06
7.40907e-06
7.40804e-06
7.40661e-06
7.40362e-06
7.40196e-06
7.39983e-06
7.39872e-06
7.3974e-06
7.39681e-06
7.39601e-06
7.39574e-06
7.39526e-06
7.39516e-06
7.39488e-06
7.39487e-06
7.3947e-06
7.39471e-06
7.3946e-06
7.39462e-06
7.39456e-06
7.39457e-06
7.39455e-06
7.39455e-06
7.39457e-06
7.39456e-06
7.39462e-06
7.3946e-06
7.39471e-06
7.3947e-06
7.39487e-06
7.39488e-06
7.39516e-06
7.39527e-06
7.39574e-06
7.39601e-06
7.39681e-06
7.3974e-06
7.39872e-06
7.39982e-06
7.40196e-06
7.40362e-06
7.40661e-06
7.40804e-06
7.40907e-06
7.40397e-06
7.39373e-06
7.37535e-06
7.26426e-06
7.28181e-06
7.29093e-06
7.29557e-06
7.29417e-06
7.29241e-06
7.28932e-06
7.28757e-06
7.28541e-06
7.28427e-06
7.28294e-06
7.28233e-06
7.28153e-06
7.28125e-06
7.28077e-06
7.28067e-06
7.28038e-06
7.28036e-06
7.2802e-06
7.2802e-06
7.2801e-06
7.28011e-06
7.28006e-06
7.28007e-06
7.28005e-06
7.28005e-06
7.28007e-06
7.28006e-06
7.28011e-06
7.2801e-06
7.2802e-06
7.28019e-06
7.28036e-06
7.28038e-06
7.28067e-06
7.28077e-06
7.28125e-06
7.28153e-06
7.28233e-06
7.28294e-06
7.28427e-06
7.28541e-06
7.28757e-06
7.28931e-06
7.2924e-06
7.29417e-06
7.29556e-06
7.29093e-06
7.28181e-06
7.26425e-06
7.15332e-06
7.17005e-06
7.17807e-06
7.18223e-06
7.18048e-06
7.17836e-06
7.17517e-06
7.17334e-06
7.17116e-06
7.16999e-06
7.16865e-06
7.16802e-06
7.16722e-06
7.16692e-06
7.16645e-06
7.16634e-06
7.16605e-06
7.16603e-06
7.16586e-06
7.16587e-06
7.16576e-06
7.16578e-06
7.16572e-06
7.16573e-06
7.16571e-06
7.16571e-06
7.16573e-06
7.16572e-06
7.16577e-06
7.16576e-06
7.16587e-06
7.16586e-06
7.16603e-06
7.16605e-06
7.16634e-06
7.16645e-06
7.16692e-06
7.16722e-06
7.16802e-06
7.16865e-06
7.16998e-06
7.17116e-06
7.17334e-06
7.17516e-06
7.17835e-06
7.18048e-06
7.18222e-06
7.17807e-06
7.17004e-06
7.15331e-06
7.04247e-06
7.05834e-06
7.06532e-06
7.06899e-06
7.06689e-06
7.06438e-06
7.0611e-06
7.05919e-06
7.05699e-06
7.05578e-06
7.05443e-06
7.05379e-06
7.05299e-06
7.05268e-06
7.05221e-06
7.05209e-06
7.05181e-06
7.05178e-06
7.05161e-06
7.05161e-06
7.05151e-06
7.05152e-06
7.05147e-06
7.05148e-06
7.05146e-06
7.05146e-06
7.05148e-06
7.05147e-06
7.05152e-06
7.05151e-06
7.05161e-06
7.05161e-06
7.05178e-06
7.05181e-06
7.05209e-06
7.05221e-06
7.05268e-06
7.05299e-06
7.05379e-06
7.05443e-06
7.05578e-06
7.05698e-06
7.05918e-06
7.06109e-06
7.06437e-06
7.06689e-06
7.06898e-06
7.06532e-06
7.05833e-06
7.04246e-06
6.93161e-06
6.94663e-06
6.95257e-06
6.95575e-06
6.95332e-06
6.95039e-06
6.94702e-06
6.94503e-06
6.94281e-06
6.94157e-06
6.94022e-06
6.93956e-06
6.93875e-06
6.93844e-06
6.93796e-06
6.93784e-06
6.93756e-06
6.93753e-06
6.93736e-06
6.93736e-06
6.93726e-06
6.93727e-06
6.93721e-06
6.93722e-06
6.9372e-06
6.9372e-06
6.93722e-06
6.93721e-06
6.93727e-06
6.93726e-06
6.93736e-06
6.93736e-06
6.93753e-06
6.93756e-06
6.93784e-06
6.93796e-06
6.93844e-06
6.93875e-06
6.93956e-06
6.94022e-06
6.94157e-06
6.9428e-06
6.94502e-06
6.94701e-06
6.95038e-06
6.95331e-06
6.95574e-06
6.95257e-06
6.94662e-06
6.9316e-06
6.82438e-06
6.83866e-06
6.8436e-06
6.84632e-06
6.84356e-06
6.84019e-06
6.83672e-06
6.83466e-06
6.83242e-06
6.83115e-06
6.82979e-06
6.82911e-06
6.8283e-06
6.82798e-06
6.8275e-06
6.82738e-06
6.82709e-06
6.82706e-06
6.82689e-06
6.82689e-06
6.82679e-06
6.8268e-06
6.82675e-06
6.82675e-06
6.82674e-06
6.82674e-06
6.82675e-06
6.82675e-06
6.8268e-06
6.82679e-06
6.82689e-06
6.82689e-06
6.82706e-06
6.82709e-06
6.82738e-06
6.82751e-06
6.82798e-06
6.8283e-06
6.82911e-06
6.82979e-06
6.83114e-06
6.83241e-06
6.83465e-06
6.83672e-06
6.84018e-06
6.84355e-06
6.84631e-06
6.84359e-06
6.83865e-06
6.82437e-06
6.71723e-06
6.73075e-06
6.73473e-06
6.73698e-06
6.7339e-06
6.73005e-06
6.7265e-06
6.7243e-06
6.72189e-06
6.72051e-06
6.71906e-06
6.71833e-06
6.71747e-06
6.71712e-06
6.71661e-06
6.71647e-06
6.71617e-06
6.71614e-06
6.71596e-06
6.71596e-06
6.71585e-06
6.71586e-06
6.7158e-06
6.71581e-06
6.71579e-06
6.71579e-06
6.71581e-06
6.7158e-06
6.71585e-06
6.71585e-06
6.71595e-06
6.71596e-06
6.71614e-06
6.71617e-06
6.71647e-06
6.71661e-06
6.71712e-06
6.71747e-06
6.71833e-06
6.71905e-06
6.7205e-06
6.72188e-06
6.7243e-06
6.72649e-06
6.73005e-06
6.7339e-06
6.73697e-06
6.73472e-06
6.73074e-06
6.71721e-06
6.60688e-06
6.61967e-06
6.62259e-06
6.62429e-06
6.62081e-06
6.61633e-06
6.61263e-06
6.61031e-06
6.60784e-06
6.60639e-06
6.60491e-06
6.60416e-06
6.60328e-06
6.60292e-06
6.6024e-06
6.60226e-06
6.60195e-06
6.60191e-06
6.60173e-06
6.60172e-06
6.60161e-06
6.60162e-06
6.60156e-06
6.60157e-06
6.60155e-06
6.60155e-06
6.60157e-06
6.60156e-06
6.60162e-06
6.60161e-06
6.60172e-06
6.60173e-06
6.60191e-06
6.60195e-06
6.60226e-06
6.6024e-06
6.60292e-06
6.60328e-06
6.60416e-06
6.60491e-06
6.60639e-06
6.60783e-06
6.61031e-06
6.61263e-06
6.61632e-06
6.6208e-06
6.62428e-06
6.62258e-06
6.61966e-06
6.60687e-06
6.49579e-06
6.50769e-06
6.50969e-06
6.51087e-06
6.50715e-06
6.50588e-06
6.50211e-06
6.49971e-06
6.49721e-06
6.49573e-06
6.49424e-06
6.49347e-06
6.49259e-06
6.49222e-06
6.4917e-06
6.49155e-06
6.49124e-06
6.49119e-06
6.49101e-06
6.49101e-06
6.4909e-06
6.4909e-06
6.49084e-06
6.49085e-06
6.49083e-06
6.49083e-06
6.49085e-06
6.49084e-06
6.4909e-06
6.4909e-06
6.49101e-06
6.49101e-06
6.49119e-06
6.49124e-06
6.49155e-06
6.4917e-06
6.49222e-06
6.49259e-06
6.49347e-06
6.49424e-06
6.49573e-06
6.4972e-06
6.49971e-06
6.50211e-06
6.50587e-06
6.50714e-06
6.51087e-06
6.50968e-06
6.50768e-06
6.49578e-06
6.388e-06
6.39912e-06
6.4002e-06
6.40092e-06
6.39692e-06
6.39529e-06
6.39146e-06
6.38898e-06
6.38645e-06
6.38494e-06
6.38344e-06
6.38265e-06
6.38176e-06
6.38138e-06
6.38086e-06
6.38071e-06
6.3804e-06
6.38035e-06
6.38017e-06
6.38016e-06
6.38005e-06
6.38006e-06
6.38e-06
6.38001e-06
6.37999e-06
6.37999e-06
6.38001e-06
6.38e-06
6.38006e-06
6.38005e-06
6.38016e-06
6.38017e-06
6.38035e-06
6.3804e-06
6.38071e-06
6.38086e-06
6.38139e-06
6.38176e-06
6.38265e-06
6.38344e-06
6.38494e-06
6.38644e-06
6.38897e-06
6.39145e-06
6.39529e-06
6.39691e-06
6.40091e-06
6.40019e-06
6.39911e-06
6.38799e-06
6.27938e-06
6.29004e-06
6.29002e-06
6.29006e-06
6.28542e-06
6.28329e-06
6.27919e-06
6.27653e-06
6.27388e-06
6.27229e-06
6.27073e-06
6.2699e-06
6.26898e-06
6.26858e-06
6.26804e-06
6.26788e-06
6.26756e-06
6.2675e-06
6.26731e-06
6.26731e-06
6.26719e-06
6.2672e-06
6.26714e-06
6.26715e-06
6.26713e-06
6.26713e-06
6.26715e-06
6.26714e-06
6.2672e-06
6.26719e-06
6.26731e-06
6.26731e-06
6.26751e-06
6.26756e-06
6.26788e-06
6.26804e-06
6.26858e-06
6.26898e-06
6.2699e-06
6.27073e-06
6.27229e-06
6.27387e-06
6.27653e-06
6.27919e-06
6.28328e-06
6.28541e-06
6.29006e-06
6.29001e-06
6.29003e-06
6.27937e-06
6.17106e-06
6.18097e-06
6.18004e-06
6.17961e-06
6.17465e-06
6.17219e-06
6.16801e-06
6.16526e-06
6.16258e-06
6.16096e-06
6.15939e-06
6.15854e-06
6.15762e-06
6.15721e-06
6.15666e-06
6.1565e-06
6.15617e-06
6.15612e-06
6.15593e-06
6.15592e-06
6.15581e-06
6.15581e-06
6.15575e-06
6.15576e-06
6.15574e-06
6.15574e-06
6.15576e-06
6.15575e-06
6.15581e-06
6.15581e-06
6.15592e-06
6.15593e-06
6.15612e-06
6.15618e-06
6.1565e-06
6.15667e-06
6.15721e-06
6.15762e-06
6.15854e-06
6.15938e-06
6.16096e-06
6.16258e-06
6.16526e-06
6.168e-06
6.17219e-06
6.17464e-06
6.17961e-06
6.18004e-06
6.18096e-06
6.17105e-06
6.06243e-06
6.07157e-06
6.06977e-06
6.06886e-06
6.06355e-06
6.06079e-06
6.05652e-06
6.0537e-06
6.05099e-06
6.04933e-06
6.04775e-06
6.04689e-06
6.04596e-06
6.04554e-06
6.045e-06
6.04482e-06
6.0445e-06
6.04444e-06
6.04425e-06
6.04424e-06
6.04413e-06
6.04413e-06
6.04407e-06
6.04408e-06
6.04406e-06
6.04406e-06
6.04408e-06
6.04407e-06
6.04413e-06
6.04413e-06
6.04424e-06
6.04425e-06
6.04444e-06
6.0445e-06
6.04483e-06
6.045e-06
6.04555e-06
6.04596e-06
6.04689e-06
6.04775e-06
6.04933e-06
6.05099e-06
6.05369e-06
6.05651e-06
6.06079e-06
6.06355e-06
6.06885e-06
6.06976e-06
6.07156e-06
6.06242e-06
5.93223e-06
5.93222e-06
5.93211e-06
5.93211e-06
5.93205e-06
5.93206e-06
5.93204e-06
5.93204e-06
5.93206e-06
5.93205e-06
5.93211e-06
5.93211e-06
5.93222e-06
5.93223e-06
5.93243e-06
5.93249e-06
5.93281e-06
5.93299e-06
5.93354e-06
5.93396e-06
5.9349e-06
5.93577e-06
5.93736e-06
5.93905e-06
5.94178e-06
5.94468e-06
5.94905e-06
5.95209e-06
5.95774e-06
5.95913e-06
5.96179e-06
5.95341e-06
5.81972e-06
5.81971e-06
5.81983e-06
5.81984e-06
5.82004e-06
5.8201e-06
5.82043e-06
5.8206e-06
5.82116e-06
5.82158e-06
5.82252e-06
5.82341e-06
5.82501e-06
5.82673e-06
5.82949e-06
5.83247e-06
5.83692e-06
5.84023e-06
5.84624e-06
5.84809e-06
5.8516e-06
5.84398e-06
5.71225e-06
5.714e-06
5.71678e-06
5.71983e-06
5.72437e-06
5.72793e-06
5.73431e-06
5.73662e-06
5.74096e-06
5.7341e-06
)
;

boundaryField
{
    fuel
    {
        type            fixedValue;
        value           nonuniform 0();
    }
    wall
    {
        type            zeroGradient;
    }
    outlet
    {
        type            zeroGradient;
    }
    frontAndBack
    {
        type            empty;
    }
    procBoundary0to1
    {
        type            processor;
        value           nonuniform List<scalar> 
50
(
1.07334e-05
1.0771e-05
1.08082e-05
1.08278e-05
1.0836e-05
1.08404e-05
1.08398e-05
1.08402e-05
1.08388e-05
1.08387e-05
1.08378e-05
1.08378e-05
1.08371e-05
1.08372e-05
1.08368e-05
1.08369e-05
1.08366e-05
1.08367e-05
1.08365e-05
1.08366e-05
1.08365e-05
1.08365e-05
1.08365e-05
1.08365e-05
1.08365e-05
1.08365e-05
1.08365e-05
1.08365e-05
1.08365e-05
1.08365e-05
1.08366e-05
1.08365e-05
1.08367e-05
1.08366e-05
1.08369e-05
1.08368e-05
1.08372e-05
1.08371e-05
1.08378e-05
1.08378e-05
1.08387e-05
1.08388e-05
1.08402e-05
1.08398e-05
1.08404e-05
1.0836e-05
1.08278e-05
1.08081e-05
1.0771e-05
1.07334e-05
)
;
    }
    procBoundary0to2
    {
        type            processor;
        value           nonuniform List<scalar> 
53
(
5.95342e-06
5.9618e-06
5.95913e-06
5.95775e-06
5.9521e-06
5.94905e-06
5.94469e-06
5.94179e-06
5.93905e-06
5.93736e-06
5.93577e-06
5.9349e-06
5.93396e-06
5.93354e-06
5.93299e-06
5.93281e-06
5.93249e-06
5.93243e-06
5.93243e-06
5.81984e-06
5.81983e-06
5.81972e-06
5.81972e-06
5.81966e-06
5.81966e-06
5.81965e-06
5.81965e-06
5.81966e-06
5.81966e-06
5.81966e-06
5.70692e-06
5.70691e-06
5.70703e-06
5.70704e-06
5.70724e-06
5.7073e-06
5.70763e-06
5.70781e-06
5.70837e-06
5.7088e-06
5.70974e-06
5.71064e-06
5.71064e-06
5.59905e-06
5.60083e-06
5.60362e-06
5.60675e-06
5.61138e-06
5.61516e-06
5.62193e-06
5.62469e-06
5.62984e-06
5.62374e-06
)
;
    }
}


// ************************************************************************* //
