/*--------------------------------*- C++ -*----------------------------------*\
| =========                 |                                                 |
| \\      /  F ield         | OpenFOAM: The Open Source CFD Toolbox           |
|  \\    /   O peration     | Version:  dev                                   |
|   \\  /    A nd           | Web:      www.OpenFOAM.org                      |
|    \\/     M anipulation  |                                                 |
\*---------------------------------------------------------------------------*/
FoamFile
{
    version     2.0;
    format      ascii;
    class       volScalarField;
    location    "0.025";
    object      C6H8;
}
// * * * * * * * * * * * * * * * * * * * * * * * * * * * * * * * * * * * * * //

dimensions      [0 0 0 0 0 0 0];

internalField   nonuniform List<scalar> 
1997
(
9.51243e-13
9.52908e-13
9.5414e-13
9.55163e-13
9.55674e-13
9.55907e-13
9.55842e-13
9.5562e-13
9.55225e-13
9.54715e-13
9.54131e-13
9.53493e-13
9.52829e-13
9.52205e-13
9.51513e-13
9.50946e-13
9.50349e-13
9.49868e-13
9.46336e-13
9.4793e-13
9.49113e-13
9.50087e-13
9.50563e-13
9.50771e-13
9.50685e-13
9.50442e-13
9.5003e-13
9.49503e-13
9.48905e-13
9.48246e-13
9.47569e-13
9.46936e-13
9.46237e-13
9.4566e-13
9.45052e-13
9.44566e-13
9.44094e-13
9.43713e-13
9.4337e-13
9.43112e-13
9.42902e-13
9.42768e-13
9.42698e-13
9.42699e-13
9.42771e-13
9.42907e-13
9.41714e-13
9.43235e-13
9.44362e-13
9.45281e-13
9.45717e-13
9.45895e-13
9.45785e-13
9.45521e-13
9.45092e-13
9.4455e-13
9.43938e-13
9.43262e-13
9.42572e-13
9.41931e-13
9.41226e-13
9.40641e-13
9.40023e-13
9.39533e-13
9.39057e-13
9.38672e-13
9.38326e-13
9.38064e-13
9.37851e-13
9.37716e-13
9.37644e-13
9.37645e-13
9.37718e-13
9.37856e-13
9.38064e-13
9.38327e-13
9.3867e-13
9.39053e-13
9.39529e-13
9.40026e-13
9.40619e-13
9.41202e-13
9.41897e-13
9.42535e-13
9.43204e-13
9.4387e-13
9.37339e-13
9.38783e-13
9.39846e-13
9.40702e-13
9.41092e-13
9.41237e-13
9.41101e-13
9.40814e-13
9.40367e-13
9.39815e-13
9.39187e-13
9.38497e-13
9.37794e-13
9.3715e-13
9.36438e-13
9.35846e-13
9.35222e-13
9.34728e-13
9.34247e-13
9.33859e-13
9.33508e-13
9.33244e-13
9.33029e-13
9.32892e-13
9.3282e-13
9.32821e-13
9.32894e-13
9.33034e-13
9.33246e-13
9.33512e-13
9.33859e-13
9.34245e-13
9.34727e-13
9.35227e-13
9.35828e-13
9.36418e-13
9.37119e-13
9.37762e-13
9.38442e-13
9.39125e-13
9.39743e-13
9.40291e-13
9.40722e-13
9.40998e-13
9.41121e-13
9.40974e-13
9.40576e-13
9.39712e-13
9.38638e-13
9.37184e-13
9.33167e-13
9.34528e-13
9.35517e-13
9.36302e-13
9.3664e-13
9.3675e-13
9.36585e-13
9.36274e-13
9.3581e-13
9.3525e-13
9.34609e-13
9.33902e-13
9.3319e-13
9.32543e-13
9.31828e-13
9.31229e-13
9.30602e-13
9.30103e-13
9.29618e-13
9.29227e-13
9.28874e-13
9.28607e-13
9.2839e-13
9.28252e-13
9.28178e-13
9.28179e-13
9.28254e-13
9.28394e-13
9.28609e-13
9.28877e-13
9.29228e-13
9.29616e-13
9.30103e-13
9.30606e-13
9.31212e-13
9.31808e-13
9.32512e-13
9.33156e-13
9.33848e-13
9.34547e-13
9.35183e-13
9.35736e-13
9.36186e-13
9.36486e-13
9.36633e-13
9.36526e-13
9.3618e-13
9.35387e-13
9.34385e-13
9.33014e-13
9.29149e-13
9.30422e-13
9.31325e-13
9.3203e-13
9.32308e-13
9.32381e-13
9.32184e-13
9.31848e-13
9.31367e-13
9.30768e-13
9.30129e-13
9.29422e-13
9.28708e-13
9.28063e-13
9.27346e-13
9.2674e-13
9.26112e-13
9.2561e-13
9.25121e-13
9.24728e-13
9.24372e-13
9.24103e-13
9.23885e-13
9.23745e-13
9.23671e-13
9.23672e-13
9.23747e-13
9.23889e-13
9.24105e-13
9.24373e-13
9.24728e-13
9.25117e-13
9.25609e-13
9.26114e-13
9.26723e-13
9.27323e-13
9.2803e-13
9.28671e-13
9.29368e-13
9.30067e-13
9.30702e-13
9.31292e-13
9.31761e-13
9.32086e-13
9.32256e-13
9.32195e-13
9.31909e-13
9.31196e-13
9.3028e-13
9.28996e-13
9.25237e-13
9.26415e-13
9.27219e-13
9.2783e-13
9.2804e-13
9.28078e-13
9.27845e-13
9.27483e-13
9.26986e-13
9.26381e-13
9.25732e-13
9.25011e-13
9.24296e-13
9.23655e-13
9.22939e-13
9.22328e-13
9.21701e-13
9.21196e-13
9.20703e-13
9.20309e-13
9.19951e-13
9.1968e-13
9.19461e-13
9.1932e-13
9.19245e-13
9.19246e-13
9.19321e-13
9.19464e-13
9.19681e-13
9.1995e-13
9.20308e-13
9.20697e-13
9.21193e-13
9.21699e-13
9.22309e-13
9.22914e-13
9.2362e-13
9.24255e-13
9.24956e-13
9.25667e-13
9.26314e-13
9.26908e-13
9.27394e-13
9.27746e-13
9.27935e-13
9.27926e-13
9.2771e-13
9.27091e-13
9.26272e-13
9.25084e-13
9.21299e-13
9.22372e-13
9.23073e-13
9.23622e-13
9.23774e-13
9.23684e-13
9.23413e-13
9.23027e-13
9.22518e-13
9.21912e-13
9.21261e-13
9.2054e-13
9.19829e-13
9.1921e-13
9.18503e-13
9.17895e-13
9.17275e-13
9.16773e-13
9.16282e-13
9.15891e-13
9.15534e-13
9.15265e-13
9.15047e-13
9.14906e-13
9.14831e-13
9.14832e-13
9.14907e-13
9.15049e-13
9.15264e-13
9.15532e-13
9.15888e-13
9.16273e-13
9.16768e-13
9.1727e-13
9.17872e-13
9.18475e-13
9.19172e-13
9.19784e-13
9.20482e-13
9.21193e-13
9.21844e-13
9.22438e-13
9.22936e-13
9.23313e-13
9.2361e-13
9.23661e-13
9.23491e-13
9.22932e-13
9.22228e-13
9.21146e-13
9.17414e-13
9.18374e-13
9.18946e-13
9.19381e-13
9.1945e-13
9.19309e-13
9.18995e-13
9.18581e-13
9.18058e-13
9.17447e-13
9.16789e-13
9.16068e-13
9.15356e-13
9.14639e-13
9.13937e-13
9.13327e-13
9.12712e-13
9.12211e-13
9.11719e-13
9.11329e-13
9.10971e-13
9.10702e-13
9.10483e-13
9.10342e-13
9.10267e-13
9.10267e-13
9.10342e-13
9.10485e-13
9.107e-13
9.10966e-13
9.11324e-13
9.11707e-13
9.12203e-13
9.12703e-13
9.13302e-13
9.13905e-13
9.14599e-13
9.15308e-13
9.16008e-13
9.16719e-13
9.17376e-13
9.17974e-13
9.18488e-13
9.18893e-13
9.19219e-13
9.19337e-13
9.19252e-13
9.18807e-13
9.18231e-13
9.17262e-13
9.13452e-13
9.1429e-13
9.14715e-13
9.15027e-13
9.15004e-13
9.14799e-13
9.14436e-13
9.13991e-13
9.13456e-13
9.12843e-13
9.12182e-13
9.11464e-13
9.10752e-13
9.10057e-13
9.09361e-13
9.08752e-13
9.08143e-13
9.07645e-13
9.07154e-13
9.06767e-13
9.06409e-13
9.06141e-13
9.05922e-13
9.05781e-13
9.05706e-13
9.05706e-13
9.05781e-13
9.05923e-13
9.06137e-13
9.06402e-13
9.0676e-13
9.0714e-13
9.07636e-13
9.08132e-13
9.08725e-13
9.09327e-13
9.10014e-13
9.10701e-13
9.11402e-13
9.12111e-13
9.12769e-13
9.1337e-13
9.13897e-13
9.14333e-13
9.14699e-13
9.14893e-13
9.14898e-13
9.14577e-13
9.14147e-13
9.13302e-13
9.09252e-13
9.09962e-13
9.10222e-13
9.10414e-13
9.10307e-13
9.10044e-13
9.09655e-13
9.09197e-13
9.08651e-13
9.08036e-13
9.07379e-13
9.06665e-13
9.05955e-13
9.05277e-13
9.0459e-13
9.03983e-13
9.03381e-13
9.02889e-13
9.02398e-13
9.02016e-13
9.01659e-13
9.01394e-13
9.01175e-13
9.01034e-13
9.00959e-13
9.00959e-13
9.01034e-13
9.01174e-13
9.01387e-13
9.01651e-13
9.02006e-13
9.02382e-13
9.02875e-13
9.03367e-13
9.03953e-13
9.04552e-13
9.05231e-13
9.059e-13
9.06601e-13
9.07308e-13
9.07958e-13
9.08563e-13
9.09103e-13
9.09557e-13
9.09945e-13
9.10202e-13
9.1029e-13
9.10089e-13
9.09824e-13
9.09107e-13
9.04813e-13
9.0537e-13
9.05443e-13
9.05486e-13
9.05275e-13
9.0492e-13
9.04476e-13
9.03986e-13
9.03431e-13
9.02823e-13
9.02202e-13
9.01507e-13
9.00818e-13
9.00169e-13
8.99507e-13
8.98924e-13
8.98347e-13
8.97876e-13
8.97391e-13
8.97016e-13
8.96661e-13
8.96398e-13
8.96181e-13
8.96041e-13
8.95966e-13
8.95965e-13
8.9604e-13
8.96179e-13
8.9639e-13
8.96651e-13
8.97003e-13
8.97373e-13
8.97862e-13
8.98335e-13
8.98893e-13
8.99469e-13
9.00125e-13
9.00762e-13
9.01442e-13
9.02131e-13
9.02746e-13
9.03344e-13
9.03891e-13
9.04379e-13
9.04819e-13
9.0517e-13
9.05365e-13
9.05314e-13
9.05236e-13
9.04673e-13
9.00058e-13
9.00451e-13
9.00314e-13
9.00196e-13
8.99876e-13
8.9941e-13
8.98912e-13
8.98389e-13
8.97826e-13
8.9722e-13
8.96631e-13
8.95943e-13
8.95266e-13
8.94639e-13
8.9399e-13
8.93417e-13
8.9285e-13
8.92395e-13
8.91914e-13
8.91547e-13
8.91197e-13
8.90938e-13
8.90723e-13
8.90583e-13
8.90508e-13
8.90508e-13
8.90581e-13
8.90718e-13
8.90927e-13
8.91185e-13
8.91531e-13
8.91894e-13
8.92378e-13
8.92837e-13
8.93384e-13
8.93949e-13
8.94592e-13
8.95208e-13
8.95878e-13
8.96561e-13
8.97141e-13
8.97739e-13
8.98295e-13
8.98816e-13
8.9931e-13
8.99771e-13
9.00078e-13
9.00189e-13
9.00322e-13
8.99925e-13
8.94891e-13
8.95107e-13
8.94736e-13
8.94443e-13
8.94013e-13
8.93583e-13
8.93028e-13
8.92473e-13
8.91904e-13
8.91302e-13
8.90597e-13
8.8992e-13
8.89259e-13
8.88657e-13
8.88024e-13
8.87469e-13
8.86911e-13
8.86481e-13
8.86008e-13
8.85651e-13
8.85306e-13
8.85052e-13
8.8484e-13
8.84701e-13
8.84627e-13
8.84626e-13
8.84699e-13
8.84833e-13
8.85038e-13
8.85293e-13
8.85631e-13
8.85986e-13
8.86461e-13
8.86898e-13
8.87433e-13
8.87981e-13
8.88607e-13
8.89199e-13
8.89854e-13
8.90526e-13
8.91222e-13
8.91817e-13
8.9238e-13
8.92934e-13
8.93484e-13
8.93908e-13
8.94331e-13
8.94618e-13
8.94985e-13
8.94769e-13
8.89382e-13
8.89416e-13
8.88786e-13
8.88307e-13
8.87764e-13
8.87206e-13
8.86581e-13
8.85992e-13
8.85429e-13
8.84846e-13
8.84181e-13
8.8352e-13
8.82879e-13
8.82305e-13
8.81692e-13
8.81156e-13
8.80607e-13
8.80216e-13
8.79755e-13
8.7941e-13
8.79071e-13
8.78822e-13
8.78612e-13
8.78475e-13
8.78402e-13
8.78401e-13
8.78472e-13
8.78603e-13
8.78805e-13
8.79055e-13
8.79385e-13
8.79731e-13
8.80192e-13
8.80591e-13
8.81117e-13
8.81646e-13
8.82253e-13
8.82817e-13
8.83453e-13
8.84111e-13
8.84768e-13
8.85345e-13
8.85903e-13
8.86493e-13
8.87113e-13
8.8766e-13
8.88201e-13
8.88674e-13
8.89301e-13
8.89273e-13
8.83326e-13
8.83167e-13
8.8225e-13
8.81565e-13
8.80908e-13
8.80245e-13
8.79551e-13
8.78925e-13
8.78363e-13
8.7779e-13
8.77158e-13
8.76517e-13
8.759e-13
8.75357e-13
8.74766e-13
8.74253e-13
8.73711e-13
8.73245e-13
8.72803e-13
8.72472e-13
8.72142e-13
8.71901e-13
8.71696e-13
8.71562e-13
8.7149e-13
8.71488e-13
8.71558e-13
8.71685e-13
8.71882e-13
8.72124e-13
8.72443e-13
8.72777e-13
8.73211e-13
8.73673e-13
8.74212e-13
8.74719e-13
8.75304e-13
8.75837e-13
8.76448e-13
8.77089e-13
8.77714e-13
8.78281e-13
8.78839e-13
8.79467e-13
8.80156e-13
8.80811e-13
8.81465e-13
8.82147e-13
8.83061e-13
8.83237e-13
8.76523e-13
8.76144e-13
8.74989e-13
8.7415e-13
8.73251e-13
8.72493e-13
8.71849e-13
8.71182e-13
8.70624e-13
8.70068e-13
8.69467e-13
8.68848e-13
8.68262e-13
8.67752e-13
8.67187e-13
8.66698e-13
8.66166e-13
8.65755e-13
8.65333e-13
8.65014e-13
8.64692e-13
8.64456e-13
8.64256e-13
8.64124e-13
8.64053e-13
8.64051e-13
8.64119e-13
8.64243e-13
8.64436e-13
8.64672e-13
8.64982e-13
8.65305e-13
8.65702e-13
8.66125e-13
8.66654e-13
8.67137e-13
8.67698e-13
8.68198e-13
8.6878e-13
8.69399e-13
8.69994e-13
8.70545e-13
8.71099e-13
8.71769e-13
8.72409e-13
8.73155e-13
8.74058e-13
8.74899e-13
8.76048e-13
8.76469e-13
8.68947e-13
8.68339e-13
8.66864e-13
8.66001e-13
8.64976e-13
8.64121e-13
8.63387e-13
8.62633e-13
8.62063e-13
8.6152e-13
8.60942e-13
8.60338e-13
8.59783e-13
8.59314e-13
8.58776e-13
8.58317e-13
8.57805e-13
8.5747e-13
8.57063e-13
8.56751e-13
8.56437e-13
8.56205e-13
8.56008e-13
8.55879e-13
8.55808e-13
8.55806e-13
8.55873e-13
8.55997e-13
8.56185e-13
8.56414e-13
8.5672e-13
8.57031e-13
8.57367e-13
8.57761e-13
8.58269e-13
8.58723e-13
8.59257e-13
8.59717e-13
8.60266e-13
8.60874e-13
8.61446e-13
8.61988e-13
8.62553e-13
8.63313e-13
8.64043e-13
8.6489e-13
8.65918e-13
8.66786e-13
8.68254e-13
8.68947e-13
8.60792e-13
8.59959e-13
8.58148e-13
8.56953e-13
8.55729e-13
8.54747e-13
8.5394e-13
8.53345e-13
8.52785e-13
8.52265e-13
8.51719e-13
8.51146e-13
8.50627e-13
8.50194e-13
8.49686e-13
8.49253e-13
8.48761e-13
8.48307e-13
8.47886e-13
8.47578e-13
8.47273e-13
8.47044e-13
8.46852e-13
8.46727e-13
8.46657e-13
8.46654e-13
8.46719e-13
8.46844e-13
8.47027e-13
8.47247e-13
8.47552e-13
8.47851e-13
8.48346e-13
8.48718e-13
8.49204e-13
8.49631e-13
8.50137e-13
8.5056e-13
8.51073e-13
8.51653e-13
8.52193e-13
8.52715e-13
8.5327e-13
8.53871e-13
8.54676e-13
8.55656e-13
8.56881e-13
8.58085e-13
8.59886e-13
8.60636e-13
8.51796e-13
8.50609e-13
8.48584e-13
8.47157e-13
8.45783e-13
8.44712e-13
8.43854e-13
8.43198e-13
8.42633e-13
8.42128e-13
8.4162e-13
8.41074e-13
8.40596e-13
8.40214e-13
8.39742e-13
8.39348e-13
8.38882e-13
8.38498e-13
8.38094e-13
8.37795e-13
8.375e-13
8.37277e-13
8.37091e-13
8.36969e-13
8.369e-13
8.36898e-13
8.3696e-13
8.37084e-13
8.37261e-13
8.37473e-13
8.37771e-13
8.38056e-13
8.38491e-13
8.38835e-13
8.39294e-13
8.39684e-13
8.40156e-13
8.40526e-13
8.40997e-13
8.41552e-13
8.4206e-13
8.42566e-13
8.43128e-13
8.43791e-13
8.44649e-13
8.45721e-13
8.47095e-13
8.48539e-13
8.5055e-13
8.51697e-13
8.41933e-13
8.40495e-13
8.38147e-13
8.36485e-13
8.34944e-13
8.33796e-13
8.3289e-13
8.322e-13
8.31647e-13
8.31162e-13
8.30689e-13
8.30181e-13
8.29739e-13
8.29394e-13
8.28954e-13
8.28588e-13
8.28146e-13
8.27804e-13
8.27422e-13
8.27138e-13
8.26853e-13
8.26638e-13
8.26457e-13
8.26339e-13
8.26272e-13
8.26269e-13
8.2633e-13
8.2645e-13
8.26621e-13
8.26824e-13
8.27112e-13
8.27382e-13
8.27776e-13
8.28098e-13
8.28533e-13
8.28895e-13
8.29335e-13
8.2967e-13
8.30104e-13
8.30623e-13
8.31096e-13
8.31582e-13
8.32135e-13
8.32833e-13
8.33739e-13
8.34894e-13
8.36433e-13
8.38122e-13
8.40449e-13
8.4187e-13
8.31173e-13
8.29441e-13
8.26701e-13
8.2476e-13
8.23146e-13
8.21773e-13
8.20819e-13
8.20106e-13
8.19572e-13
8.19119e-13
8.18695e-13
8.18238e-13
8.17846e-13
8.17549e-13
8.17156e-13
8.16831e-13
8.16426e-13
8.16124e-13
8.15773e-13
8.15512e-13
8.15244e-13
8.15043e-13
8.14871e-13
8.14759e-13
8.14695e-13
8.14691e-13
8.14749e-13
8.14862e-13
8.15023e-13
8.15213e-13
8.15481e-13
8.1573e-13
8.16084e-13
8.16376e-13
8.16775e-13
8.17097e-13
8.17492e-13
8.17781e-13
8.18169e-13
8.1863e-13
8.19054e-13
8.1951e-13
8.20048e-13
8.20771e-13
8.21726e-13
8.23102e-13
8.2472e-13
8.26693e-13
8.29416e-13
8.31136e-13
8.19234e-13
8.17197e-13
8.1421e-13
8.12255e-13
8.10212e-13
8.08722e-13
8.07729e-13
8.06996e-13
8.06476e-13
8.06043e-13
8.0566e-13
8.05244e-13
8.04884e-13
8.04622e-13
8.04262e-13
8.0397e-13
8.03596e-13
8.03326e-13
8.02999e-13
8.02757e-13
8.02503e-13
8.02314e-13
8.02149e-13
8.02042e-13
8.0198e-13
8.01976e-13
8.02031e-13
8.02137e-13
8.02291e-13
8.02469e-13
8.02722e-13
8.02952e-13
8.03279e-13
8.03544e-13
8.03914e-13
8.04202e-13
8.04565e-13
8.04827e-13
8.0519e-13
8.05598e-13
8.05978e-13
8.06414e-13
8.06945e-13
8.07687e-13
8.08683e-13
8.10178e-13
8.12225e-13
8.14162e-13
8.17188e-13
8.19222e-13
8.06638e-13
8.04338e-13
8.01075e-13
7.9886e-13
7.96693e-13
7.95128e-13
7.941e-13
7.9335e-13
7.92843e-13
7.92429e-13
7.92082e-13
7.91703e-13
7.91377e-13
7.91148e-13
7.90821e-13
7.90557e-13
7.90209e-13
7.89965e-13
7.89655e-13
7.89431e-13
7.89188e-13
7.89009e-13
7.88851e-13
7.88748e-13
7.88688e-13
7.88683e-13
7.88736e-13
7.88836e-13
7.88984e-13
7.89153e-13
7.89391e-13
7.89607e-13
7.89911e-13
7.90155e-13
7.90501e-13
7.9076e-13
7.91092e-13
7.91324e-13
7.91656e-13
7.92021e-13
7.92365e-13
7.92783e-13
7.93305e-13
7.94065e-13
7.95097e-13
7.96668e-13
7.9884e-13
8.01038e-13
8.04342e-13
8.06645e-13
7.93175e-13
7.90623e-13
7.87083e-13
7.8466e-13
7.82384e-13
7.80751e-13
7.79693e-13
7.78927e-13
7.78433e-13
7.78034e-13
7.77714e-13
7.77369e-13
7.77074e-13
7.76878e-13
7.76579e-13
7.76343e-13
7.76019e-13
7.75799e-13
7.75506e-13
7.75297e-13
7.75065e-13
7.74896e-13
7.74744e-13
7.74645e-13
7.74586e-13
7.74582e-13
7.74632e-13
7.74726e-13
7.74868e-13
7.75028e-13
7.75254e-13
7.75456e-13
7.75741e-13
7.75964e-13
7.76287e-13
7.76519e-13
7.76823e-13
7.77024e-13
7.77322e-13
7.77655e-13
7.77972e-13
7.78374e-13
7.78889e-13
7.79665e-13
7.80726e-13
7.82367e-13
7.84649e-13
7.87065e-13
7.9064e-13
7.932e-13
7.7894e-13
7.76172e-13
7.72379e-13
7.69791e-13
7.67376e-13
7.6562e-13
7.64528e-13
7.63761e-13
7.633e-13
7.62943e-13
7.62675e-13
7.62384e-13
7.62118e-13
7.6195e-13
7.61673e-13
7.61461e-13
7.61158e-13
7.60958e-13
7.60679e-13
7.60483e-13
7.60261e-13
7.60101e-13
7.59954e-13
7.59858e-13
7.59801e-13
7.59796e-13
7.59845e-13
7.59935e-13
7.60071e-13
7.60223e-13
7.60439e-13
7.60629e-13
7.60897e-13
7.61102e-13
7.61405e-13
7.61613e-13
7.61895e-13
7.62068e-13
7.62335e-13
7.6262e-13
7.62885e-13
7.63247e-13
7.63733e-13
7.6451e-13
7.65605e-13
7.67371e-13
7.69789e-13
7.72377e-13
7.76201e-13
7.78978e-13
7.64097e-13
7.60944e-13
7.56843e-13
7.54091e-13
7.51595e-13
7.49796e-13
7.48688e-13
7.47915e-13
7.47467e-13
7.47124e-13
7.46874e-13
7.46611e-13
7.46377e-13
7.46234e-13
7.45985e-13
7.45798e-13
7.4552e-13
7.4534e-13
7.45078e-13
7.44897e-13
7.44687e-13
7.44537e-13
7.44397e-13
7.44305e-13
7.4425e-13
7.44245e-13
7.44291e-13
7.44376e-13
7.44505e-13
7.44648e-13
7.44852e-13
7.45027e-13
7.45278e-13
7.45463e-13
7.45741e-13
7.45926e-13
7.46181e-13
7.46328e-13
7.46562e-13
7.46821e-13
7.4707e-13
7.47417e-13
7.47894e-13
7.48679e-13
7.49787e-13
7.51597e-13
7.54097e-13
7.56857e-13
7.60988e-13
7.64148e-13
7.48522e-13
7.45193e-13
7.41384e-13
7.38583e-13
7.36079e-13
7.34264e-13
7.33148e-13
7.32364e-13
7.31915e-13
7.31567e-13
7.31312e-13
7.31048e-13
7.30822e-13
7.30683e-13
7.30438e-13
7.30259e-13
7.29988e-13
7.29815e-13
7.29559e-13
7.29385e-13
7.29178e-13
7.29032e-13
7.28895e-13
7.28805e-13
7.2875e-13
7.28745e-13
7.2879e-13
7.28873e-13
7.28999e-13
7.29139e-13
7.29339e-13
7.29508e-13
7.29754e-13
7.29932e-13
7.30202e-13
7.3038e-13
7.3063e-13
7.30773e-13
7.30999e-13
7.3126e-13
7.31516e-13
7.31868e-13
7.32348e-13
7.33143e-13
7.34257e-13
7.36084e-13
7.38592e-13
7.41406e-13
7.45244e-13
7.48589e-13
7.33291e-13
7.29971e-13
7.26159e-13
7.23399e-13
7.20956e-13
7.19163e-13
7.18053e-13
7.17263e-13
7.168e-13
7.16428e-13
7.16146e-13
7.15856e-13
7.15614e-13
7.15457e-13
7.15199e-13
7.15012e-13
7.14735e-13
7.14559e-13
7.14301e-13
7.14124e-13
7.13917e-13
7.1377e-13
7.13633e-13
7.13543e-13
7.13489e-13
7.13484e-13
7.13528e-13
7.13611e-13
7.13738e-13
7.13878e-13
7.14079e-13
7.14251e-13
7.14499e-13
7.1468e-13
7.14955e-13
7.15142e-13
7.15404e-13
7.15564e-13
7.15806e-13
7.16095e-13
7.16379e-13
7.16753e-13
7.17249e-13
7.18048e-13
7.19156e-13
7.2096e-13
7.23408e-13
7.26183e-13
7.30023e-13
7.33362e-13
7.18645e-13
7.15484e-13
7.11871e-13
7.09282e-13
7.07002e-13
7.0529e-13
7.04199e-13
7.03373e-13
7.02869e-13
7.02434e-13
7.02097e-13
7.01752e-13
7.01482e-13
7.01279e-13
7.00993e-13
7.00773e-13
7.0047e-13
7.00274e-13
7.00001e-13
6.99812e-13
6.99595e-13
6.99442e-13
6.99301e-13
6.99208e-13
6.99153e-13
6.99148e-13
6.99194e-13
6.9928e-13
6.99412e-13
6.99559e-13
6.99769e-13
6.99953e-13
7.00217e-13
7.00417e-13
7.00718e-13
7.00937e-13
7.01224e-13
7.0143e-13
7.01699e-13
7.02046e-13
7.0239e-13
7.02815e-13
7.03359e-13
7.04192e-13
7.05278e-13
7.06999e-13
7.09286e-13
7.11889e-13
7.1553e-13
7.18714e-13
7.05472e-13
7.02705e-13
6.99448e-13
6.97144e-13
6.95137e-13
6.93574e-13
6.9252e-13
6.91689e-13
6.91113e-13
6.90578e-13
6.90126e-13
6.89655e-13
6.89285e-13
6.8898e-13
6.88617e-13
6.88328e-13
6.8797e-13
6.8773e-13
6.87423e-13
6.87207e-13
6.86968e-13
6.86799e-13
6.86648e-13
6.86548e-13
6.8649e-13
6.86486e-13
6.86536e-13
6.86629e-13
6.86771e-13
6.86935e-13
6.87167e-13
6.87379e-13
6.87678e-13
6.8792e-13
6.88276e-13
6.88564e-13
6.88925e-13
6.89232e-13
6.89599e-13
6.90073e-13
6.90532e-13
6.91051e-13
6.91664e-13
6.925e-13
6.93551e-13
6.95121e-13
6.97134e-13
6.99454e-13
7.02734e-13
7.05529e-13
6.94919e-13
6.92891e-13
6.90565e-13
6.88916e-13
6.87462e-13
6.86381e-13
6.85409e-13
6.84583e-13
6.83885e-13
6.83188e-13
6.82544e-13
6.81862e-13
6.81311e-13
6.8083e-13
6.8033e-13
6.79914e-13
6.79458e-13
6.79136e-13
6.78763e-13
6.78493e-13
6.78214e-13
6.78015e-13
6.77846e-13
6.77732e-13
6.77669e-13
6.77666e-13
6.77722e-13
6.77831e-13
6.77993e-13
6.78188e-13
6.7846e-13
6.78725e-13
6.79091e-13
6.79415e-13
6.79867e-13
6.80282e-13
6.80776e-13
6.81256e-13
6.81801e-13
6.82487e-13
6.83135e-13
6.83808e-13
6.84535e-13
6.85364e-13
6.86339e-13
6.87417e-13
6.88879e-13
6.9054e-13
6.92889e-13
6.94951e-13
6.89325e-13
6.88712e-13
6.88027e-13
6.87438e-13
6.86856e-13
6.86248e-13
6.85398e-13
6.84587e-13
6.83681e-13
6.82729e-13
6.81767e-13
6.80735e-13
6.79885e-13
6.79111e-13
6.78383e-13
6.77754e-13
6.77132e-13
6.76669e-13
6.76183e-13
6.75823e-13
6.75476e-13
6.75224e-13
6.75022e-13
6.74885e-13
6.74813e-13
6.74812e-13
6.7488e-13
6.75015e-13
6.75212e-13
6.75461e-13
6.758e-13
6.76156e-13
6.76636e-13
6.77099e-13
6.77715e-13
6.78341e-13
6.79058e-13
6.79827e-13
6.80665e-13
6.81701e-13
6.82662e-13
6.8358e-13
6.84499e-13
6.85313e-13
6.86174e-13
6.86765e-13
6.87355e-13
6.87949e-13
6.88656e-13
6.89304e-13
6.91978e-13
6.93678e-13
6.95416e-13
6.96517e-13
6.97312e-13
6.97444e-13
6.96779e-13
6.95989e-13
6.94767e-13
6.93428e-13
6.91965e-13
6.90391e-13
6.89073e-13
6.87841e-13
6.86751e-13
6.85787e-13
6.84902e-13
6.84214e-13
6.83549e-13
6.83045e-13
6.82589e-13
6.82253e-13
6.82e-13
6.81825e-13
6.8174e-13
6.81741e-13
6.81828e-13
6.82005e-13
6.82257e-13
6.82593e-13
6.8304e-13
6.83541e-13
6.84197e-13
6.84885e-13
6.8576e-13
6.86719e-13
6.8779e-13
6.89009e-13
6.90309e-13
6.91885e-13
6.93334e-13
6.94632e-13
6.9585e-13
6.96637e-13
6.97322e-13
6.97145e-13
6.9636e-13
6.95252e-13
6.93542e-13
6.9187e-13
7.07727e-13
7.13293e-13
7.18899e-13
7.22701e-13
7.25694e-13
7.26994e-13
7.26608e-13
7.25846e-13
7.24129e-13
7.22167e-13
7.19914e-13
7.17483e-13
7.15416e-13
7.13452e-13
7.11782e-13
7.10282e-13
7.08977e-13
7.07926e-13
7.06973e-13
7.06238e-13
7.05607e-13
7.05136e-13
7.04799e-13
7.04564e-13
7.04458e-13
7.04463e-13
7.0458e-13
7.04825e-13
7.05164e-13
7.05639e-13
7.06261e-13
7.06994e-13
7.07936e-13
7.08985e-13
7.10274e-13
7.11766e-13
7.13404e-13
7.15344e-13
7.17381e-13
7.1981e-13
7.22031e-13
7.23937e-13
7.25633e-13
7.26377e-13
7.26804e-13
7.25408e-13
7.22427e-13
7.18596e-13
7.13028e-13
7.07481e-13
7.43706e-13
7.55215e-13
7.66594e-13
7.744e-13
7.8068e-13
7.83703e-13
7.83709e-13
7.82997e-13
7.80536e-13
7.7766e-13
7.74229e-13
7.70542e-13
7.67374e-13
7.6431e-13
7.61781e-13
7.59485e-13
7.57555e-13
7.55964e-13
7.54588e-13
7.53505e-13
7.52614e-13
7.51942e-13
7.5148e-13
7.51156e-13
7.51017e-13
7.51029e-13
7.5119e-13
7.51536e-13
7.52005e-13
7.52688e-13
7.53571e-13
7.54652e-13
7.56013e-13
7.57602e-13
7.59507e-13
7.61789e-13
7.64264e-13
7.67289e-13
7.70414e-13
7.74085e-13
7.77466e-13
7.80255e-13
7.82675e-13
7.83348e-13
7.83429e-13
7.80216e-13
7.73953e-13
7.66084e-13
7.54748e-13
7.43277e-13
8.11221e-13
8.31805e-13
8.51967e-13
8.65776e-13
8.77292e-13
8.83471e-13
8.8412e-13
8.83492e-13
8.79831e-13
8.75524e-13
8.70243e-13
8.64573e-13
8.59628e-13
8.54817e-13
8.50915e-13
8.4735e-13
8.44422e-13
8.41957e-13
8.39905e-13
8.3826e-13
8.3696e-13
8.35986e-13
8.35337e-13
8.34878e-13
8.34691e-13
8.34713e-13
8.34941e-13
8.35439e-13
8.36102e-13
8.37097e-13
8.38394e-13
8.4004e-13
8.42069e-13
8.4453e-13
8.47418e-13
8.50961e-13
8.54776e-13
8.59528e-13
8.64404e-13
8.70029e-13
8.75224e-13
8.79425e-13
8.83e-13
8.83555e-13
8.8307e-13
8.76519e-13
8.65069e-13
8.51144e-13
8.3104e-13
8.10526e-13
9.26823e-13
9.61133e-13
9.94447e-13
1.01705e-12
1.03608e-12
1.04617e-12
1.04766e-12
1.04716e-12
1.04178e-12
1.03544e-12
1.02759e-12
1.01912e-12
1.01169e-12
1.0044e-12
9.9858e-13
9.93251e-13
9.88934e-13
9.8524e-13
9.82253e-13
9.7982e-13
9.77937e-13
9.76515e-13
9.75593e-13
9.74935e-13
9.74677e-13
9.74714e-13
9.75039e-13
9.75763e-13
9.76711e-13
9.78167e-13
9.80049e-13
9.82486e-13
9.85439e-13
9.89126e-13
9.93385e-13
9.98682e-13
1.00436e-12
1.01157e-12
1.0189e-12
1.02727e-12
1.035e-12
1.04119e-12
1.04642e-12
1.0468e-12
1.04566e-12
1.0349e-12
1.01596e-12
9.93157e-13
9.59918e-13
9.25766e-13
1.11495e-12
1.16953e-12
1.22231e-12
1.2577e-12
1.28782e-12
1.30363e-12
1.30632e-12
1.30604e-12
1.29812e-12
1.28883e-12
1.27724e-12
1.26468e-12
1.25367e-12
1.24272e-12
1.23411e-12
1.2262e-12
1.21988e-12
1.21438e-12
1.21004e-12
1.20645e-12
1.20372e-12
1.20165e-12
1.20033e-12
1.19938e-12
1.19903e-12
1.19908e-12
1.19955e-12
1.2006e-12
1.20196e-12
1.20409e-12
1.20682e-12
1.21042e-12
1.21471e-12
1.22019e-12
1.22643e-12
1.23429e-12
1.24269e-12
1.25351e-12
1.26441e-12
1.27675e-12
1.28818e-12
1.29726e-12
1.30494e-12
1.30504e-12
1.30302e-12
1.28604e-12
1.25605e-12
1.22033e-12
1.16767e-12
1.11339e-12
1.41324e-12
1.49517e-12
1.57616e-12
1.62991e-12
1.67608e-12
1.70012e-12
1.70454e-12
1.7046e-12
1.69298e-12
1.67949e-12
1.66256e-12
1.64415e-12
1.628e-12
1.61176e-12
1.59917e-12
1.58755e-12
1.57838e-12
1.57029e-12
1.56402e-12
1.55877e-12
1.55484e-12
1.55183e-12
1.54995e-12
1.54858e-12
1.54808e-12
1.54817e-12
1.54884e-12
1.55036e-12
1.55231e-12
1.55541e-12
1.55933e-12
1.56461e-12
1.5708e-12
1.57888e-12
1.58792e-12
1.59947e-12
1.61175e-12
1.6278e-12
1.64382e-12
1.66181e-12
1.67854e-12
1.69174e-12
1.70298e-12
1.70265e-12
1.69947e-12
1.67339e-12
1.62745e-12
1.5732e-12
1.49235e-12
1.41093e-12
1.86701e-12
1.99244e-12
2.1133e-12
2.19316e-12
2.26187e-12
2.29989e-12
2.30917e-12
2.31123e-12
2.29511e-12
2.27597e-12
2.25149e-12
2.22455e-12
2.20108e-12
2.17701e-12
2.15845e-12
2.14133e-12
2.12788e-12
2.11602e-12
2.10685e-12
2.09918e-12
2.09354e-12
2.08915e-12
2.08647e-12
2.08449e-12
2.0838e-12
2.08394e-12
2.08489e-12
2.08711e-12
2.08991e-12
2.09443e-12
2.10007e-12
2.10777e-12
2.11685e-12
2.12867e-12
2.14195e-12
2.15896e-12
2.17706e-12
2.20083e-12
2.22409e-12
2.25054e-12
2.27466e-12
2.29325e-12
2.30884e-12
2.30633e-12
2.29921e-12
2.25788e-12
2.18948e-12
2.10895e-12
1.98833e-12
1.86372e-12
2.54849e-12
2.73683e-12
2.91316e-12
3.02961e-12
3.1293e-12
3.18427e-12
3.19736e-12
3.20052e-12
3.17714e-12
3.14992e-12
3.1151e-12
)
;

boundaryField
{
    fuel
    {
        type            fixedValue;
        value           nonuniform 0();
    }
    wall
    {
        type            zeroGradient;
    }
    outlet
    {
        type            zeroGradient;
    }
    frontAndBack
    {
        type            empty;
    }
    procBoundary2to0
    {
        type            processor;
        value           nonuniform List<scalar> 
53
(
9.56473e-13
9.58205e-13
9.5948e-13
9.60547e-13
9.61086e-13
9.61342e-13
9.61294e-13
9.61093e-13
9.60715e-13
9.60223e-13
9.59655e-13
9.5904e-13
9.58386e-13
9.57777e-13
9.57093e-13
9.56536e-13
9.55954e-13
9.55478e-13
9.49398e-13
9.49398e-13
9.49023e-13
9.48686e-13
9.4843e-13
9.48224e-13
9.48093e-13
9.48023e-13
9.48024e-13
9.48095e-13
9.48229e-13
9.4311e-13
9.4311e-13
9.43369e-13
9.43708e-13
9.44086e-13
9.44556e-13
9.45048e-13
9.4563e-13
9.46204e-13
9.46893e-13
9.47522e-13
9.48179e-13
9.48827e-13
9.44467e-13
9.44467e-13
9.45003e-13
9.45416e-13
9.4567e-13
9.4577e-13
9.4559e-13
9.45146e-13
9.44221e-13
9.43084e-13
9.41554e-13
)
;
    }
    procBoundary2to3
    {
        type            processor;
        value           nonuniform List<scalar> 
51
(
3.07666e-12
3.04336e-12
3.00865e-12
2.98229e-12
2.95791e-12
2.93893e-12
2.92197e-12
2.90904e-12
2.89812e-12
2.89019e-12
2.88394e-12
2.8802e-12
2.87738e-12
2.87643e-12
2.87663e-12
2.87796e-12
2.88113e-12
2.88508e-12
2.89149e-12
2.89942e-12
2.91039e-12
2.92318e-12
2.94009e-12
2.95882e-12
2.98306e-12
3.00876e-12
3.04306e-12
3.07623e-12
3.11352e-12
3.14796e-12
3.17447e-12
3.19709e-12
3.19327e-12
3.1839e-12
3.12365e-12
3.0239e-12
2.90693e-12
2.73116e-12
2.54391e-12
3.55548e-12
3.82996e-12
4.08378e-12
4.25074e-12
4.3922e-12
4.47068e-12
4.48914e-12
4.49406e-12
4.46071e-12
4.42255e-12
3.07666e-12
4.37366e-12
)
;
    }
}


// ************************************************************************* //
